time,Qrouted
1980-01-01,40.757018978026665
1980-01-02,59.95807657150426
1980-01-03,67.05131710876701
1980-01-04,51.208648063830346
1980-01-05,52.82283430866611
1980-01-06,67.68859764366039
1980-01-07,57.87470659044305
1980-01-08,60.10095837775351
1980-01-09,63.89036727532196
1980-01-10,48.7581785336207
1980-01-11,39.626336860216874
1980-01-12,37.431465515370185
1980-01-13,41.6012065693292
1980-01-14,42.815962897506665
1980-01-15,42.03026503892786
1980-01-16,34.984155912597586
1980-01-17,35.34462698443153
1980-01-18,52.01660699169414
1980-01-19,63.908945921591574
1980-01-20,50.43123972945799
1980-01-21,46.070856530421175
1980-01-22,40.56126486361587
1980-01-23,34.07211281166899
1980-01-24,30.009868907237475
1980-01-25,29.404376069523877
1980-01-26,30.225511892206086
1980-01-27,33.29648672278912
1980-01-28,43.74928813102192
1980-01-29,53.402213917509556
1980-01-30,42.144725135806176
1980-01-31,37.82947294806355
1980-02-01,37.38213498036203
1980-02-02,31.972467814394662
1980-02-03,30.000775438085256
1980-02-04,31.187597117117672
1980-02-05,29.01926531251534
1980-02-06,29.0088016297814
1980-02-07,29.905586563537174
1980-02-08,30.28698139535786
1980-02-09,33.91921516482726
1980-02-10,30.829979639920186
1980-02-11,26.70345386967421
1980-02-12,24.590224946174445
1980-02-13,24.500760019221982
1980-02-14,22.909276522301244
1980-02-15,21.380062910800536
1980-02-16,20.57273910855077
1980-02-17,19.067534154706937
1980-02-18,17.68503413238407
1980-02-19,16.593941960270943
1980-02-20,15.775987067906419
1980-02-21,15.163171337248109
1980-02-22,14.62599523201591
1980-02-23,14.123187896588279
1980-02-24,13.697377129883144
1980-02-25,14.635270205073178
1980-02-26,19.51811274332212
1980-02-27,22.766091777362785
1980-02-28,25.946856011615267
1980-02-29,29.06854240265453
1980-03-01,26.527712029756714
1980-03-02,23.305336122982713
1980-03-03,20.81625655344281
1980-03-04,18.96459877988781
1980-03-05,17.56773146318282
1980-03-06,16.769318108479606
1980-03-07,20.404190482844157
1980-03-08,45.69348260828102
1980-03-09,63.48423510439364
1980-03-10,61.400451062543084
1980-03-11,67.89023326604998
1980-03-12,49.44104345979401
1980-03-13,42.074398120356555
1980-03-14,40.428922512431846
1980-03-15,35.72484939535827
1980-03-16,31.19973195175467
1980-03-17,28.35875849883584
1980-03-18,24.77018317499837
1980-03-19,21.988998895512548
1980-03-20,19.857566100590187
1980-03-21,18.206973576002735
1980-03-22,17.93009037578121
1980-03-23,22.838203333510858
1980-03-24,27.827720084042912
1980-03-25,24.480741936685604
1980-03-26,21.80223336465159
1980-03-27,19.76156129922961
1980-03-28,19.931491355712126
1980-03-29,21.795597681810776
1980-03-30,21.082327261190212
1980-03-31,24.051402184790252
1980-04-01,34.70296166553573
1980-04-02,38.17877124483144
1980-04-03,32.63247822822083
1980-04-04,27.839414900275255
1980-04-05,24.222994948328353
1980-04-06,21.619773962562082
1980-04-07,19.71858723517499
1980-04-08,18.060458220631002
1980-04-09,16.719982129711823
1980-04-10,15.662558151497109
1980-04-11,14.819408367662666
1980-04-12,14.139632858382209
1980-04-13,13.585269309801667
1980-04-14,13.127798542285428
1980-04-15,12.745649440351357
1980-04-16,13.107291035209789
1980-04-17,13.867486718498428
1980-04-18,13.35283198593396
1980-04-19,12.86753372198046
1980-04-20,13.029328551864602
1980-04-21,13.3803826877599
1980-04-22,12.890250860009791
1980-04-23,12.440611328895676
1980-04-24,12.066010108345795
1980-04-25,11.750055504089966
1980-04-26,11.480200398215166
1980-04-27,11.246785567380563
1980-04-28,11.042334801699061
1980-04-29,10.861031932446878
1980-04-30,11.19402807851497
1980-05-01,13.485705867405377
1980-05-02,15.49567633530671
1980-05-03,14.916989659228484
1980-05-04,15.058225625382141
1980-05-05,14.013799710044289
1980-05-06,13.15743703603446
1980-05-07,12.471351848717655
1980-05-08,12.292646705628698
1980-05-09,12.491184053611294
1980-05-10,11.951425717662778
1980-05-11,11.467229732876449
1980-05-12,11.118124884584383
1980-05-13,10.819785489309218
1980-05-14,10.66137089609549
1980-05-15,11.371578346227851
1980-05-16,12.168149521880215
1980-05-17,12.22148665090437
1980-05-18,12.845878429693755
1980-05-19,12.280220857532917
1980-05-20,11.914476817080333
1980-05-21,11.45193179782661
1980-05-22,11.172251663995837
1980-05-23,10.719491243478268
1980-05-24,10.339286998902551
1980-05-25,10.022610804406971
1980-05-26,9.861990646227007
1980-05-27,9.843079876314857
1980-05-28,9.607755160305992
1980-05-29,9.386070803307213
1980-05-30,9.194448470237456
1980-05-31,9.040686660116304
1980-06-01,8.902938998208976
1980-06-02,8.765462764240228
1980-06-03,8.64136101242205
1980-06-04,8.52812457560302
1980-06-05,9.533869319162662
1980-06-06,11.809244262585779
1980-06-07,11.485945005213814
1980-06-08,11.989349135674004
1980-06-09,13.399837665893422
1980-06-10,14.331622610989271
1980-06-11,14.898893589842698
1980-06-12,14.172384182223857
1980-06-13,12.88443401284289
1980-06-14,11.850218739374265
1980-06-15,11.203774378775238
1980-06-16,11.302399972334442
1980-06-17,11.846897901252925
1980-06-18,13.256403225801742
1980-06-19,14.79758786842197
1980-06-20,13.49759065984666
1980-06-21,12.296295515172284
1980-06-22,11.34617340802724
1980-06-23,10.593289420715665
1980-06-24,10.514788965237578
1980-06-25,12.059836042147545
1980-06-26,12.73755137716491
1980-06-27,11.690149133021558
1980-06-28,10.833774434725148
1980-06-29,10.152671995099775
1980-06-30,9.605791974602393
1980-07-01,9.162354175052615
1980-07-02,9.156335265582683
1980-07-03,11.02352894351182
1980-07-04,12.66685290351168
1980-07-05,11.568386970898388
1980-07-06,10.742909886574305
1980-07-07,10.780360278168004
1980-07-08,11.600791799534397
1980-07-09,11.508664955521951
1980-07-10,10.878153421660782
1980-07-11,10.560488508169614
1980-07-12,9.990110936907499
1980-07-13,9.40617431865786
1980-07-14,9.11164686973679
1980-07-15,9.329552114832827
1980-07-16,9.100460080319614
1980-07-17,8.816710018080741
1980-07-18,8.70985259041739
1980-07-19,8.356921219769847
1980-07-20,9.217346805313705
1980-07-21,11.211771029687362
1980-07-22,10.641415546850855
1980-07-23,9.97515279379688
1980-07-24,9.320175224224625
1980-07-25,8.791690352745574
1980-07-26,8.585545231323776
1980-07-27,8.702153006289265
1980-07-28,10.564838231965146
1980-07-29,13.856755619936626
1980-07-30,12.585706479339018
1980-07-31,11.660406070417375
1980-08-01,11.82925038485997
1980-08-02,12.245723526506056
1980-08-03,11.115092509820819
1980-08-04,10.172698803031198
1980-08-05,9.428299258119637
1980-08-06,8.835002409404114
1980-08-07,8.35777600206182
1980-08-08,7.970260372582724
1980-08-09,8.446725369424284
1980-08-10,14.995428701739334
1980-08-11,24.732698526056755
1980-08-12,23.58062449201266
1980-08-13,19.941880198083606
1980-08-14,17.003428578896848
1980-08-15,14.711661303002364
1980-08-16,12.957501011255436
1980-08-17,11.602614306616916
1980-08-18,10.546746203072212
1980-08-19,9.716559871418621
1980-08-20,9.057944550263404
1980-08-21,8.658168466168114
1980-08-22,8.483527125445596
1980-08-23,8.084855686742353
1980-08-24,7.739453722923401
1980-08-25,7.456024265802544
1980-08-26,7.24193831098182
1980-08-27,7.086287603056248
1980-08-28,6.905261461171585
1980-08-29,6.75148819815439
1980-08-30,6.615930070342564
1980-08-31,6.492567925312874
1980-09-01,6.383704205255338
1980-09-02,6.286549850872369
1980-09-03,6.198898839735096
1980-09-04,6.118999200630788
1980-09-05,6.045454149834914
1980-09-06,5.977145938523083
1980-09-07,6.754567800527695
1980-09-08,8.347375271553219
1980-09-09,7.824586675467316
1980-09-10,7.400097742901791
1980-09-11,7.054968614262548
1980-09-12,6.771697115451009
1980-09-13,6.536901108073272
1980-09-14,6.340290040318301
1980-09-15,6.174537946475078
1980-09-16,6.077399147231062
1980-09-17,5.999935456682732
1980-09-18,5.88094807579607
1980-09-19,6.294782758608309
1980-09-20,7.392544985365802
1980-09-21,7.307035267914698
1980-09-22,7.2176997129237135
1980-09-23,6.875357044191443
1980-09-24,6.55841726112097
1980-09-25,6.29771593194767
1980-09-26,6.081380266493416
1980-09-27,5.900046037756216
1980-09-28,5.746460774803221
1980-09-29,5.6149793558808065
1980-09-30,5.501186889005344
1980-10-01,5.40161503399288
1980-10-02,5.313527376166911
1980-10-03,5.234756150154364
1980-10-04,5.1782619657660405
1980-10-05,5.179885676439084
1980-10-06,6.577232066213781
1980-10-07,9.521878318196737
1980-10-08,9.385032674993479
1980-10-09,8.822236192368797
1980-10-10,8.675832789252503
1980-10-11,7.913816309012504
1980-10-12,7.302145025515569
1980-10-13,8.094935550327556
1980-10-14,12.767234866630796
1980-10-15,20.180321216010153
1980-10-16,24.4872440717515
1980-10-17,23.176395713872093
1980-10-18,23.020488296605695
1980-10-19,22.040035157516503
1980-10-20,20.961972896956784
1980-10-21,20.79541056392918
1980-10-22,17.384368361837783
1980-10-23,14.735314468863264
1980-10-24,12.718099362388452
1980-10-25,11.168532815499807
1980-10-26,9.968037214369177
1980-10-27,9.605139134940854
1980-10-28,9.92884035135112
1980-10-29,9.032611826709745
1980-10-30,9.97845427259611
1980-10-31,13.851674633201279
1980-11-01,16.30078496210815
1980-11-02,16.539067917958
1980-11-03,14.813444425658824
1980-11-04,13.548971275639454
1980-11-05,13.148500267014725
1980-11-06,11.543430614419462
1980-11-07,12.276510936383074
1980-11-08,15.033525857448632
1980-11-09,13.966969671112958
1980-11-10,13.722387160399173
1980-11-11,14.782921873539172
1980-11-12,12.94152444893144
1980-11-13,11.380325121725534
1980-11-14,10.171683307334392
1980-11-15,9.22762701430662
1980-11-16,8.48394218553908
1980-11-17,7.893065066507046
1980-11-18,7.41949081687302
1980-11-19,7.036523649121076
1980-11-20,6.724111594162568
1980-11-21,6.5425418777436155
1980-11-22,6.628975382153935
1980-11-23,7.236210124684881
1980-11-24,8.408757715012316
1980-11-25,9.185155673677025
1980-11-26,10.591765244383895
1980-11-27,11.605544992104504
1980-11-28,11.642246183033855
1980-11-29,11.497736125309638
1980-11-30,11.4544344510696
1980-12-01,12.892304505094437
1980-12-02,16.02521072184759
1980-12-03,18.62679308281817
1980-12-04,17.057555702599966
1980-12-05,18.542094387420907
1980-12-06,18.639695026874065
1980-12-07,15.993631625517317
1980-12-08,14.125507345164579
1980-12-09,13.575792963022607
1980-12-10,16.183282973655768
1980-12-11,25.185572111323975
1980-12-12,36.505884178406355
1980-12-13,32.535454092302714
1980-12-14,28.908664830800674
1980-12-15,40.22191919997626
1980-12-16,55.80118722447434
1980-12-17,42.260493309398086
1980-12-18,33.28592147940412
1980-12-19,26.937595798021146
1980-12-20,22.23756314539088
1980-12-21,18.721553900365315
1980-12-22,16.065324779974613
1980-12-23,14.039669688139385
1980-12-24,14.109947272375576
1980-12-25,15.532568048202927
1980-12-26,20.086541176709265
1980-12-27,31.619442527312746
1980-12-28,38.459529576898184
1980-12-29,46.120903794075325
1980-12-30,39.93673468077275
1980-12-31,32.184421560808595
1981-01-01,26.30589246362933
1981-01-02,21.941025716813076
1981-01-03,18.66634648577244
1981-01-04,16.185217815749255
1981-01-05,14.287399407251653
1981-01-06,12.822246947182007
1981-01-07,11.7193796119
1981-01-08,22.164052743295503
1981-01-09,40.68063900516099
1981-01-10,37.60987794676167
1981-01-11,40.391527761870606
1981-01-12,67.50047757606245
1981-01-13,97.54833551959871
1981-01-14,85.10289470169026
1981-01-15,56.38032781398059
1981-01-16,41.82620609248308
1981-01-17,41.82563601766914
1981-01-18,46.94854493360296
1981-01-19,40.51777995405627
1981-01-20,33.33067703012374
1981-01-21,27.624557459998645
1981-01-22,27.98116670855215
1981-01-23,32.22698296263094
1981-01-24,29.923289043013014
1981-01-25,25.12335707131577
1981-01-26,21.529542860121893
1981-01-27,19.583697681502024
1981-01-28,18.676389724480394
1981-01-29,16.694550673595717
1981-01-30,15.097456407186685
1981-01-31,13.852542798874998
1981-02-01,12.87266159695048
1981-02-02,12.093717599445332
1981-02-03,11.468218231576403
1981-02-04,10.960755833259107
1981-02-05,10.544306314445434
1981-02-06,11.358393738163075
1981-02-07,13.920310850318321
1981-02-08,14.52170295187743
1981-02-09,13.895077879440057
1981-02-10,12.871807598419347
1981-02-11,12.006585785718793
1981-02-12,11.316322175263338
1981-02-13,10.759989552471938
1981-02-14,10.882720390573438
1981-02-15,11.265484706862694
1981-02-16,11.551555506562869
1981-02-17,11.405105277284832
1981-02-18,10.801847544120564
1981-02-19,10.295469498672574
1981-02-20,12.515379804526772
1981-02-21,24.061530160565848
1981-02-22,36.35124639902936
1981-02-23,39.54938130913495
1981-02-24,45.66903744648618
1981-02-25,49.68825561138806
1981-02-26,47.746406622916844
1981-02-27,37.86244498999303
1981-02-28,30.941147305244797
1981-03-01,32.05791563830464
1981-03-02,43.17013332827036
1981-03-03,47.719198161390125
1981-03-04,43.73342986343395
1981-03-05,36.777384441889495
1981-03-06,30.280615689422913
1981-03-07,29.0579940581223
1981-03-08,34.55551569063234
1981-03-09,33.373136953560305
1981-03-10,27.990037052809324
1981-03-11,23.827318719808954
1981-03-12,20.68075586261508
1981-03-13,18.26745106582621
1981-03-14,16.413957401242115
1981-03-15,14.97638176035469
1981-03-16,13.88359222441497
1981-03-17,13.00807483035309
1981-03-18,12.615698053461786
1981-03-19,12.789622050836066
1981-03-20,12.583153945803645
1981-03-21,11.991357355566238
1981-03-22,11.438537111182669
1981-03-23,10.986654656563971
1981-03-24,10.613098884748512
1981-03-25,10.300681209753623
1981-03-26,10.036255415442277
1981-03-27,9.809709160320216
1981-03-28,9.613221584035879
1981-03-29,9.440712977572362
1981-03-30,9.287434133722085
1981-03-31,9.149658011540147
1981-04-01,9.02444685396564
1981-04-02,8.909475308068318
1981-04-03,8.802895365410796
1981-04-04,10.272786567332103
1981-04-05,13.10708096747985
1981-04-06,12.20684106071685
1981-04-07,11.411629764141189
1981-04-08,10.775480228727545
1981-04-09,10.297562330239494
1981-04-10,9.982478955205961
1981-04-11,9.65882069192248
1981-04-12,9.338960595199536
1981-04-13,9.07007683383974
1981-04-14,8.841916602145181
1981-04-15,8.71052325215805
1981-04-16,8.602725238109398
1981-04-17,8.433952691864596
1981-04-18,8.282235428655445
1981-04-19,8.147551529308279
1981-04-20,8.02661902861917
1981-04-21,7.916850269276435
1981-04-22,7.842776702428709
1981-04-23,7.765611589705039
1981-04-24,7.757717583636091
1981-04-25,7.81772107765039
1981-04-26,7.72540636724024
1981-04-27,9.167838935142772
1981-04-28,12.565081794369938
1981-04-29,12.235067798381635
1981-04-30,11.311857224874267
1981-05-01,10.659565157500412
1981-05-02,10.731282502132585
1981-05-03,11.800309983360501
1981-05-04,12.567049333434921
1981-05-05,13.262649433709056
1981-05-06,13.093485378178686
1981-05-07,11.853776854686588
1981-05-08,10.914904242675311
1981-05-09,10.178553297489852
1981-05-10,9.533226211399763
1981-05-11,9.323884048644283
1981-05-12,9.633398503972472
1981-05-13,9.40768952594965
1981-05-14,8.986632534980046
1981-05-15,8.68184512867886
1981-05-16,8.5157614915106
1981-05-17,9.917818487035825
1981-05-18,16.691733813834045
1981-05-19,21.959608957687404
1981-05-20,18.67562486697888
1981-05-21,16.060265748977066
1981-05-22,14.064190114561931
1981-05-23,12.526873801866124
1981-05-24,11.332275846398604
1981-05-25,10.395722770696356
1981-05-26,10.92218774925439
1981-05-27,12.939046562149981
1981-05-28,13.416239770435732
1981-05-29,14.228667835087363
1981-05-30,12.939460258777528
1981-05-31,11.645553119972083
1981-06-01,10.624735810088497
1981-06-02,9.820053629236963
1981-06-03,10.176627544858611
1981-06-04,11.902422497005299
1981-06-05,11.289266825089795
1981-06-06,10.344247671114626
1981-06-07,10.549767939503079
1981-06-08,11.492197364299066
1981-06-09,10.535451838386063
1981-06-10,9.718497756284512
1981-06-11,9.069486668532393
1981-06-12,8.549173878272294
1981-06-13,8.128107287513792
1981-06-14,7.784032087224098
1981-06-15,7.500023559646475
1981-06-16,7.263132503071965
1981-06-17,7.547103620456166
1981-06-18,8.383269763736903
1981-06-19,8.104223608838783
1981-06-20,7.729789800442191
1981-06-21,7.416402478902467
1981-06-22,7.156860399445081
1981-06-23,6.939654479764129
1981-06-24,6.8995591592852294
1981-06-25,7.026683056620474
1981-06-26,6.830693198528382
1981-06-27,6.64690817919773
1981-06-28,6.784240886864326
1981-06-29,7.423888732986188
1981-06-30,7.332539159218807
1981-07-01,7.037919023040615
1981-07-02,6.982157918416296
1981-07-03,7.038899655504082
1981-07-04,6.793517025945113
1981-07-05,6.568598665377201
1981-07-06,6.37958624760238
1981-07-07,6.219025571034005
1981-07-08,6.085950661470963
1981-07-09,5.982922042896131
1981-07-10,5.881400467077273
1981-07-11,5.783655306832817
1981-07-12,5.696303674704736
1981-07-13,5.61740379121967
1981-07-14,5.563389682362005
1981-07-15,5.838278178133289
1981-07-16,6.328377854194971
1981-07-17,6.1148792416627265
1981-07-18,7.069223523093593
1981-07-19,8.75010187968938
1981-07-20,8.026623438100644
1981-07-21,7.45641199791961
1981-07-22,6.99956256478314
1981-07-23,6.630343760877909
1981-07-24,6.329253462773411
1981-07-25,6.081418906206665
1981-07-26,5.87543139952441
1981-07-27,5.702491176385197
1981-07-28,5.555775378608907
1981-07-29,5.429967810418577
1981-07-30,5.32090683426257
1981-07-31,5.503054844249779
1981-08-01,5.808235914118057
1981-08-02,5.6255539976299245
1981-08-03,5.460298021799464
1981-08-04,5.584549762783525
1981-08-05,5.9087030467628905
1981-08-06,5.6765545814459815
1981-08-07,5.483298809561439
1981-08-08,5.321129506302517
1981-08-09,5.1836347740299695
1981-08-10,5.065816920818286
1981-08-11,4.963762351109845
1981-08-12,4.8880899943531455
1981-08-13,5.03041649130818
1981-08-14,5.205516199170685
1981-08-15,5.065823966575041
1981-08-16,4.939219770925496
1981-08-17,5.09315685531787
1981-08-18,5.457296241671467
1981-08-19,5.262273518515406
1981-08-20,5.600253058174488
1981-08-21,6.7338878918167255
1981-08-22,6.987092294639512
1981-08-23,6.676952265343258
1981-08-24,6.249157459831577
1981-08-25,5.867265327533427
1981-08-26,5.557863450881314
1981-08-27,5.305182056151719
1981-08-28,5.099691996342787
1981-08-29,4.992307986708601
1981-08-30,4.884128113649644
1981-08-31,4.783031781684184
1981-09-01,5.108632614622844
1981-09-02,5.481240026586211
1981-09-03,5.1744791238207295
1981-09-04,5.041994620557345
1981-09-05,4.9625762721908195
1981-09-06,4.791984677667512
1981-09-07,4.916392342932011
1981-09-08,5.246425699135103
1981-09-09,5.117431503024327
1981-09-10,5.095176062868365
1981-09-11,5.089684133043319
1981-09-12,5.775407938207205
1981-09-13,6.475017771057747
1981-09-14,6.372043718402843
1981-09-15,5.924160378646842
1981-09-16,5.5320141541414865
1981-09-17,5.4080403898759934
1981-09-18,5.825952280932555
1981-09-19,6.1344697914252
1981-09-20,5.982416148251289
1981-09-21,5.571300579888326
1981-09-22,5.237090147073897
1981-09-23,4.965737570425348
1981-09-24,4.74358930589755
1981-09-25,4.906273661628286
1981-09-26,7.849449293683668
1981-09-27,11.240637284331806
1981-09-28,10.091390163819549
1981-09-29,8.834853490502423
1981-09-30,7.81590225517882
1981-10-01,7.018467159508979
1981-10-02,6.389990797368916
1981-10-03,5.890860832262664
1981-10-04,5.49137075596186
1981-10-05,5.169088719708617
1981-10-06,4.906966259438665
1981-10-07,4.69196740436089
1981-10-08,4.514067129952086
1981-10-09,4.365514206397024
1981-10-10,6.3838179154626085
1981-10-11,10.04949017187402
1981-10-12,9.046796660685894
1981-10-13,8.743618904335275
1981-10-14,11.533823190955289
1981-10-15,13.76568578617688
1981-10-16,12.83848662208708
1981-10-17,13.001519916655589
1981-10-18,11.848033837597212
1981-10-19,19.158012023075695
1981-10-20,29.929263532368395
1981-10-21,25.08707994055187
1981-10-22,22.49681276729
1981-10-23,21.11347111540619
1981-10-24,21.298026738507847
1981-10-25,20.93377789743948
1981-10-26,29.8428169125782
1981-10-27,39.71332521007578
1981-10-28,31.214092883642518
1981-10-29,25.539931698537657
1981-10-30,24.769158709172334
1981-10-31,26.311672020752624
1981-11-01,23.977098230869544
1981-11-02,19.74653326295185
1981-11-03,17.598209551550628
1981-11-04,19.91427578475191
1981-11-05,24.96837884909576
1981-11-06,26.045598895464575
1981-11-07,21.385716957507597
1981-11-08,20.386356087118937
1981-11-09,24.424040831909867
1981-11-10,28.233230184008537
1981-11-11,33.72287502562572
1981-11-12,36.14377247499904
1981-11-13,37.80089735318197
1981-11-14,46.301771722594765
1981-11-15,38.962851864515024
1981-11-16,36.628936060102234
1981-11-17,34.83145097147551
1981-11-18,28.466392148153655
1981-11-19,24.000284877539297
1981-11-20,20.086656246012215
1981-11-21,21.630633144587375
1981-11-22,31.49320792579074
1981-11-23,34.715481235110495
1981-11-24,28.2776437650098
1981-11-25,24.454018163441674
1981-11-26,22.806387322982555
1981-11-27,19.239909055197835
1981-11-28,16.566462724235166
1981-11-29,14.527978309581997
1981-11-30,12.958999719463252
1981-12-01,11.740207613390572
1981-12-02,11.012530589691076
1981-12-03,20.230173834749298
1981-12-04,38.1310050863686
1981-12-05,36.45638963883907
1981-12-06,29.681603463264526
1981-12-07,30.585336948626832
1981-12-08,39.86310243490285
1981-12-09,40.041016570083855
1981-12-10,39.766408142308165
1981-12-11,35.795336911277936
1981-12-12,29.944404123412614
1981-12-13,25.758325246276744
1981-12-14,22.455126846418665
1981-12-15,33.0772011023576
1981-12-16,51.84756482773312
1981-12-17,52.30346665968162
1981-12-18,55.291565414358814
1981-12-19,59.24898356315106
1981-12-20,60.64560851933917
1981-12-21,56.9094279465182
1981-12-22,50.63291624079543
1981-12-23,49.280283494648025
1981-12-24,49.76452807940865
1981-12-25,63.83211047244004
1981-12-26,64.74058990701467
1981-12-27,46.2227348176236
1981-12-28,37.06642222217881
1981-12-29,30.611367582922416
1981-12-30,25.823928834251195
1981-12-31,22.85483309329092
1982-01-01,28.201172101223662
1982-01-02,32.04346942474217
1982-01-03,29.54712287945256
1982-01-04,27.509713748251702
1982-01-05,26.37422947753072
1982-01-06,22.735783777934078
1982-01-07,19.92741641492078
1982-01-08,17.78130124382037
1982-01-09,16.258502660961778
1982-01-10,17.017285773356985
1982-01-11,24.875012261987006
1982-01-12,33.66132566886041
1982-01-13,29.95926530885154
1982-01-14,25.65970600728399
1982-01-15,23.159445754174286
1982-01-16,20.9176638533099
1982-01-17,19.754413878447618
1982-01-18,20.930605189866903
1982-01-19,27.118181711228946
1982-01-20,43.075231707664585
1982-01-21,53.58148786029766
1982-01-22,47.47876196343307
1982-01-23,39.19449057073986
1982-01-24,34.35403189130158
1982-01-25,31.946954101558834
1982-01-26,39.24328639161602
1982-01-27,45.613281394788636
1982-01-28,37.19580516711581
1982-01-29,30.91230625930628
1982-01-30,26.24833865565479
1982-01-31,22.74830090134917
1982-02-01,20.093878094864802
1982-02-02,18.05996745073378
1982-02-03,16.485605573399344
1982-02-04,15.254508944081353
1982-02-05,14.28187281250168
1982-02-06,13.505304096251031
1982-02-07,12.878521883720834
1982-02-08,12.366933926238913
1982-02-09,11.944499504114324
1982-02-10,11.591483896300629
1982-02-11,11.292837068132338
1982-02-12,11.037013505881212
1982-02-13,10.815106580436462
1982-02-14,10.620209032029384
1982-02-15,10.446937293140316
1982-02-16,10.588082901706823
1982-02-17,12.421455115739073
1982-02-18,13.803282896080384
1982-02-19,13.486328716042257
1982-02-20,12.696080364359878
1982-02-21,12.043616071549403
1982-02-22,11.514557397694228
1982-02-23,11.080752849516365
1982-02-24,10.72092657923995
1982-02-25,11.146107292642547
1982-02-26,13.765777814285398
1982-02-27,19.029924762851294
1982-02-28,23.928270540855802
1982-03-01,21.482534859140717
1982-03-02,18.974198777613044
1982-03-03,19.770604832143494
1982-03-04,25.91811543980344
1982-03-05,28.64145429358304
1982-03-06,28.320454171359486
1982-03-07,27.205588653952415
1982-03-08,24.284031941392758
1982-03-09,24.011613054959508
1982-03-10,29.880884893524154
1982-03-11,34.864514252176264
1982-03-12,29.076967218476238
1982-03-13,24.552271381622646
1982-03-14,21.156751173139636
1982-03-15,19.350521284698427
1982-03-16,19.725305701353932
1982-03-17,23.000434747160735
1982-03-18,28.817392485237125
1982-03-19,27.33965102086067
1982-03-20,25.012660769595325
1982-03-21,27.009670015598022
1982-03-22,28.987755279964375
1982-03-23,30.530189312533448
1982-03-24,36.454222579269775
1982-03-25,32.742977961017715
1982-03-26,27.69037493182587
1982-03-27,26.459948335751633
1982-03-28,29.53992518827022
1982-03-29,29.94911637314966
1982-03-30,25.464839000645114
1982-03-31,24.00116859844476
1982-04-01,24.82744754782073
1982-04-02,26.859196384141637
1982-04-03,30.26917267901526
1982-04-04,26.95379624160216
1982-04-05,23.16433025690147
1982-04-06,21.218918817705145
1982-04-07,20.50721155045051
1982-04-08,18.38945412846662
1982-04-09,19.246509704193667
1982-04-10,22.18085830932714
1982-04-11,19.723782024314247
1982-04-12,17.59123055334508
1982-04-13,16.037138800593617
1982-04-14,15.745969478324524
1982-04-15,16.8159318701869
1982-04-16,16.992459669203956
1982-04-17,16.089562727075617
1982-04-18,16.013710659925007
1982-04-19,14.797859272333318
1982-04-20,13.72509762167963
1982-04-21,12.874723406431519
1982-04-22,12.1936738991242
1982-04-23,11.642424177284772
1982-04-24,11.376518652696566
1982-04-25,11.490935527317687
1982-04-26,11.248158800667243
1982-04-27,10.863248003846827
1982-04-28,10.520242496502524
1982-04-29,10.23168131801839
1982-04-30,9.985972125191827
1982-05-01,9.774174025914492
1982-05-02,9.589354721565861
1982-05-03,9.426112393607118
1982-05-04,9.280217834375504
1982-05-05,9.148344954675922
1982-05-06,9.027866675567394
1982-05-07,8.916699496753198
1982-05-08,8.81318451889638
1982-05-09,10.255336803904624
1982-05-10,13.051181668813804
1982-05-11,12.132987009221681
1982-05-12,11.358469391014411
1982-05-13,10.738049120767768
1982-05-14,10.336001336865706
1982-05-15,10.091420084195901
1982-05-16,10.512748089076595
1982-05-17,12.207973486017819
1982-05-18,12.302811414290801
1982-05-19,11.440676830768155
1982-05-20,10.741034096061872
1982-05-21,11.397032138072655
1982-05-22,14.719408686062318
1982-05-23,15.923151287472884
1982-05-24,14.643434571836352
1982-05-25,13.307065536048112
1982-05-26,12.177103269637058
1982-05-27,11.28713442946537
1982-05-28,10.579549286193108
1982-05-29,10.011512686738884
1982-05-30,9.751767260550865
1982-05-31,9.76705866721362
1982-06-01,9.44492390582496
1982-06-02,10.695925570018957
1982-06-03,15.70976148218015
1982-06-04,18.87514267225475
1982-06-05,17.967437944572332
1982-06-06,15.759212403386792
1982-06-07,14.329073561942353
1982-06-08,14.152572208195622
1982-06-09,14.255782164689174
1982-06-10,12.880227282413186
1982-06-11,11.768459500689048
1982-06-12,10.893210503817436
1982-06-13,10.197711386370816
1982-06-14,9.639750955970557
1982-06-15,9.187708123650083
1982-06-16,8.81772943165216
1982-06-17,8.511702983959784
1982-06-18,8.25579170070233
1982-06-19,8.547245144357865
1982-06-20,9.382036717235147
1982-06-21,8.948813435727706
1982-06-22,8.575462800144965
1982-06-23,8.26730117221089
1982-06-24,8.010200910659472
1982-06-25,7.7933100117133165
1982-06-26,7.60824685395588
1982-06-27,7.448504235799107
1982-06-28,7.309005359758889
1982-06-29,7.185770932346707
1982-06-30,7.07566807928313
1982-07-01,6.976219894377841
1982-07-02,6.885460201922249
1982-07-03,6.84050686436125
1982-07-04,7.327573441188032
1982-07-05,8.385702929473668
1982-07-06,8.38043753258521
1982-07-07,7.985531304887903
1982-07-08,7.684039671887656
1982-07-09,7.647952662027998
1982-07-10,9.09979591462663
1982-07-11,11.16978403230413
1982-07-12,10.478352850980935
1982-07-13,9.660680432642586
1982-07-14,8.970048875528486
1982-07-15,8.418574682926657
1982-07-16,7.974167331828556
1982-07-17,7.615765787085889
1982-07-18,7.32194498249779
1982-07-19,7.408304362195184
1982-07-20,8.163298245276371
1982-07-21,8.716065272654296
1982-07-22,8.891747600783019
1982-07-23,9.150299999004787
1982-07-24,11.877995362887079
1982-07-25,15.010227449063578
1982-07-26,18.63219590863024
1982-07-27,25.60535504848626
1982-07-28,26.192200082500065
1982-07-29,24.016270985765743
1982-07-30,22.536498584621445
1982-07-31,18.919320153446524
1982-08-01,16.134106000172277
1982-08-02,15.8655657353128
1982-08-03,19.94303751819019
1982-08-04,22.591549290612694
1982-08-05,20.42023806958969
1982-08-06,17.347022365981257
1982-08-07,14.97954981582967
1982-08-08,13.167504821148206
1982-08-09,11.76810827221347
1982-08-10,10.677816283948559
1982-08-11,9.820848845933373
1982-08-12,10.943541755333044
1982-08-13,14.344472187912714
1982-08-14,13.934814245188065
1982-08-15,12.37924267300123
1982-08-16,11.141493872885716
1982-08-17,10.173242226632869
1982-08-18,14.891187462416143
1982-08-19,23.61606439282367
1982-08-20,19.88112448964112
1982-08-21,16.905169152465096
1982-08-22,14.644970840367522
1982-08-23,12.91253812760583
1982-08-24,11.712737212788994
1982-08-25,10.815630530347237
1982-08-26,9.943075606723868
1982-08-27,9.240131644506304
1982-08-28,10.393262837144919
1982-08-29,12.92566336231412
1982-08-30,12.280420436505146
1982-08-31,12.554501857157106
1982-09-01,11.353919396304496
1982-09-02,10.330826166865844
1982-09-03,9.52512636781549
1982-09-04,9.132309068001883
1982-09-05,9.731832872813731
1982-09-06,10.103772906949397
1982-09-07,10.229862468420631
1982-09-08,11.005974049737821
1982-09-09,10.05395749981588
1982-09-10,9.27847553710464
1982-09-11,9.506675654509708
1982-09-12,10.4739211061382
1982-09-13,11.43970133302034
1982-09-14,14.512164626229351
1982-09-15,15.995122376283554
1982-09-16,16.524644651488256
1982-09-17,14.715122322987918
1982-09-18,13.49098634079436
1982-09-19,12.748914068030205
1982-09-20,11.45924832174667
1982-09-21,10.377804879229936
1982-09-22,9.532715342714363
1982-09-23,8.868269628969793
1982-09-24,9.425369807132354
1982-09-25,10.899331028140962
1982-09-26,10.451662190323875
1982-09-27,10.669391439682121
1982-09-28,9.876062659899725
1982-09-29,9.368476820291628
1982-09-30,9.292792314557312
1982-10-01,8.661642340546836
1982-10-02,8.134258113059184
1982-10-03,7.957257288487494
1982-10-04,10.83112417332594
1982-10-05,16.06725848131897
1982-10-06,19.80443774421404
1982-10-07,24.73922400083536
1982-10-08,23.66441915059067
1982-10-09,19.748134839945138
1982-10-10,22.179039418710534
1982-10-11,29.7785037259211
1982-10-12,27.720068223758393
1982-10-13,23.193138092867198
1982-10-14,19.405813104387814
1982-10-15,16.537158641915124
1982-10-16,14.356161716013032
1982-10-17,13.4377887542797
1982-10-18,13.803543268072344
1982-10-19,12.925354157518276
1982-10-20,11.604495942494742
1982-10-21,10.545540644923163
1982-10-22,9.712446887797412
1982-10-23,9.051160050886946
1982-10-24,8.521445492206995
1982-10-25,8.093132829915824
1982-10-26,7.743441263194467
1982-10-27,7.4550575558930845
1982-10-28,7.214743194138355
1982-10-29,7.012317008720653
1982-10-30,6.839906499634871
1982-10-31,6.691393018951511
1982-11-01,6.5619978852967735
1982-11-02,6.447971693432387
1982-11-03,6.3463597033126575
1982-11-04,6.254823680984484
1982-11-05,6.171505884596539
1982-11-06,6.094924698073476
1982-11-07,6.023894161504128
1982-11-08,5.957461640891025
1982-11-09,5.985145239174938
1982-11-10,6.173598081384584
1982-11-11,6.073749809438791
1982-11-12,5.972289116061694
1982-11-13,5.881537949054585
1982-11-14,5.799500497910692
1982-11-15,5.7245873793186535
1982-11-16,5.6555281704353275
1982-11-17,6.024951947059939
1982-11-18,6.917030415775064
1982-11-19,6.64219117602059
1982-11-20,6.853445773019625
1982-11-21,7.492838576644442
1982-11-22,9.81569347400119
1982-11-23,16.108821820967346
1982-11-24,18.455610931166724
1982-11-25,17.181687645608168
1982-11-26,16.547774359320982
1982-11-27,18.522271355732638
1982-11-28,19.682576791046454
1982-11-29,20.263253578395595
1982-11-30,19.32546573943088
1982-12-01,21.48517561498535
1982-12-02,19.788931035670338
1982-12-03,16.67213492266559
1982-12-04,14.28265163984795
1982-12-05,12.45657017781599
1982-12-06,11.666787271032456
1982-12-07,12.958303084661267
1982-12-08,13.658001499041257
1982-12-09,12.00571447383466
1982-12-10,10.70169148308135
1982-12-11,9.685166009633342
1982-12-12,8.885911015737467
1982-12-13,8.252029784308178
1982-12-14,7.744867069338408
1982-12-15,7.335417298947508
1982-12-16,7.001764908093128
1982-12-17,6.7272437380919134
1982-12-18,6.499102313059507
1982-12-19,6.307528280470605
1982-12-20,6.286560935928922
1982-12-21,6.5354822110020345
1982-12-22,6.442185837629851
1982-12-23,6.23968869661568
1982-12-24,6.077139378277234
1982-12-25,5.973558679373795
1982-12-26,5.838268130174502
1982-12-27,5.718532495221685
1982-12-28,6.712214313493393
1982-12-29,12.195551580638316
1982-12-30,17.58590478612113
1982-12-31,16.932298837084534
1983-01-01,19.291635918231904
1983-01-02,22.39700679752633
1983-01-03,18.63714161053458
1983-01-04,15.70859377128824
1983-01-05,13.48635648966935
1983-01-06,11.784856653559475
1983-01-07,10.470678845915181
1983-01-08,9.446956121455093
1983-01-09,8.64271321735207
1983-01-10,8.00550345908787
1983-01-11,7.4962647346522955
1983-01-12,7.085688580054291
1983-01-13,6.751632588161653
1983-01-14,6.477259739569923
1983-01-15,6.249689160243661
1983-01-16,6.2128195503376356
1983-01-17,6.349037233693688
1983-01-18,7.079047458925403
1983-01-19,8.567241212125039
1983-01-20,7.923902519873491
1983-01-21,7.379138197350759
1983-01-22,6.941828119450328
1983-01-23,6.587643571693952
1983-01-24,7.333475697029087
1983-01-25,11.61486355451315
1983-01-26,15.040809059212394
1983-01-27,15.024890022122515
1983-01-28,19.754488043540352
1983-01-29,22.091564729843427
1983-01-30,18.366439772122526
1983-01-31,15.84966025043637
1983-02-01,14.314541555723428
1983-02-02,12.41018811412072
1983-02-03,11.31612643960466
1983-02-04,15.871950843204388
1983-02-05,28.425030096377736
1983-02-06,48.168819176019134
1983-02-07,63.36544470818675
1983-02-08,44.02482050767339
1983-02-09,34.07657211201825
1983-02-10,27.414195978104516
1983-02-11,22.500104656889125
1983-02-12,18.81865223577167
1983-02-13,16.04178011317182
1983-02-14,13.928225710944696
1983-02-15,12.30487887267585
1983-02-16,11.046945587750422
1983-02-17,11.089650306342632
1983-02-18,11.678838398000286
1983-02-19,10.702992252110382
1983-02-20,10.874172598609094
1983-02-21,12.855584179081992
1983-02-22,13.057369418517197
1983-02-23,11.836277972036727
1983-02-24,10.68702698425193
1983-02-25,9.766255761196307
1983-02-26,9.038710609551138
1983-02-27,9.898896695923552
1983-02-28,17.52867788139469
1983-03-01,24.166458727515245
1983-03-02,21.142254112711193
1983-03-03,19.496343153674776
1983-03-04,16.60551184487039
1983-03-05,14.365988081658339
1983-03-06,12.653312030070351
1983-03-07,11.328901058668663
1983-03-08,10.291678377359554
1983-03-09,9.475346774839496
1983-03-10,8.830927981015368
1983-03-11,8.34810167130526
1983-03-12,7.995452579959003
1983-03-13,8.074906675864208
1983-03-14,8.399926940490998
1983-03-15,12.097608634845635
1983-03-16,21.621706506708744
1983-03-17,23.57536897478101
1983-03-18,19.866984757801323
1983-03-19,17.034832585738318
1983-03-20,14.9466141480387
1983-03-21,13.907636769176767
1983-03-22,13.770933977627855
1983-03-23,12.596714012467283
1983-03-24,13.40504582408299
1983-03-25,18.627129211172477
1983-03-26,22.49124597925118
1983-03-27,24.49279387401225
1983-03-28,29.39267825737915
1983-03-29,24.56046530106563
1983-03-30,20.62954445028613
1983-03-31,17.507914263735348
1983-04-01,15.124766948750088
1983-04-02,13.301164801824738
1983-04-03,11.893029937866658
1983-04-04,10.79595800885032
1983-04-05,9.933590741864743
1983-04-06,9.330791098015562
1983-04-07,9.092736905856132
1983-04-08,8.752377002909016
1983-04-09,11.287678908583606
1983-04-10,15.861378532529725
1983-04-11,13.981008568664526
1983-04-12,12.38459422995035
1983-04-13,11.146337433111869
1983-04-14,10.17767396242949
1983-04-15,9.413135377984739
1983-04-16,9.884072484651748
1983-04-17,11.48057079930272
1983-04-18,12.327372977986789
1983-04-19,15.197403601751683
1983-04-20,15.415017054359177
1983-04-21,13.662936905788422
1983-04-22,12.126387364640072
1983-04-23,10.92733350247687
1983-04-24,9.988363979131988
1983-04-25,9.246540512620687
1983-04-26,8.655195456813885
1983-04-27,8.179460121717094
1983-04-28,7.793094843808824
1983-04-29,7.47622089484603
1983-04-30,7.213683498260124
1983-05-01,7.0360371061046605
1983-05-02,8.528026012330443
1983-05-03,12.004869924748574
1983-05-04,12.833283295086988
1983-05-05,14.46174301311276
1983-05-06,17.450334958832844
1983-05-07,15.048482245642282
1983-05-08,13.128037537745692
1983-05-09,11.648715839825414
1983-05-10,10.499172498220119
1983-05-11,9.598099904856758
1983-05-12,8.88560758442116
1983-05-13,8.317223255520739
1983-05-14,7.859673861460579
1983-05-15,8.83554727832594
1983-05-16,11.134587136556014
1983-05-17,10.157596832445003
1983-05-18,9.472532839029006
1983-05-19,9.038602546728713
1983-05-20,8.821504361326662
1983-05-21,9.301560347413876
1983-05-22,9.043909629361876
1983-05-23,8.791679671357963
1983-05-24,12.511636561518193
1983-05-25,19.48142732903914
1983-05-26,19.88719305255308
1983-05-27,17.134223240083546
1983-05-28,14.695581488530005
1983-05-29,12.82198741595225
1983-05-30,11.377752332349582
1983-05-31,10.254784047554404
1983-06-01,9.374068844790383
1983-06-02,8.677351005743917
1983-06-03,8.121334617247681
1983-06-04,7.673600832107908
1983-06-05,7.30988645044629
1983-06-06,7.011522560257942
1983-06-07,6.76394477072978
1983-06-08,8.475647929805236
1983-06-09,12.093930417919744
1983-06-10,11.499952407380299
1983-06-11,11.042409786594815
1983-06-12,10.066909345956736
1983-06-13,9.445068691990361
1983-06-14,11.214295752403268
1983-06-15,14.352969138518695
1983-06-16,12.564719839766505
1983-06-17,11.70011444022384
1983-06-18,12.186952209841188
1983-06-19,11.362037817006444
1983-06-20,10.359587031752591
1983-06-21,9.683152663869151
1983-06-22,8.894414454002034
1983-06-23,8.247359017143896
1983-06-24,7.730030576817591
1983-06-25,7.312707503961601
1983-06-26,7.527655449400772
1983-06-27,8.138835441652423
1983-06-28,7.683073004675143
1983-06-29,7.255543507462911
1983-06-30,6.908033840535057
1983-07-01,6.7327883934507105
1983-07-02,7.108996794225447
1983-07-03,7.627383137919918
1983-07-04,7.353248284595581
1983-07-05,7.867036930778766
1983-07-06,9.564768748235023
1983-07-07,13.441894716739371
1983-07-08,18.906322368254113
1983-07-09,16.904806647082122
1983-07-10,15.214060375868351
1983-07-11,15.684886027889748
1983-07-12,15.168958184314178
1983-07-13,13.13738196054242
1983-07-14,11.606181385292494
1983-07-15,10.50625643999797
1983-07-16,9.644035041184782
1983-07-17,8.890055484850185
1983-07-18,8.20822996599548
1983-07-19,7.663990276385486
1983-07-20,7.240889541158693
1983-07-21,7.244208789791725
1983-07-22,7.3678980828312755
1983-07-23,7.002410292547503
1983-07-24,6.676395620612499
1983-07-25,6.409814463405749
1983-07-26,6.188104341630784
1983-07-27,6.000915091507185
1983-07-28,5.842237706340825
1983-07-29,5.706265163452499
1983-07-30,5.588458607900196
1983-07-31,5.48525419998477
1983-08-01,5.393841522203561
1983-08-02,5.311995143496242
1983-08-03,5.237945911035708
1983-08-04,5.170282104261259
1983-08-05,5.107873158994288
1983-08-06,5.730730133581726
1983-08-07,11.593889532182216
1983-08-08,18.407016068180607
1983-08-09,15.50701329593687
1983-08-10,13.294561947812143
1983-08-11,11.88425380275021
1983-08-12,10.542598702147439
1983-08-13,9.400253100549358
1983-08-14,8.51797999610407
1983-08-15,7.823714410665229
1983-08-16,7.301800221149403
1983-08-17,7.748205481710705
1983-08-18,8.709260617365613
1983-08-19,9.155929612553175
1983-08-20,11.199503532159142
1983-08-21,12.141695728120363
1983-08-22,12.174462343468326
1983-08-23,11.005295447879321
1983-08-24,12.834401382004188
1983-08-25,18.253981431353072
1983-08-26,18.024224280132508
1983-08-27,15.641410069169899
1983-08-28,13.402423200889181
1983-08-29,11.639955296232948
1983-08-30,15.562484362874509
1983-08-31,27.5820765705063
1983-09-01,29.38392166023297
1983-09-02,23.873770258744013
1983-09-03,19.64538501233344
1983-09-04,16.474816721735564
1983-09-05,15.419838497321338
1983-09-06,17.958489937048085
1983-09-07,18.66648939186712
1983-09-08,16.965955169912927
1983-09-09,15.94875606109156
1983-09-10,13.747300622544865
1983-09-11,12.262443185883612
1983-09-12,11.73145999141523
1983-09-13,11.19416212053864
1983-09-14,10.673767515791928
1983-09-15,9.671984167620973
1983-09-16,8.853759168003101
1983-09-17,8.26346734266365
1983-09-18,7.890209706053233
1983-09-19,7.445869650046409
1983-09-20,7.07123869116261
1983-09-21,6.764784500072541
1983-09-22,6.5116364669962685
1983-09-23,6.300389282510229
1983-09-24,6.122246498493907
1983-09-25,5.970387950272813
1983-09-26,5.839499336109706
1983-09-27,6.760511869559838
1983-09-28,8.618496906018763
1983-09-29,7.988818841092083
1983-09-30,7.444985854072301
1983-10-01,7.964820992854022
1983-10-02,9.415652900537038
1983-10-03,8.788722991292568
1983-10-04,8.071924480072928
1983-10-05,7.4960402694276915
1983-10-06,7.03441633010624
1983-10-07,6.6611117282649275
1983-10-08,7.971321118172739
1983-10-09,12.18847497701025
1983-10-10,13.320247522907396
1983-10-11,11.605422975308093
1983-10-12,10.248991469220437
1983-10-13,9.937793835009284
1983-10-14,10.886115767671788
1983-10-15,11.066361124823807
1983-10-16,11.320329203922768
1983-10-17,11.453448884459206
1983-10-18,11.478235727124092
1983-10-19,10.643864245696028
1983-10-20,9.649534107568797
1983-10-21,9.10008946622743
1983-10-22,10.487513297613816
1983-10-23,21.192755302860125
1983-10-24,38.120125027603756
1983-10-25,36.698660530738785
1983-10-26,29.266647756117433
1983-10-27,23.696866032696864
1983-10-28,20.02261384913923
1983-10-29,17.833951299062978
1983-10-30,15.196460607423996
1983-10-31,13.152031115079955
1983-11-01,11.577598363763547
1983-11-02,10.356820357517377
1983-11-03,9.496268695391981
1983-11-04,9.003600296523372
1983-11-05,8.986858582228974
1983-11-06,9.559000071517627
1983-11-07,13.416608435061933
1983-11-08,20.05606218960031
1983-11-09,17.134297137129362
1983-11-10,14.81684009403778
1983-11-11,12.85321762115764
1983-11-12,13.972875724407016
1983-11-13,18.21454384061284
1983-11-14,17.073588127673045
1983-11-15,15.72578309960232
1983-11-16,14.703614472100929
1983-11-17,15.168061036859546
1983-11-18,15.353278861350832
1983-11-19,18.800056027573223
1983-11-20,22.550309088584196
1983-11-21,24.596218798737183
1983-11-22,21.901761655648944
1983-11-23,20.87032785714815
1983-11-24,20.524288215693964
1983-11-25,23.94943995800968
1983-11-26,22.62630629004829
1983-11-27,18.979821401009513
1983-11-28,16.178819889475605
1983-11-29,20.153929926823075
1983-11-30,30.279865281474983
1983-12-01,28.963377003734195
1983-12-02,23.823467959044105
1983-12-03,20.497783421706057
1983-12-04,20.498902523626167
1983-12-05,21.26278520996536
1983-12-06,17.974618927236907
1983-12-07,15.502916782210024
1983-12-08,13.613798747596986
1983-12-09,12.156672733795402
1983-12-10,11.022570803204575
1983-12-11,10.131914725463036
1983-12-12,20.430227920005475
1983-12-13,51.95667891121514
1983-12-14,48.827073336039014
1983-12-15,41.244061464647025
1983-12-16,39.43638170774195
1983-12-17,31.77426490090446
1983-12-18,26.018755868679154
1983-12-19,21.740562624846394
1983-12-20,18.527562135520327
1983-12-21,16.090721146904446
1983-12-22,14.22493804904999
1983-12-23,12.783089689928781
1983-12-24,11.658584568464647
1983-12-25,10.773480314578629
1983-12-26,10.070292686735662
1983-12-27,9.506285798736068
1983-12-28,9.04945039056996
1983-12-29,8.675643517245678
1983-12-30,8.36653575575833
1983-12-31,8.108125406746012
1984-01-01,7.889654487995639
1984-01-02,7.702811922363588
1984-01-03,7.541143683900525
1984-01-04,7.98619602584852
1984-01-05,21.201856843928024
1984-01-06,43.456184045185786
1984-01-07,54.92890305140124
1984-01-08,54.1011574663668
1984-01-09,53.4420325218494
1984-01-10,43.179646277180105
1984-01-11,35.07256418307777
1984-01-12,28.895578913691697
1984-01-13,24.00106280636288
1984-01-14,20.346280708295772
1984-01-15,17.64660060132296
1984-01-16,15.570942963661553
1984-01-17,13.92149852941093
1984-01-18,12.64016673526501
1984-01-19,11.635513407682156
1984-01-20,10.840376487559274
1984-01-21,10.205014434386129
1984-01-22,9.692303299354665
1984-01-23,9.274336130226176
1984-01-24,8.929992717484204
1984-01-25,8.643187582078628
1984-01-26,8.401596540351589
1984-01-27,8.533138089213791
1984-01-28,15.880904424302427
1984-01-29,28.781133354268206
1984-01-30,32.45997761169379
1984-01-31,34.3128188737303
1984-02-01,29.517347120183228
1984-02-02,26.501461258801598
1984-02-03,25.269346788226756
1984-02-04,21.271797228147243
1984-02-05,18.26213819476837
1984-02-06,19.65762024108596
1984-02-07,40.360182809919074
1984-02-08,55.621336850059116
1984-02-09,48.43066886182759
1984-02-10,48.94145692256782
1984-02-11,65.48980101744966
1984-02-12,60.35250214582073
1984-02-13,47.51876500861002
1984-02-14,41.43095282275603
1984-02-15,35.186383630091484
1984-02-16,35.018258705064916
1984-02-17,34.140790290592825
1984-02-18,44.968067285204704
1984-02-19,70.09079194727006
1984-02-20,78.88259749177911
1984-02-21,91.82090174128228
1984-02-22,70.44696743743268
1984-02-23,61.424386919664805
1984-02-24,65.76516526038348
1984-02-25,54.008937579257456
1984-02-26,49.719500164591864
1984-02-27,48.805425794325295
1984-02-28,43.902702216456134
1984-02-29,35.9832162068404
1984-03-01,30.048977885089485
1984-03-02,25.631407429270244
1984-03-03,22.693526572142357
1984-03-04,21.44662009416322
1984-03-05,21.722219707458095
1984-03-06,22.89390637996453
1984-03-07,21.609034449950332
1984-03-08,19.494290206016277
1984-03-09,19.603897924545343
1984-03-10,24.221403005918333
1984-03-11,30.331833087234113
1984-03-12,41.6546607188847
1984-03-13,55.49683101843408
1984-03-14,52.29866640601142
1984-03-15,43.191647678709415
1984-03-16,40.40500848645588
1984-03-17,41.03069161145498
1984-03-18,40.005918284440014
1984-03-19,44.98536213973424
1984-03-20,58.28623200554748
1984-03-21,59.66915226477443
1984-03-22,58.19743225988666
1984-03-23,60.931511529667326
1984-03-24,47.67365249054782
1984-03-25,39.10988617922671
1984-03-26,33.30950675791639
1984-03-27,29.091857851999677
1984-03-28,28.04605480532143
1984-03-29,29.048402414924453
1984-03-30,25.456880805735597
1984-03-31,22.47305090572739
1984-04-01,20.365444179691494
1984-04-02,18.83965768727136
1984-04-03,17.385776465507394
1984-04-04,16.773556822130164
1984-04-05,16.74626122615449
1984-04-06,15.859369793709902
1984-04-07,14.989311747951957
1984-04-08,15.489456347126593
1984-04-09,18.39125414119191
1984-04-10,19.867247115875152
1984-04-11,18.399547045987088
1984-04-12,16.919545963933793
1984-04-13,15.748375148618935
1984-04-14,14.819833009677675
1984-04-15,14.075610970440193
1984-04-16,13.472394768236102
1984-04-17,12.977765202586243
1984-04-18,12.567285960600776
1984-04-19,12.222415725773347
1984-04-20,11.928998372078624
1984-04-21,11.676162371717043
1984-04-22,11.455512417642502
1984-04-23,11.914188098554485
1984-04-24,12.85174379325993
1984-04-25,12.429725055679027
1984-04-26,12.007158225420932
1984-04-27,11.65419089684688
1984-04-28,11.749459301075072
1984-04-29,12.084361893141256
1984-04-30,11.718960062432812
1984-05-01,11.368555121831681
1984-05-02,11.130696864141656
1984-05-03,11.19390572070234
1984-05-04,11.102212602779913
1984-05-05,12.223405452225087
1984-05-06,14.50027526063523
1984-05-07,13.553233729044017
1984-05-08,12.836264660888832
1984-05-09,12.395530088157036
1984-05-10,11.984737258748373
1984-05-11,12.044084849620518
1984-05-12,12.439193460847696
1984-05-13,13.15440363939719
1984-05-14,13.69997963190027
1984-05-15,12.808676222726694
1984-05-16,12.188821132470892
1984-05-17,11.810300096904461
1984-05-18,11.276712464294505
1984-05-19,10.824413435548614
1984-05-20,10.450434920336765
1984-05-21,10.13534333491793
1984-05-22,9.86920534509516
1984-05-23,11.390812462523742
1984-05-24,14.308821340962668
1984-05-25,13.19506691511259
1984-05-26,12.264345340463123
1984-05-27,13.045850886244613
1984-05-28,15.06859047643018
1984-05-29,14.993270270175053
1984-05-30,15.820211777982125
1984-05-31,15.039670003990807
1984-06-01,14.457809631941155
1984-06-02,14.590945108603387
1984-06-03,14.85296083400238
1984-06-04,14.835932647236056
1984-06-05,13.527123507024541
1984-06-06,12.631220354553852
1984-06-07,11.89515810762906
1984-06-08,11.171709424855997
1984-06-09,11.285073733134036
1984-06-10,11.92957656355764
1984-06-11,12.780879660225631
1984-06-12,14.77625630582263
1984-06-13,13.43858220560274
1984-06-14,12.33666052296878
1984-06-15,11.467720686298847
1984-06-16,10.775877529719706
1984-06-17,10.219572110142675
1984-06-18,9.768117435104811
1984-06-19,9.410152427571433
1984-06-20,9.119804508975678
1984-06-21,8.994278651395742
1984-06-22,11.287934955786477
1984-06-23,17.7390024353875
1984-06-24,28.898058323164236
1984-06-25,47.433434591999394
1984-06-26,50.01791614610445
1984-06-27,39.546559715180805
1984-06-28,34.1948168259669
1984-06-29,30.804521532653794
1984-06-30,25.648854217000963
1984-07-01,21.720820087675765
1984-07-02,18.759477980314376
1984-07-03,16.504869853290288
1984-07-04,14.946689167065701
1984-07-05,14.531818516717726
1984-07-06,14.135059788915084
1984-07-07,13.863259971225146
1984-07-08,14.377375768548328
1984-07-09,13.323573641404613
1984-07-10,12.275955209295022
1984-07-11,11.444536237990206
1984-07-12,10.780988526802483
1984-07-13,10.246106112046848
1984-07-14,9.810469532636096
1984-07-15,9.482344172082156
1984-07-16,9.216400247160168
1984-07-17,8.976778965455123
1984-07-18,9.749491316033923
1984-07-19,11.268418141773909
1984-07-20,10.928514651440024
1984-07-21,10.303954570353865
1984-07-22,9.872466347473377
1984-07-23,10.401572700952068
1984-07-24,11.418224031273732
1984-07-25,10.970538522888331
1984-07-26,10.300938236775213
1984-07-27,9.745575211693733
1984-07-28,9.322036842106446
1984-07-29,9.956048969429823
1984-07-30,11.953867757398598
1984-07-31,12.034532928874418
1984-08-01,13.266177783569745
1984-08-02,16.308698028380395
1984-08-03,14.717529859659843
1984-08-04,15.014311265827601
1984-08-05,26.22181762882572
1984-08-06,39.64134090623662
1984-08-07,32.336863004937655
1984-08-08,28.216766223177085
1984-08-09,26.302125368966994
1984-08-10,23.818164993462233
1984-08-11,22.66413334588969
1984-08-12,20.578840324677536
1984-08-13,18.043880619126416
1984-08-14,15.835496431360811
1984-08-15,14.243373177112915
1984-08-16,12.949555198253188
1984-08-17,11.87476395541752
1984-08-18,11.026861124094387
1984-08-19,10.351622754197018
1984-08-20,9.8086528522699
1984-08-21,9.36765345076389
1984-08-22,9.013371381484838
1984-08-23,8.717164901563955
1984-08-24,8.463161112713882
1984-08-25,8.247792092013539
1984-08-26,8.063039975818134
1984-08-27,7.902674648076631
1984-08-28,7.7628423232695845
1984-08-29,7.638375196859652
1984-08-30,7.525654428138296
1984-08-31,7.423309843975112
1984-09-01,7.329440237047913
1984-09-02,7.2425297277179865
1984-09-03,8.3714577492152
1984-09-04,10.71507244301369
1984-09-05,10.043410879687011
1984-09-06,9.400767412859498
1984-09-07,12.349457048557959
1984-09-08,19.157824508987144
1984-09-09,22.332187964429878
1984-09-10,24.980649289375624
1984-09-11,23.32834058646191
1984-09-12,22.05301086367689
1984-09-13,20.406973177645423
1984-09-14,19.3761529698057
1984-09-15,16.711070201222075
1984-09-16,14.90402260694764
1984-09-17,15.288864977907236
1984-09-18,15.903503383840034
1984-09-19,14.05917801511928
1984-09-20,12.589930249099623
1984-09-21,11.446203621805028
1984-09-22,10.547780559909304
1984-09-23,9.835569212871993
1984-09-24,10.277151373069579
1984-09-25,11.977964871269274
1984-09-26,13.764526522073405
1984-09-27,21.798633068772393
1984-09-28,37.96189031023404
1984-09-29,48.254489837037006
1984-09-30,38.405156144242774
1984-10-01,30.95077727674831
1984-10-02,25.444158655119676
1984-10-03,21.344775056506936
1984-10-04,18.261674282164723
1984-10-05,15.920174848685832
1984-10-06,14.125037028620417
1984-10-07,12.735999367697884
1984-10-08,11.651299914491085
1984-10-09,11.719281805793855
1984-10-10,12.671177764699506
1984-10-11,12.809938342051256
1984-10-12,17.12049582468417
1984-10-13,21.911633935506472
1984-10-14,22.081936891171107
1984-10-15,24.536108849889075
1984-10-16,27.782116663151793
1984-10-17,24.826142885807243
1984-10-18,31.763174976126933
1984-10-19,44.4826587744281
1984-10-20,42.805006783202934
1984-10-21,40.727961862275336
1984-10-22,32.93091927372799
1984-10-23,27.09492519881788
1984-10-24,22.756957193570454
1984-10-25,19.498743365060598
1984-10-26,17.027044675655144
1984-10-27,15.133847243963176
1984-10-28,14.63371221730553
1984-10-29,15.345445016728874
1984-10-30,15.086896108365936
1984-10-31,17.682426151986782
1984-11-01,19.189716357901506
1984-11-02,17.947586166032696
1984-11-03,16.205634686098648
1984-11-04,15.917066015769374
1984-11-05,16.781375379902126
1984-11-06,17.87491708931819
1984-11-07,20.856326922554803
1984-11-08,18.134553885317267
1984-11-09,16.157037026095416
1984-11-10,19.500583673630217
1984-11-11,30.53735726051948
1984-11-12,35.17081957403749
1984-11-13,28.98376182761203
1984-11-14,24.19935608811221
1984-11-15,22.932614201655245
1984-11-16,24.14862077097637
1984-11-17,25.271949474674674
1984-11-18,28.214458938320288
1984-11-19,23.805425363665858
1984-11-20,20.515836182093313
1984-11-21,18.316483123754555
1984-11-22,16.213601440111105
1984-11-23,14.574228252481555
1984-11-24,13.299539748685211
1984-11-25,13.428215395663772
1984-11-26,14.658349616166769
1984-11-27,14.205572149447661
1984-11-28,14.361614687834683
1984-11-29,13.131118411960138
1984-11-30,12.137732744501987
1984-12-01,11.35058368019959
1984-12-02,10.720687487957639
1984-12-03,10.211497888958943
1984-12-04,9.795549491366593
1984-12-05,9.452060642995379
1984-12-06,9.165206294713814
1984-12-07,9.001302220017424
1984-12-08,15.981668476218893
1984-12-09,27.159375745778632
1984-12-10,23.48704883000883
1984-12-11,21.947252173481726
1984-12-12,21.00623767362624
1984-12-13,19.341629205727404
1984-12-14,17.193693674157718
1984-12-15,15.217448977635433
1984-12-16,13.693299770333475
1984-12-17,12.506672714658961
1984-12-18,11.574043070303588
1984-12-19,10.833992410983543
1984-12-20,10.463436844703578
1984-12-21,19.572398080955605
1984-12-22,34.750027026085824
1984-12-23,34.43310209668115
1984-12-24,40.69370272007293
1984-12-25,45.07079604568599
1984-12-26,38.94570881944646
1984-12-27,31.691603112497315
1984-12-28,26.499840083097876
1984-12-29,30.9922614056746
1984-12-30,38.250472185291564
1984-12-31,31.3815348031229
1985-01-01,26.08317548843459
1985-01-02,22.130025287581898
1985-01-03,19.149931456195873
1985-01-04,16.88095634897557
1985-01-05,15.136615458287665
1985-01-06,13.782736540899014
1985-01-07,12.72184072754297
1985-01-08,11.882465590200644
1985-01-09,11.211780078801992
1985-01-10,10.670420298469308
1985-01-11,10.22884138459863
1985-01-12,9.864715827414585
1985-01-13,9.56106154440913
1985-01-14,9.304883765247075
1985-01-15,9.086181968479055
1985-01-16,8.89721838772121
1985-01-17,8.73197544208663
1985-01-18,9.190399237360696
1985-01-19,10.32110602381936
1985-01-20,9.88620411191064
1985-01-21,9.486389429914452
1985-01-22,9.349066672679777
1985-01-23,9.531840161944865
1985-01-24,10.130992532485214
1985-01-25,13.664742840680505
1985-01-26,16.999281001602224
1985-01-27,15.001340083485365
1985-01-28,13.438297300471225
1985-01-29,14.870152553556101
1985-01-30,23.803102987426087
1985-01-31,34.75045379240477
1985-02-01,42.017177284019915
1985-02-02,46.20161400545001
1985-02-03,39.28274173446257
1985-02-04,31.58584985517794
1985-02-05,26.080921765568885
1985-02-06,21.986514238633017
1985-02-07,19.97437070636825
1985-02-08,20.530772799074168
1985-02-09,20.050761239091052
1985-02-10,18.277995794218054
1985-02-11,16.086312335934412
1985-02-12,18.964463105341988
1985-02-13,27.188375905989975
1985-02-14,24.003583966782262
1985-02-15,20.438715120699197
1985-02-16,17.75355389734192
1985-02-17,15.70547965895411
1985-02-18,14.128073020832495
1985-02-19,13.271833562639145
1985-02-20,13.096202603654971
1985-02-21,12.101083421182095
1985-02-22,11.925712464690031
1985-02-23,14.751518153246657
1985-02-24,18.62383215733892
1985-02-25,16.280901153487353
1985-02-26,14.964366820613398
1985-02-27,24.463321994345943
1985-02-28,57.83779953187901
1985-03-01,77.43134414971283
1985-03-02,57.79395797719342
1985-03-03,42.197087666326894
1985-03-04,33.87454799751899
1985-03-05,27.956149705379612
1985-03-06,23.558314711341172
1985-03-07,21.18035244287314
1985-03-08,21.910680581961127
1985-03-09,24.82632104031452
1985-03-10,27.428642014355187
1985-03-11,23.97234412856361
1985-03-12,21.11746418805742
1985-03-13,19.249631458467835
1985-03-14,18.05950891077193
1985-03-15,18.189963074923085
1985-03-16,18.36293228594565
1985-03-17,18.486010214606278
1985-03-18,18.33436298390909
1985-03-19,16.959074025668038
1985-03-20,15.212128347234291
1985-03-21,13.865689384726759
1985-03-22,12.820961295475504
1985-03-23,13.163022268490622
1985-03-24,15.503832476422177
1985-03-25,16.09517816780401
1985-03-26,18.819956367787558
1985-03-27,21.798585951249308
1985-03-28,19.022424659434336
1985-03-29,16.765611328167143
1985-03-30,15.043504910988824
1985-03-31,13.711962293190949
1985-04-01,12.671917113717392
1985-04-02,11.851217036143604
1985-04-03,11.196832932269787
1985-04-04,10.669461332697585
1985-04-05,10.239743088139782
1985-04-06,9.885586809017331
1985-04-07,9.59025603297532
1985-04-08,9.340989907780815
1985-04-09,9.128000226304117
1985-04-10,8.943736382081962
1985-04-11,8.782342693479835
1985-04-12,8.639254964586678
1985-04-13,8.510898591557423
1985-04-14,8.394461256680314
1985-04-15,8.287720779807692
1985-04-16,8.188914019655451
1985-04-17,8.096636511110498
1985-04-18,8.009765248588893
1985-04-19,9.37891075329789
1985-04-20,12.510325967573088
1985-04-21,12.203243855561668
1985-04-22,11.534485340565299
1985-04-23,10.742803603049909
1985-04-24,10.102144424564454
1985-04-25,9.58608657611612
1985-04-26,9.166215984955373
1985-04-27,8.821041188123218
1985-04-28,8.534203237718343
1985-04-29,8.69044228372091
1985-04-30,9.113508946084083
1985-05-01,8.789299050514899
1985-05-02,8.483038064447863
1985-05-03,8.219413321451997
1985-05-04,7.996868527257509
1985-05-05,7.8070482613889
1985-05-06,7.643240840398112
1985-05-07,7.779711487837267
1985-05-08,8.251809292400724
1985-05-09,8.012212586711074
1985-05-10,7.777167373387606
1985-05-11,7.5780199527246745
1985-05-12,7.427267301670445
1985-05-13,7.490863558263829
1985-05-14,7.724125479614632
1985-05-15,7.697930354102533
1985-05-16,7.526859874739341
1985-05-17,7.669411721360078
1985-05-18,8.10406804929306
1985-05-19,8.790539782585187
1985-05-20,12.60050747667235
1985-05-21,15.329554886315583
1985-05-22,13.47771493310178
1985-05-23,11.99863875411527
1985-05-24,10.848665273821034
1985-05-25,9.948294186008516
1985-05-26,9.236147629909611
1985-05-27,8.665770701671152
1985-05-28,8.206238764046608
1985-05-29,7.832486369811641
1985-05-30,7.5272588955126425
1985-05-31,7.2737327936697875
1985-06-01,7.059555724181621
1985-06-02,6.878006724240301
1985-06-03,6.7223853576850905
1985-06-04,6.587467325636488
1985-06-05,6.469160224598437
1985-06-06,6.364244070786068
1985-06-07,6.270174605082033
1985-06-08,6.184933383363344
1985-06-09,6.182151866154848
1985-06-10,6.482357669855891
1985-06-11,6.812171519415467
1985-06-12,7.321612733804422
1985-06-13,7.661139808743912
1985-06-14,7.555471676274808
1985-06-15,8.63864405646723
1985-06-16,10.124611013400402
1985-06-17,10.408523585288439
1985-06-18,9.572536109144483
1985-06-19,8.779772055081892
1985-06-20,8.159884835811344
1985-06-21,7.795664939781698
1985-06-22,7.594958684886787
1985-06-23,7.267326360058953
1985-06-24,6.934339246972044
1985-06-25,7.701113801333697
1985-06-26,10.62257704323122
1985-06-27,11.601159311219208
1985-06-28,10.38846761613429
1985-06-29,9.425791094904472
1985-06-30,8.629992938141056
1985-07-01,7.99628789118603
1985-07-02,7.490189400448123
1985-07-03,7.082412751739839
1985-07-04,6.750846377467568
1985-07-05,7.185952555159435
1985-07-06,8.470368784684283
1985-07-07,8.167541593968743
1985-07-08,7.652434382589462
1985-07-09,7.186905712187362
1985-07-10,6.821082361178863
1985-07-11,6.519835737040477
1985-07-12,6.788117280473526
1985-07-13,7.351037814576657
1985-07-14,6.956124776291155
1985-07-15,6.802511304098026
1985-07-16,6.855635142294626
1985-07-17,6.536105100331451
1985-07-18,6.251883457267588
1985-07-19,6.017287859842714
1985-07-20,5.821740175815642
1985-07-21,5.73586724396155
1985-07-22,5.6971576993679145
1985-07-23,5.553198088850494
1985-07-24,5.42130123520293
1985-07-25,5.307443590757804
1985-07-26,5.208075156547703
1985-07-27,5.192087513697264
1985-07-28,5.171912530476506
1985-07-29,5.139757907565454
1985-07-30,6.192605738362315
1985-07-31,8.446471428989126
1985-08-01,9.326070133639949
1985-08-02,8.889295317310095
1985-08-03,8.25895360258263
1985-08-04,7.653105226938404
1985-08-05,7.114273775683821
1985-08-06,6.8140816739758625
1985-08-07,6.563503950366829
1985-08-08,6.283732714392062
1985-08-09,5.993509047386277
1985-08-10,6.502030566786527
1985-08-11,7.712542568086288
1985-08-12,7.372093348687007
1985-08-13,6.836117046747874
1985-08-14,6.477945536902084
1985-08-15,6.337510326991469
1985-08-16,6.419291168276621
1985-08-17,6.301264842764145
1985-08-18,5.958021280805582
1985-08-19,5.966449346809857
1985-08-20,6.573769402418466
1985-08-21,6.6472391636749295
1985-08-22,6.330322419243179
1985-08-23,5.9927830834780655
1985-08-24,5.681505870969203
1985-08-25,5.427019266413633
1985-08-26,5.217203933117337
1985-08-27,5.04256463084299
1985-08-28,4.895761245636329
1985-08-29,4.77109033933848
1985-08-30,4.664098567846762
1985-08-31,4.571292598768434
1985-09-01,4.489920134528659
1985-09-02,4.417803672522217
1985-09-03,4.353932446785467
1985-09-04,4.356299975201574
1985-09-05,4.388938805606803
1985-09-06,4.341525413674023
1985-09-07,4.272172123823615
1985-09-08,4.210047548928969
1985-09-09,4.153828974100057
1985-09-10,4.102457563836692
1985-09-11,4.055336752081537
1985-09-12,4.037042308183711
1985-09-13,4.006325116880722
1985-09-14,3.9618264519117488
1985-09-15,3.9202453136343767
1985-09-16,4.131246827090655
1985-09-17,4.618710934552855
1985-09-18,4.843480088900298
1985-09-19,5.477935788133006
1985-09-20,5.169347944453551
1985-09-21,5.002992374277357
1985-09-22,4.9845875503735835
1985-09-23,4.743691089177055
1985-09-24,4.537653023017595
1985-09-25,4.367113838263509
1985-09-26,4.224673464829324
1985-09-27,4.104576651598026
1985-09-28,4.002325980245208
1985-09-29,3.914391034177317
1985-09-30,3.840914666995799
1985-10-01,4.2073975576296085
1985-10-02,6.791216263836041
1985-10-03,9.17768295579147
1985-10-04,8.107554994716443
1985-10-05,7.42963541351763
1985-10-06,6.664223541001854
1985-10-07,6.050253571655311
1985-10-08,5.5627017048413085
1985-10-09,5.172624061605985
1985-10-10,4.858138754863626
1985-10-11,4.625383007765778
1985-10-12,4.4594400843398185
1985-10-13,4.277161347693933
1985-10-14,4.122833559542217
1985-10-15,3.9935050669468466
1985-10-16,3.8842601655791866
1985-10-17,3.986430030586558
1985-10-18,5.893516900212958
1985-10-19,8.725367334279884
1985-10-20,10.532468241203887
1985-10-21,16.372450060235806
1985-10-22,21.41655536906558
1985-10-23,18.464608186139394
1985-10-24,15.168735532665153
1985-10-25,13.812557497663947
1985-10-26,13.60362657865531
1985-10-27,11.517929149670222
1985-10-28,9.892540683458666
1985-10-29,8.638520455817362
1985-10-30,7.667869462428811
1985-10-31,6.952554689977007
1985-11-01,6.34060259527057
1985-11-02,7.376119662812138
1985-11-03,11.21963280821293
1985-11-04,12.436173620674383
1985-11-05,10.645470498689736
1985-11-06,9.238143637626422
1985-11-07,8.147656378282067
1985-11-08,7.296020297283807
1985-11-09,6.882468260238196
1985-11-10,10.264033724301868
1985-11-11,14.814025421435579
1985-11-12,13.951958656714497
1985-11-13,14.418854233300687
1985-11-14,12.123238252039153
1985-11-15,10.409268759241103
1985-11-16,9.090203437156665
1985-11-17,15.340774818166315
1985-11-18,21.22882668399602
1985-11-19,17.92310862020833
1985-11-20,15.257989766866002
1985-11-21,13.563642423135315
1985-11-22,12.510190571880385
1985-11-23,13.167716328366383
1985-11-24,12.638433318126195
1985-11-25,11.391592434828754
1985-11-26,10.819530796648623
1985-11-27,10.497173460870158
1985-11-28,10.998666729266347
1985-11-29,13.196537091591741
1985-11-30,17.432676284657404
1985-12-01,15.630347474904127
1985-12-02,19.199670193253887
1985-12-03,31.236154013979917
1985-12-04,51.793597717282516
1985-12-05,59.86411507989802
1985-12-06,43.0990544518962
1985-12-07,33.30791224143111
1985-12-08,26.672425775973732
1985-12-09,21.768377794261653
1985-12-10,18.106489832742252
1985-12-11,15.345501447459242
1985-12-12,13.244477597057182
1985-12-13,16.36510330446084
1985-12-14,22.475223545130934
1985-12-15,19.34076903440854
1985-12-16,20.672455854067646
1985-12-17,22.964606992712294
1985-12-18,19.163454767836285
1985-12-19,16.485833820362377
1985-12-20,17.40599087271403
1985-12-21,18.691022886539525
1985-12-22,19.866254894451995
1985-12-23,24.347781144079594
1985-12-24,24.414445434836423
1985-12-25,25.751128358734665
1985-12-26,22.79442244498638
1985-12-27,28.358089931996798
1985-12-28,38.126728944907384
1985-12-29,30.647072885257973
1985-12-30,41.24525021589969
1985-12-31,71.63135370060445
1986-01-01,60.92362797728035
1986-01-02,44.67746105072933
1986-01-03,38.13755134867437
1986-01-04,30.77595067941118
1986-01-05,25.827523756234697
1986-01-06,24.687985554269876
1986-01-07,24.25886126485015
1986-01-08,20.51754862051674
1986-01-09,17.632844103653763
1986-01-10,15.43639119981468
1986-01-11,13.748176539012036
1986-01-12,12.438543632806622
1986-01-13,11.41319996360542
1986-01-14,10.602954671708526
1986-01-15,9.956611712328368
1986-01-16,9.435994595263418
1986-01-17,9.01242805280497
1986-01-18,8.664226457407082
1986-01-19,8.374885048979815
1986-01-20,8.131766501730004
1986-01-21,8.015886800152254
1986-01-22,8.687773340883359
1986-01-23,9.51553610578727
1986-01-24,9.006755407929676
1986-01-25,8.598117094433938
1986-01-26,8.26234980898642
1986-01-27,8.516702220472904
1986-01-28,10.184494353192166
1986-01-29,14.780294503722368
1986-01-30,26.523000435269697
1986-01-31,41.07814911358643
1986-02-01,37.096566117296284
1986-02-02,31.443110791160507
1986-02-03,25.73421843310271
1986-02-04,21.49039800809922
1986-02-05,18.304035870778236
1986-02-06,16.028507576413336
1986-02-07,15.870958919186274
1986-02-08,16.532893485287712
1986-02-09,14.585376081374825
1986-02-10,13.03376654157501
1986-02-11,11.827470523196167
1986-02-12,10.880994029078735
1986-02-13,13.295794062069247
1986-02-14,19.058498903331976
1986-02-15,16.39281424236067
1986-02-16,14.404071435491403
1986-02-17,12.872608176043547
1986-02-18,11.682283309981086
1986-02-19,10.748518437967135
1986-02-20,10.009164420934127
1986-02-21,9.677003387099093
1986-02-22,10.602104293246292
1986-02-23,12.347137161875011
1986-02-24,12.043790035321976
1986-02-25,11.001575316223992
1986-02-26,10.177187095769936
1986-02-27,9.521294660652922
1986-02-28,10.870461682420386
1986-03-01,15.224038050393041
1986-03-02,16.152506565583085
1986-03-03,14.220935906690585
1986-03-04,12.66563649248451
1986-03-05,11.457520707280581
1986-03-06,10.510582568927308
1986-03-07,9.761588066955428
1986-03-08,9.163662095600696
1986-03-09,9.153182930644977
1986-03-10,9.583097140486384
1986-03-11,9.039768939848711
1986-03-12,8.563617478852278
1986-03-13,8.176077321008746
1986-03-14,7.857456511357456
1986-03-15,7.592740578275737
1986-03-16,8.406170389948796
1986-03-17,10.046936363128763
1986-03-18,9.461263544629496
1986-03-19,9.117245395041563
1986-03-20,8.988521783677479
1986-03-21,8.484921763693523
1986-03-22,8.054414202259997
1986-03-23,7.874214483389971
1986-03-24,8.000635519631107
1986-03-25,7.816557993684149
1986-03-26,7.735939335911168
1986-03-27,8.709280171995522
1986-03-28,10.290832541010476
1986-03-29,13.389103709247903
1986-03-30,16.956431121241117
1986-03-31,15.009255264050717
1986-04-01,13.122162737618
1986-04-02,11.652466712192714
1986-04-03,10.510221299457383
1986-04-04,9.61467196791518
1986-04-05,8.925105046231733
1986-04-06,8.514682590925213
1986-04-07,8.125616679211278
1986-04-08,7.712964782439955
1986-04-09,7.371410565785719
1986-04-10,7.08998648410164
1986-04-11,6.855705347517812
1986-04-12,6.946780622609001
1986-04-13,8.59452977159787
1986-04-14,10.306062094434365
1986-04-15,9.453422523766188
1986-04-16,8.715546203067191
1986-04-17,8.128348268988018
1986-04-18,7.715716076733313
1986-04-19,7.440277396088418
1986-04-20,7.106292000245276
1986-04-21,6.821010721369368
1986-04-22,6.584214082107459
1986-04-23,6.416117979334747
1986-04-24,6.289005636466405
1986-04-25,6.177631122626873
1986-04-26,6.1343042439542765
1986-04-27,7.886774761895757
1986-04-28,13.180292849369033
1986-04-29,15.602713412198064
1986-04-30,14.880074346123697
1986-05-01,15.838186138839726
1986-05-02,18.93355068784623
1986-05-03,17.74710307379221
1986-05-04,17.31307210668277
1986-05-05,18.48567462640877
1986-05-06,20.809464375702238
1986-05-07,19.82151174362035
1986-05-08,18.698794181721418
1986-05-09,16.239288321617313
1986-05-10,14.242959848084821
1986-05-11,13.155326577751566
1986-05-12,12.305554488049092
1986-05-13,10.99864380286977
1986-05-14,9.934997180490994
1986-05-15,9.131967873865758
1986-05-16,8.499080346123955
1986-05-17,7.9586499842845875
1986-05-18,9.110211936215933
1986-05-19,12.727897752990467
1986-05-20,12.89801782561352
1986-05-21,11.468247853661284
1986-05-22,10.280177971386014
1986-05-23,9.350744075067057
1986-05-24,10.16248806326638
1986-05-25,12.856538330774
1986-05-26,12.671533753484466
1986-05-27,13.63939173735743
1986-05-28,14.10172610137383
1986-05-29,12.362306116452762
1986-05-30,10.974749692493328
1986-05-31,10.146432679721068
1986-06-01,11.800378035389805
1986-06-02,14.280535659315028
1986-06-03,13.135813798060495
1986-06-04,11.642503516366473
1986-06-05,10.416036265487257
1986-06-06,9.45762620224042
1986-06-07,8.702230748918215
1986-06-08,8.101665476901163
1986-06-09,7.619958683481829
1986-06-10,7.249052703429264
1986-06-11,7.538768648099226
1986-06-12,9.935701082572583
1986-06-13,12.883200043072195
1986-06-14,12.101617468754505
1986-06-15,10.795266106665911
1986-06-16,9.723553968612828
1986-06-17,8.881434709793487
1986-06-18,8.214860308917817
1986-06-19,7.782427721490966
1986-06-20,8.255082731717376
1986-06-21,8.98806657837953
1986-06-22,8.44710803270736
1986-06-23,8.0525446905514
1986-06-24,7.891347728503951
1986-06-25,7.428146204265624
1986-06-26,7.027735971223855
1986-06-27,6.841221783844081
1986-06-28,6.760948950640464
1986-06-29,6.490411568775688
1986-06-30,6.251888066481654
1986-07-01,6.052569719409493
1986-07-02,5.88427354057016
1986-07-03,5.807401844795589
1986-07-04,6.014934299461143
1986-07-05,6.249486617279785
1986-07-06,6.2805593440519765
1986-07-07,6.17157532234074
1986-07-08,7.245058654482704
1986-07-09,9.494892488831061
1986-07-10,9.003046277656447
1986-07-11,8.365270615770253
1986-07-12,7.691242073346419
1986-07-13,7.153841581663483
1986-07-14,6.7222632316424535
1986-07-15,6.578808428389219
1986-07-16,6.563525172895787
1986-07-17,6.256692753315527
1986-07-18,5.98837956466966
1986-07-19,5.784290507830573
1986-07-20,5.6030344522538185
1986-07-21,5.545794752049267
1986-07-22,5.562757758757594
1986-07-23,5.410742070235815
1986-07-24,5.266357187426428
1986-07-25,5.1426644271475
1986-07-26,5.035551279666446
1986-07-27,4.94178293560032
1986-07-28,4.858804140741262
1986-07-29,4.784588261487362
1986-07-30,4.717521714752269
1986-07-31,4.656315038958739
1986-08-01,4.599934142869989
1986-08-02,4.547546915612913
1986-08-03,4.498481588373942
1986-08-04,4.4521941284849085
1986-08-05,4.408242606896977
1986-08-06,4.3684961157067255
1986-08-07,4.43341706629831
1986-08-08,4.7417754082086825
1986-08-09,5.008824103858827
1986-08-10,4.986474277889999
1986-08-11,5.210718099203997
1986-08-12,5.959891566120163
1986-08-13,6.270021580608586
1986-08-14,8.008907648949153
1986-08-15,10.875573604992917
1986-08-16,10.04558470535361
1986-08-17,9.145940679545557
1986-08-18,8.378964626663194
1986-08-19,8.72923889198731
1986-08-20,11.51730129668743
1986-08-21,12.84606155733669
1986-08-22,13.417493242701843
1986-08-23,15.233956350597724
1986-08-24,14.628898722210414
1986-08-25,17.165798410398825
1986-08-26,25.654498753745212
1986-08-27,32.23659668750101
1986-08-28,26.687472473047475
1986-08-29,21.606429658605446
1986-08-30,17.78696420297038
1986-08-31,14.91364351088036
1986-09-01,13.123677019388202
1986-09-02,12.098335432143111
1986-09-03,10.611679235303184
1986-09-04,9.424457984180629
1986-09-05,8.602168180762936
1986-09-06,8.036060417583824
1986-09-07,7.413905179578097
1986-09-08,6.904933287126258
1986-09-09,6.495580282638898
1986-09-10,6.163458063964786
1986-09-11,5.891547271147637
1986-09-12,5.736007092357018
1986-09-13,5.712367547994458
1986-09-14,5.527458906771077
1986-09-15,5.7266828648374934
1986-09-16,6.411557233648378
1986-09-17,6.2034156787652455
1986-09-18,5.894646327483847
1986-09-19,5.637259575441468
1986-09-20,5.424421320026227
1986-09-21,5.246696106853464
1986-09-22,5.096783470586545
1986-09-23,4.969006001855352
1986-09-24,4.858927171572852
1986-09-25,4.763064238751604
1986-09-26,4.678671308703241
1986-09-27,4.603574480756785
1986-09-28,4.536045911397865
1986-09-29,4.474707119654631
1986-09-30,4.418454387464812
1986-10-01,4.366400942497875
1986-10-02,4.317831952162413
1986-10-03,4.272169344032708
1986-10-04,4.228944197744348
1986-10-05,4.1877749963364055
1986-10-06,5.095767907346473
1986-10-07,7.044220430714745
1986-10-08,6.607668133304312
1986-10-09,6.091563555620248
1986-10-10,5.690153432858508
1986-10-11,5.365680221990394
1986-10-12,5.101209093836573
1986-10-13,4.883768384215334
1986-10-14,4.7033762978685845
1986-10-15,4.552310570587324
1986-10-16,4.424566698736048
1986-10-17,4.3154534204858
1986-10-18,6.931929549980702
1986-10-19,11.564715364404911
1986-10-20,10.010182682192664
1986-10-21,9.135773023805756
1986-10-22,8.915688023005364
1986-10-23,7.985633550211872
1986-10-24,7.181831270969859
1986-10-25,12.544874190016762
1986-10-26,25.91515975559722
1986-10-27,28.361167325529475
1986-10-28,22.90566771874489
1986-10-29,19.323476310345942
1986-10-30,16.51108320173846
1986-10-31,13.864032821928937
1986-11-01,11.82497143058626
1986-11-02,10.259990842514744
1986-11-03,11.011764330298726
1986-11-04,13.84994400498933
1986-11-05,12.948405352067809
1986-11-06,11.162677852576392
1986-11-07,9.823958589533154
1986-11-08,9.149551327932874
1986-11-09,8.850904256343595
1986-11-10,8.500142204725647
1986-11-11,7.701118932085401
1986-11-12,7.061360380178233
1986-11-13,6.551858738077783
1986-11-14,6.142725023584213
1986-11-15,5.961694823990146
1986-11-16,6.14765010516023
1986-11-17,9.243965629663425
1986-11-18,14.421861510213846
1986-11-19,13.67603858585066
1986-11-20,13.349580155602473
1986-11-21,11.76690390394466
1986-11-22,22.381064222722415
1986-11-23,43.56252672336916
1986-11-24,39.734962161539464
1986-11-25,31.027505048442688
1986-11-26,24.866882086456013
1986-11-27,20.305826123568288
1986-11-28,16.89449403706705
1986-11-29,15.841809212248323
1986-11-30,17.453423007223897
1986-12-01,15.783168614512036
1986-12-02,13.522088373282735
1986-12-03,11.764124542208378
1986-12-04,11.700362552798692
1986-12-05,17.4249008722968
1986-12-06,26.599799576495645
1986-12-07,27.828883127202502
1986-12-08,22.71925066240721
1986-12-09,18.812342132951517
1986-12-10,15.874699753161698
1986-12-11,13.644907985942888
1986-12-12,11.937010461826338
1986-12-13,10.617310236855774
1986-12-14,9.588732565954107
1986-12-15,10.07867507840706
1986-12-16,12.203600170719445
1986-12-17,13.13551867065516
1986-12-18,15.699104318207597
1986-12-19,22.27125856756204
1986-12-20,30.35072402714884
1986-12-21,33.956509729081596
1986-12-22,31.439256501784147
1986-12-23,26.796605112088468
1986-12-24,22.658649227321277
1986-12-25,19.199029904435715
1986-12-26,17.39749870106927
1986-12-27,17.020126451693397
1986-12-28,14.793686070884092
1986-12-29,12.95121325247353
1986-12-30,11.52731075039543
1986-12-31,10.41863525423368
1987-01-01,9.547853706892024
1987-01-02,8.860445927441866
1987-01-03,8.870910071615796
1987-01-04,9.621880370708366
1987-01-05,9.256153167468744
1987-01-06,8.613444913468303
1987-01-07,9.95077842961179
1987-01-08,16.033514469187477
1987-01-09,22.595442279160086
1987-01-10,30.908130451143098
1987-01-11,40.0478993935243
1987-01-12,35.650272075022265
1987-01-13,28.69283197578305
1987-01-14,23.507301149123467
1987-01-15,19.642017337730188
1987-01-16,16.73175128633921
1987-01-17,23.79691938277117
1987-01-18,34.73030809205077
1987-01-19,33.645721516722624
1987-01-20,28.8131787783171
1987-01-21,23.732052620441152
1987-01-22,20.717014119876296
1987-01-23,20.173962572161965
1987-01-24,18.979394270105157
1987-01-25,16.686734637395997
1987-01-26,18.07535485551127
1987-01-27,20.51735339819862
1987-01-28,17.601764885221247
1987-01-29,16.601683724350654
1987-01-30,19.176488468921708
1987-01-31,21.385344889636496
1987-02-01,21.625178850171068
1987-02-02,21.2590509638237
1987-02-03,19.877214169391845
1987-02-04,22.9397225474799
1987-02-05,27.424732941450355
1987-02-06,33.40078490394748
1987-02-07,37.61375814551386
1987-02-08,35.331048276407635
1987-02-09,36.312179942416684
1987-02-10,41.962571851234735
1987-02-11,40.655346429036
1987-02-12,33.4512148123382
1987-02-13,28.863147234443513
1987-02-14,24.299464943849767
1987-02-15,22.755046743811928
1987-02-16,22.261780439420747
1987-02-17,19.324551092875158
1987-02-18,16.868869589097628
1987-02-19,15.085232600483385
1987-02-20,15.602169327261182
1987-02-21,17.047765400848913
1987-02-22,15.177481584129064
1987-02-23,13.670278212291452
1987-02-24,12.495329033665543
1987-02-25,11.570678073176467
1987-02-26,10.835981276223961
1987-02-27,10.246445278716166
1987-02-28,9.768567195193937
1987-03-01,9.377110624603661
1987-03-02,9.053097848573696
1987-03-03,8.86236815189283
1987-03-04,8.681155736041687
1987-03-05,8.45984677994993
1987-03-06,8.439310156371855
1987-03-07,9.145123933638143
1987-03-08,14.436622624433648
1987-03-09,23.10566383689834
1987-03-10,23.92437318821364
1987-03-11,20.833490709091567
1987-03-12,17.893018911649413
1987-03-13,16.611607387590027
1987-03-14,19.26373317394942
1987-03-15,19.58704910715399
1987-03-16,18.02041436560101
1987-03-17,16.06054166435737
1987-03-18,14.713453307311307
1987-03-19,13.232326448929228
1987-03-20,12.050780871629037
1987-03-21,12.725386061378472
1987-03-22,16.392296238004775
1987-03-23,18.00104826149349
1987-03-24,16.726262110742365
1987-03-25,14.84521102655935
1987-03-26,13.289949492735664
1987-03-27,12.080209065047635
1987-03-28,11.130491652149395
1987-03-29,10.377912559783987
1987-03-30,9.775839518422169
1987-03-31,9.289427340732598
1987-04-01,8.892452032621463
1987-04-02,8.565045311612026
1987-04-03,8.292059328731966
1987-04-04,8.06187664526671
1987-04-05,8.87176862623153
1987-04-06,12.121807883342195
1987-04-07,15.047020878426231
1987-04-08,15.971533114808198
1987-04-09,14.983885010469153
1987-04-10,13.36897972441995
1987-04-11,12.044378460018395
1987-04-12,11.008993865851137
1987-04-13,10.19227593608946
1987-04-14,9.542064717030756
1987-04-15,9.019493425259261
1987-04-16,8.595387943990625
1987-04-17,8.24769908322866
1987-04-18,8.885161838445056
1987-04-19,10.267190069092871
1987-04-20,9.624542256409926
1987-04-21,9.041049525752918
1987-04-22,8.573971307770135
1987-04-23,8.345968467316876
1987-04-24,9.30058287821786
1987-04-25,11.425051578039577
1987-04-26,11.078794057233859
1987-04-27,10.17274602750623
1987-04-28,9.434112473881063
1987-04-29,8.844615139665521
1987-04-30,8.369745481801372
1987-05-01,8.379200502693307
1987-05-02,8.850339505970176
1987-05-03,8.391471625308217
1987-05-04,7.981848384876382
1987-05-05,7.646578896964772
1987-05-06,7.36936539349362
1987-05-07,7.137728312097252
1987-05-08,6.942206936801853
1987-05-09,6.775064746259294
1987-05-10,6.630631237235128
1987-05-11,6.504414130207297
1987-05-12,6.392857427964671
1987-05-13,7.005130629336332
1987-05-14,9.300525364549157
1987-05-15,11.51878772131009
1987-05-16,14.279230332081616
1987-05-17,15.944681728787172
1987-05-18,14.728883328452044
1987-05-19,12.87828893276636
1987-05-20,11.422255325113989
1987-05-21,10.29025855495456
1987-05-22,9.402572314503285
1987-05-23,8.916246410322548
1987-05-24,8.836701762691684
1987-05-25,8.33720708364274
1987-05-26,7.842261109071525
1987-05-27,7.441745344969129
1987-05-28,7.114564829111084
1987-05-29,6.844656101806501
1987-05-30,6.619714136680315
1987-05-31,6.430259812734381
1987-06-01,6.268952052097898
1987-06-02,6.130076944108154
1987-06-03,6.0091658542982564
1987-06-04,5.90270819932784
1987-06-05,5.807934164497027
1987-06-06,5.7226494247588855
1987-06-07,5.6850281779388725
1987-06-08,5.651229356622249
1987-06-09,5.575734890954318
1987-06-10,5.504203679575245
1987-06-11,5.716769189997273
1987-06-12,6.25891125415371
1987-06-13,6.657172727326027
1987-06-14,7.4665471080289505
1987-06-15,6.997340807025444
1987-06-16,6.962804368088125
1987-06-17,7.088371055038837
1987-06-18,6.7182791661096575
1987-06-19,6.39099528439315
1987-06-20,6.122457442758051
1987-06-21,5.900002689088822
1987-06-22,5.713881638061853
1987-06-23,5.556548135641197
1987-06-24,5.422131939352172
1987-06-25,5.306044723381119
1987-06-26,5.204683893364563
1987-06-27,5.115208634904306
1987-06-28,5.035369645079366
1987-06-29,4.963378999996293
1987-06-30,4.897810201396941
1987-07-01,4.837521038854233
1987-07-02,4.781593790089392
1987-07-03,4.729288662074316
1987-07-04,4.6937891476814055
1987-07-05,4.657396909300709
1987-07-06,4.609599409995927
1987-07-07,4.563767433414469
1987-07-08,4.520022081329507
1987-07-09,4.478050469636318
1987-07-10,4.4375965140692735
1987-07-11,4.398450028397849
1987-07-12,4.360438017937294
1987-07-13,4.323417704937002
1987-07-14,4.287270924864944
1987-07-15,4.251899611374889
1987-07-16,4.217222148541793
1987-07-17,4.183170416058879
1987-07-18,4.149687389724799
1987-07-19,4.116725188140574
1987-07-20,4.084243478926092
1987-07-21,4.052208175357737
1987-07-22,4.020590368194445
1987-07-23,3.989365448422129
1987-07-24,3.9585123853392687
1987-07-25,3.928013131319604
1987-07-26,3.9015466430742483
1987-07-27,3.8744600753678413
1987-07-28,3.8442510928274487
1987-07-29,3.814352861774674
1987-07-30,3.7848519271362844
1987-07-31,3.755723734383558
1987-08-01,3.7269473567967473
1987-08-02,3.6985048859127616
1987-08-03,3.670380929155296
1987-08-04,3.7252062814343585
1987-08-05,3.863950747399057
1987-08-06,3.7550548230833276
1987-08-07,3.703813822457727
1987-08-08,3.6571043790806868
1987-08-09,3.6141269265341873
1987-08-10,3.5746871205638353
1987-08-11,3.537705506129985
1987-08-12,3.502414134899196
1987-08-13,3.468946529823112
1987-08-14,3.4370195927348948
1987-08-15,3.4199133149205565
1987-08-16,3.414348267334606
1987-08-17,3.381671740253051
1987-08-18,3.349345098061145
1987-08-19,3.3419207316856183
1987-08-20,3.363331209529686
1987-08-21,3.321733224855858
1987-08-22,3.2854857086633626
1987-08-23,3.251575455458633
1987-08-24,3.2196652157065393
1987-08-25,3.212151654474653
1987-08-26,3.2226857596791327
1987-08-27,3.1874606821179063
1987-08-28,3.15289675881748
1987-08-29,3.120559095439976
1987-08-30,3.090084962004298
1987-08-31,3.0611788570974077
1987-09-01,3.0335993812585023
1987-09-02,3.0071487996652437
1987-09-03,2.9816647164400067
1987-09-04,2.957173294652231
1987-09-05,2.9493344468299134
1987-09-06,3.0252646561247993
1987-09-07,3.5159713829000503
1987-09-08,3.788434155326522
1987-09-09,3.632612397334236
1987-09-10,3.459155753945589
1987-09-11,3.336139283450173
1987-09-12,3.5123683946943296
1987-09-13,3.9551785694429173
1987-09-14,3.92141816152079
1987-09-15,3.836215107502181
1987-09-16,3.6845981768867375
1987-09-17,3.5063106225045737
1987-09-18,3.362488765124367
1987-09-19,3.2427574503134675
1987-09-20,3.142216746759594
1987-09-21,3.057028267563082
1987-09-22,2.984171975483111
1987-09-23,2.921261787119336
1987-09-24,3.117140286308341
1987-09-25,3.5008564052427134
1987-09-26,3.291401984881661
1987-09-27,3.166064333644728
1987-09-28,3.0612411681596843
1987-09-29,2.972803677468921
1987-09-30,2.8975084512084606
1987-10-01,2.832796737857377
1987-10-02,2.776641731092793
1987-10-03,3.0497223685619055
1987-10-04,3.5397317840016345
1987-10-05,3.302105773201666
1987-10-06,3.15541869605412
1987-10-07,3.033818024776874
1987-10-08,2.9321739338122312
1987-10-09,2.8464735252325664
1987-10-10,2.9203616251645292
1987-10-11,3.095340830094702
1987-10-12,3.2077715882714433
1987-10-13,3.391429023113052
1987-10-14,3.198218241631988
1987-10-15,3.0553484081489724
1987-10-16,2.936279631345893
1987-10-17,2.8367371833100825
1987-10-18,2.752811739850605
1987-10-19,2.681427361994817
1987-10-20,2.6201537114213527
1987-10-21,2.5670629082789564
1987-10-22,2.520619857760643
1987-10-23,2.4795978091539874
1987-10-24,2.4430130394728784
1987-10-25,2.4100741060102364
1987-10-26,2.3801422512072565
1987-10-27,2.352700384031026
1987-10-28,2.3273286861885834
1987-10-29,2.3782022800977267
1987-10-30,2.503997246069337
1987-10-31,2.4535888958326866
1987-11-01,2.404311369821666
1987-11-02,2.3612013879135003
1987-11-03,2.3231233557035944
1987-11-04,2.2891660647397054
1987-11-05,2.2585959631136796
1987-11-06,2.2308206678142306
1987-11-07,2.2053603595736955
1987-11-08,2.1818252711521215
1987-11-09,2.159897905912357
1987-11-10,2.1393189433034525
1987-11-11,2.119876029123258
1987-11-12,2.1321055619045612
1987-11-13,2.4618728237077536
1987-11-14,2.7696454775437247
1987-11-15,2.603059684536197
1987-11-16,2.654843980045483
1987-11-17,2.6766120909640407
1987-11-18,2.543467934192367
1987-11-19,2.4458721741695197
1987-11-20,2.364148672093923
1987-11-21,2.333682300998392
1987-11-22,2.356576983673293
1987-11-23,2.287208208822373
1987-11-24,2.227042617021791
1987-11-25,2.175464626798506
1987-11-26,2.130849868904871
1987-11-27,2.0919017418706027
1987-11-28,2.057581657888187
1987-11-29,2.027054923684474
1987-11-30,2.0355141429476244
1987-12-01,2.255615888010402
1987-12-02,2.6041433250527057
1987-12-03,2.9910479398254552
1987-12-04,3.3676135782898027
1987-12-05,3.4270001174161586
1987-12-06,3.1211217503289066
1987-12-07,2.8934946382581423
1987-12-08,2.7089352544771024
1987-12-09,2.5582998142170004
1987-12-10,2.4345088310697136
1987-12-11,4.923991200425754
1987-12-12,8.771748318676991
1987-12-13,9.549532297098468
1987-12-14,9.1180943082123
1987-12-15,10.716150833340764
1987-12-16,12.044210603387086
1987-12-17,13.07181617094831
1987-12-18,12.631366778504026
1987-12-19,10.376858239063592
1987-12-20,8.659412612790726
1987-12-21,7.639759120998491
1987-12-22,11.498779191227515
1987-12-23,19.59296296400493
1987-12-24,19.94453373832162
1987-12-25,17.709863218485474
1987-12-26,22.46818106400104
1987-12-27,29.001072155707107
1987-12-28,26.226245095381987
1987-12-29,20.8150524198111
1987-12-30,16.90960375493651
1987-12-31,14.339996512494338
1988-01-01,12.139517254312993
1988-01-02,10.232760704172152
1988-01-03,8.763736669962325
1988-01-04,7.901383536181847
1988-01-05,7.977250249585302
1988-01-06,11.434569708217799
1988-01-07,15.910692849617023
1988-01-08,13.21349851878484
1988-01-09,11.091777389953721
1988-01-10,9.575275552773377
1988-01-11,8.553138142305219
1988-01-12,8.0590211769069
1988-01-13,10.35260359200928
1988-01-14,13.345780535222731
1988-01-15,12.790954062736084
1988-01-16,13.412778968141128
1988-01-17,16.349503451904013
1988-01-18,16.859531724496442
1988-01-19,13.983744845169781
1988-01-20,11.763665596648543
1988-01-21,10.068223121702756
1988-01-22,8.762570399441563
1988-01-23,7.748928687319942
1988-01-24,6.955737741540457
1988-01-25,6.330172893079429
1988-01-26,5.8329263897175965
1988-01-27,6.0148920640227255
1988-01-28,7.114979922960642
1988-01-29,8.87906034324048
1988-01-30,10.701084942859694
1988-01-31,10.927346631137878
1988-02-01,12.765461424828578
1988-02-02,13.134804178322566
1988-02-03,13.405302743855628
1988-02-04,16.594285007084782
1988-02-05,27.600663607881145
1988-02-06,28.69173086581374
1988-02-07,24.968503816037003
1988-02-08,22.693025299659997
1988-02-09,19.6399350102774
1988-02-10,18.010060348779795
1988-02-11,18.044008019164483
1988-02-12,15.139314159520062
1988-02-13,12.832054636281967
1988-02-14,12.506879977934886
1988-02-15,16.961656445525133
1988-02-16,22.3307169680739
1988-02-17,22.545993776651596
1988-02-18,18.462162475331766
1988-02-19,15.41782103034525
1988-02-20,13.806162076532855
1988-02-21,14.78563671288756
1988-02-22,16.244484068029276
1988-02-23,17.054578857328345
1988-02-24,15.620333730619251
1988-02-25,15.29478384620078
1988-02-26,14.747590584308611
1988-02-27,17.933335634410096
1988-02-28,19.81571794723999
1988-02-29,18.257804326301354
1988-03-01,16.92933018394788
1988-03-02,14.633407639707789
1988-03-03,12.740663853714265
1988-03-04,11.395439791798893
1988-03-05,10.439527783309833
1988-03-06,9.910675992267842
1988-03-07,8.981077410207952
1988-03-08,8.222724795729725
1988-03-09,7.767642555942636
1988-03-10,8.717679724827521
1988-03-11,10.902083413257637
1988-03-12,15.47902452703939
1988-03-13,22.12343879754073
1988-03-14,22.808520097299525
1988-03-15,23.967291896481594
1988-03-16,26.03076900046805
1988-03-17,24.42116136204703
1988-03-18,23.110656294925292
1988-03-19,27.741563510024804
1988-03-20,30.997645218588232
1988-03-21,29.786857086917507
1988-03-22,32.10891877372554
1988-03-23,33.29185570711544
1988-03-24,31.38262102149204
1988-03-25,34.603959646846505
1988-03-26,35.31378223375109
1988-03-27,30.289544595942175
1988-03-28,26.201601042313424
1988-03-29,22.08179091936459
1988-03-30,19.11358017037468
1988-03-31,16.382115649225884
1988-04-01,14.265119637865043
1988-04-02,14.452152780483878
1988-04-03,16.282772876101827
1988-04-04,16.333725177452898
1988-04-05,21.696165424635424
1988-04-06,31.321342339864085
1988-04-07,36.33889589209389
1988-04-08,39.58214130776866
1988-04-09,51.289273751853564
1988-04-10,44.12423748407366
1988-04-11,34.855375282737775
1988-04-12,28.79849817508698
1988-04-13,24.832981680364735
1988-04-14,21.455402462092035
1988-04-15,19.36427599724684
1988-04-16,17.521550293170556
1988-04-17,16.770272083036
1988-04-18,17.99772725579864
1988-04-19,19.301726103788685
1988-04-20,21.589676561576436
1988-04-21,25.839670263183518
1988-04-22,23.28492877517657
1988-04-23,19.808617878469104
1988-04-24,17.133739400158536
1988-04-25,15.0934539911448
1988-04-26,13.511782698559552
1988-04-27,12.528469472032072
1988-04-28,14.533397285685353
1988-04-29,17.637996437513124
1988-04-30,15.549374643826257
1988-05-01,13.845368915759806
1988-05-02,12.524261055320963
1988-05-03,11.490374574935657
1988-05-04,11.360564739102493
1988-05-05,11.809260101086643
1988-05-06,10.969679500326073
1988-05-07,10.244553814192654
1988-05-08,9.663355454688885
1988-05-09,9.19308787666472
1988-05-10,11.121834454172387
1988-05-11,15.124685865267999
1988-05-12,14.194163148800959
1988-05-13,12.755165892054265
1988-05-14,11.60298181738412
1988-05-15,10.697278083856402
1988-05-16,10.951609314829945
1988-05-17,12.39286444304435
1988-05-18,11.477969015395447
1988-05-19,11.083067072787797
1988-05-20,18.296273590494753
1988-05-21,29.647019764674795
1988-05-22,25.485342913768093
1988-05-23,22.665850356864752
1988-05-24,21.494610394193362
1988-05-25,19.578026237463337
1988-05-26,16.899430476627842
1988-05-27,14.81607502668163
1988-05-28,13.212561186825788
1988-05-29,13.25504183532142
1988-05-30,14.709650094054917
1988-05-31,13.72657848332801
1988-06-01,12.725942935721571
1988-06-02,11.695522481915932
1988-06-03,10.776685248155603
1988-06-04,10.037740359491657
1988-06-05,9.446525567259235
1988-06-06,8.968880208219806
1988-06-07,8.579084900010239
1988-06-08,8.257646083170462
1988-06-09,7.989696103683638
1988-06-10,7.945417866459071
1988-06-11,8.20265317779812
1988-06-12,9.576653871443122
1988-06-13,12.125411641687997
1988-06-14,11.45625520928341
1988-06-15,11.432946369766816
1988-06-16,13.006164670519814
1988-06-17,13.19458089830418
1988-06-18,12.756268153279754
1988-06-19,12.593506967577317
1988-06-20,12.472803537803436
1988-06-21,11.29303206846617
1988-06-22,10.96928242910292
1988-06-23,11.103320973549904
1988-06-24,10.236691705198497
1988-06-25,9.49494432524233
1988-06-26,8.902837553424463
1988-06-27,8.425714889323261
1988-06-28,8.03749352868857
1988-06-29,7.718411692677495
1988-06-30,7.453402490191006
1988-07-01,7.230910475389789
1988-07-02,7.042023777008111
1988-07-03,6.879833055108829
1988-07-04,6.740838671021152
1988-07-05,6.618159861372831
1988-07-06,6.507655548238488
1988-07-07,6.408417479109658
1988-07-08,6.318349320875714
1988-07-09,6.235782620333127
1988-07-10,6.159384498469447
1988-07-11,6.088086329917772
1988-07-12,6.021028388741603
1988-07-13,5.957516701781008
1988-07-14,5.896989279506696
1988-07-15,5.93402076384944
1988-07-16,6.248989397937753
1988-07-17,6.513187978070633
1988-07-18,6.310327652879946
1988-07-19,6.155477769654997
1988-07-20,6.021775495618141
1988-07-21,5.905022983913497
1988-07-22,5.801920019312387
1988-07-23,5.709861014247216
1988-07-24,5.626780443078164
1988-07-25,5.551034546989272
1988-07-26,5.4813103518475215
1988-07-27,5.416869352012033
1988-07-28,5.3898535472562905
1988-07-29,5.8514202202610015
1988-07-30,7.194635984873579
1988-07-31,7.616072590393436
1988-08-01,7.090857712240727
1988-08-02,6.692813418473627
1988-08-03,6.369023601342158
1988-08-04,6.103165579942829
1988-08-05,5.882745508476937
1988-08-06,5.698146244697916
1988-08-07,5.541925517525969
1988-08-08,5.4082950402450445
1988-08-09,5.292731408472398
1988-08-10,5.191683655633671
1988-08-11,5.105114737005034
1988-08-12,5.030707985545085
1988-08-13,4.957868185369397
1988-08-14,4.890926200379291
1988-08-15,4.82941365221355
1988-08-16,4.77238314601508
1988-08-17,4.71907169684206
1988-08-18,4.668862848373556
1988-08-19,4.836015943747646
1988-08-20,5.282046133109863
1988-08-21,5.086880360843796
1988-08-22,4.953923770433617
1988-08-23,4.83975906344716
1988-08-24,4.89767774603293
1988-08-25,5.192651234370622
1988-08-26,5.724901669696369
1988-08-27,7.1732823048242516
1988-08-28,7.7923647297273435
1988-08-29,7.099398156572817
1988-08-30,6.547824693125304
1988-08-31,6.101147938620067
1988-09-01,5.741151556541148
1988-09-02,5.555680487003136
1988-09-03,5.5017537421775
1988-09-04,5.258564308893625
1988-09-05,5.047319100084739
1988-09-06,4.871487549649804
1988-09-07,4.723698511062039
1988-09-08,4.59821932387847
1988-09-09,4.744735043259673
1988-09-10,5.279044208431755
1988-09-11,5.255082305589588
1988-09-12,5.05180920261158
1988-09-13,4.858898545212531
1988-09-14,4.685978293991196
1988-09-15,4.6725338065236945
1988-09-16,4.826919020887024
1988-09-17,4.66021176116708
1988-09-18,4.508235799782893
1988-09-19,4.3798691253045385
1988-09-20,4.270341008474255
1988-09-21,4.1759119574978065
1988-09-22,4.093637917633305
1988-09-23,4.021191382805094
1988-09-24,3.9567249526239903
1988-09-25,3.89876673139962
1988-09-26,3.8461397479655943
1988-09-27,3.84662685176638
1988-09-28,3.956155341535993
1988-09-29,3.9487312388525897
1988-09-30,3.8757903874002335
1988-10-01,3.9761819006383647
1988-10-02,4.440713702384514
1988-10-03,4.742342401811732
1988-10-04,5.337932643020863
1988-10-05,6.785853694383526
1988-10-06,9.247836569135057
1988-10-07,11.444595110948383
1988-10-08,18.382279433111623
1988-10-09,29.15312276413511
1988-10-10,27.34775382199768
1988-10-11,24.52847256206498
1988-10-12,20.490180099777294
1988-10-13,16.78272454762107
1988-10-14,13.976135825152872
1988-10-15,11.845205743243609
1988-10-16,10.213391913775707
1988-10-17,9.023862982570513
1988-10-18,8.230593763396564
1988-10-19,7.503309026559886
1988-10-20,7.3449520031145425
1988-10-21,7.143597215738457
1988-10-22,7.520991158474487
1988-10-23,8.524318418230107
1988-10-24,7.654886606359362
1988-10-25,6.948789568692266
1988-10-26,9.810154496995198
1988-10-27,16.14098435626213
1988-10-28,15.831841519294256
1988-10-29,13.320309657764104
1988-10-30,11.372433581998033
1988-10-31,9.88577543078776
1988-11-01,8.815418727013856
1988-11-02,7.899149610696736
1988-11-03,7.171486247485841
1988-11-04,7.083844009052768
1988-11-05,10.515758150611708
1988-11-06,15.590620753011388
1988-11-07,15.054179086649986
1988-11-08,15.032086045109944
1988-11-09,17.312071414933794
1988-11-10,19.537185047326037
1988-11-11,27.136728398970202
1988-11-12,30.449377514157344
1988-11-13,32.27987806148463
1988-11-14,36.01470870906129
1988-11-15,30.036055183639306
1988-11-16,24.16870014235843
1988-11-17,19.983984850318425
1988-11-18,18.309879903142633
1988-11-19,17.182468807598216
1988-11-20,14.58728669580757
1988-11-21,13.1361584534511
1988-11-22,13.097781570263777
1988-11-23,12.635438539997713
1988-11-24,16.129713859151376
1988-11-25,21.817141525091813
1988-11-26,22.07833470896384
1988-11-27,24.277645735570292
1988-11-28,22.421213842627278
1988-11-29,22.82475229485384
1988-11-30,30.882865110516175
1988-12-01,37.59925815393276
1988-12-02,35.23107747840809
1988-12-03,33.12218109902853
1988-12-04,26.778033070979617
1988-12-05,27.951818098165276
1988-12-06,37.404431132481925
1988-12-07,39.23528490043463
1988-12-08,34.52047207734643
1988-12-09,27.91034113458096
1988-12-10,22.966814097219284
1988-12-11,19.27525527861181
1988-12-12,16.49090909308841
1988-12-13,14.370658595053953
1988-12-14,12.741106636294788
1988-12-15,11.477284454811054
1988-12-16,11.253939630309995
1988-12-17,11.808686325446923
1988-12-18,10.79409519802799
1988-12-19,9.940248387716652
1988-12-20,9.262376520191525
1988-12-21,8.719184018049463
1988-12-22,8.279729584829548
1988-12-23,7.9228723944070225
1988-12-24,8.83238217715883
1988-12-25,10.63150879880213
1988-12-26,9.800831762125258
1988-12-27,9.105950588923301
1988-12-28,8.924923707385163
1988-12-29,9.197490862211222
1988-12-30,11.295142901296673
1988-12-31,17.346360603702568
1989-01-01,24.111565665701992
1989-01-02,31.57426014839116
1989-01-03,29.56870678501146
1989-01-04,24.272522519031067
1989-01-05,22.58815031619451
1989-01-06,22.552784431956454
1989-01-07,23.073208100127886
1989-01-08,26.297799351610607
1989-01-09,21.91967336554629
1989-01-10,23.002095426469083
1989-01-11,29.265309364766114
1989-01-12,28.76516342741141
1989-01-13,29.19644845615572
1989-01-14,31.339810892258374
1989-01-15,28.961235839306458
1989-01-16,24.772386691921486
1989-01-17,21.051531287985863
1989-01-18,18.342532924523095
1989-01-19,15.905275010239398
1989-01-20,14.042456528517476
1989-01-21,12.60504287672182
1989-01-22,11.485409413925984
1989-01-23,10.605079413584697
1989-01-24,9.90631437159413
1989-01-25,9.346278858827956
1989-01-26,8.892946934594496
1989-01-27,8.639154727024719
1989-01-28,8.799079492492103
1989-01-29,8.848989337824259
1989-01-30,8.673774874778326
1989-01-31,9.160476162357172
1989-02-01,10.11302856130947
1989-02-02,10.703136329832615
1989-02-03,9.921839271055136
1989-02-04,9.498777234602741
1989-02-05,10.892673381733898
1989-02-06,17.830856011166333
1989-02-07,29.678812654627635
1989-02-08,41.07796826279238
1989-02-09,43.84199963980243
1989-02-10,42.72160778438911
1989-02-11,39.38247142665973
1989-02-12,31.610663646469735
1989-02-13,25.920800921707123
1989-02-14,22.21516477465826
1989-02-15,20.14650758689463
1989-02-16,20.757461018294393
1989-02-17,23.484422531969273
1989-02-18,19.99955812466646
1989-02-19,17.246150805034247
1989-02-20,15.146288092799159
1989-02-21,13.529734224391992
1989-02-22,12.273678843214844
1989-02-23,11.28867554400034
1989-02-24,10.508998673988453
1989-02-25,9.885953351811501
1989-02-26,9.383184272598562
1989-02-27,8.973353118660858
1989-02-28,8.635763268579645
1989-03-01,8.35464684833249
1989-03-02,8.117919286713773
1989-03-03,7.916266793702238
1989-03-04,7.742472909761186
1989-03-05,7.590918086580317
1989-03-06,7.457205435054662
1989-03-07,7.337879116855571
1989-03-08,7.230211216886609
1989-03-09,7.132039555750361
1989-03-10,9.951449491490234
1989-03-11,15.15106098319776
1989-03-12,13.485839268367357
1989-03-13,13.441035116228432
1989-03-14,15.208258167932819
1989-03-15,30.953986280046735
1989-03-16,59.72978660056078
1989-03-17,48.97868569022913
1989-03-18,44.44558123869013
1989-03-19,48.690557589126605
1989-03-20,49.28984594856005
1989-03-21,38.20892032282154
1989-03-22,30.880767733718553
1989-03-23,25.706684849209925
1989-03-24,23.640527886806865
1989-03-25,22.87315684212236
1989-03-26,20.61235972453034
1989-03-27,18.642227272299305
1989-03-28,16.920289156532945
1989-03-29,19.380053457548602
1989-03-30,28.647966113669725
1989-03-31,36.25890489490809
1989-04-01,37.80823777774936
1989-04-02,40.069310062561954
1989-04-03,37.514895037301564
1989-04-04,33.93622939606171
1989-04-05,29.215875267818703
1989-04-06,24.93742609949828
1989-04-07,21.249089837874774
1989-04-08,18.415185312694835
1989-04-09,16.25694932926787
1989-04-10,15.44300143670896
1989-04-11,15.73218460838721
1989-04-12,16.296537168923205
1989-04-13,17.131639274675386
1989-04-14,16.841182607804615
1989-04-15,17.656321381080346
1989-04-16,15.740845468398524
1989-04-17,15.820441373946982
1989-04-18,16.980633064963897
1989-04-19,15.226004543639727
1989-04-20,13.764384781967058
1989-04-21,12.727195672228424
1989-04-22,12.197256901733214
1989-04-23,12.05689578109977
1989-04-24,11.662736066156057
1989-04-25,10.980186651288472
1989-04-26,10.403781515935082
1989-04-27,9.92875668163952
1989-04-28,9.539083610040079
1989-04-29,9.216066200120107
1989-04-30,8.945246969188466
1989-05-01,8.715535510611787
1989-05-02,8.518366639224345
1989-05-03,8.348550068310468
1989-05-04,8.25812757280957
1989-05-05,8.147983605113975
1989-05-06,8.013009979876362
1989-05-07,7.892407494910842
1989-05-08,7.782830202765056
1989-05-09,7.681786372987028
1989-05-10,7.5882592596751826
1989-05-11,7.50093144571467
1989-05-12,7.418746622924928
1989-05-13,7.340854871914014
1989-05-14,7.266570015999284
1989-05-15,7.195336248465914
1989-05-16,7.126701914149719
1989-05-17,7.0602988342886475
1989-05-18,7.031806018997333
1989-05-19,7.00789815490796
1989-05-20,6.939211157695446
1989-05-21,6.869428288220436
1989-05-22,6.802511439691401
1989-05-23,7.016314905790861
1989-05-24,8.26240702483655
1989-05-25,9.316304106738011
1989-05-26,8.83661310491709
1989-05-27,8.368044847407415
1989-05-28,7.982449277194409
1989-05-29,8.03600441541842
1989-05-30,10.283835307885974
1989-05-31,12.633045656455478
1989-06-01,12.644460383749104
1989-06-02,15.751952104326564
1989-06-03,16.9185368153432
1989-06-04,14.7846323279189
1989-06-05,13.169126603955839
1989-06-06,11.755025739459258
1989-06-07,10.646479103312034
1989-06-08,9.773843964435576
1989-06-09,9.079053438983161
1989-06-10,8.523568998974822
1989-06-11,8.075340313528722
1989-06-12,7.710189239736209
1989-06-13,7.409757289456252
1989-06-14,7.160019352810914
1989-06-15,6.953543175911515
1989-06-16,6.777464092038207
1989-06-17,7.343127934530712
1989-06-18,8.855313656500927
1989-06-19,8.428963524505638
1989-06-20,8.473073858615827
1989-06-21,10.27387678299361
1989-06-22,12.316308884737552
1989-06-23,11.939910186801121
1989-06-24,10.702432455859821
1989-06-25,9.720100345203575
1989-06-26,8.946031042984645
1989-06-27,8.981041887683066
1989-06-28,9.45601604282333
1989-06-29,8.834261145459827
1989-06-30,8.295465193862261
1989-07-01,8.281292855554698
1989-07-02,8.626654050760274
1989-07-03,9.098616064545803
1989-07-04,10.715124514334901
1989-07-05,10.79446050964544
1989-07-06,11.925976873846508
1989-07-07,13.833976443350224
1989-07-08,12.125578665716512
1989-07-09,10.789424636893587
1989-07-10,9.801995356274668
1989-07-11,9.022774269192686
1989-07-12,9.58716482885616
1989-07-13,12.081789614852902
1989-07-14,12.03211179952043
1989-07-15,10.72254952020235
1989-07-16,9.686117427543204
1989-07-17,8.871507270211143
1989-07-18,8.334907118210282
1989-07-19,7.910110649552028
1989-07-20,7.459338740503402
1989-07-21,7.087758465922221
1989-07-22,6.783612165765251
1989-07-23,6.688073735994636
1989-07-24,6.713508299651179
1989-07-25,6.480407363083103
1989-07-26,6.26873956947264
1989-07-27,6.090349664854389
1989-07-28,5.938380614644026
1989-07-29,5.807489028790935
1989-07-30,5.693491411510159
1989-07-31,5.593097725383675
1989-08-01,5.503709565108848
1989-08-02,5.423266439429468
1989-08-03,5.3501280872188515
1989-08-04,5.282983936519596
1989-08-05,5.220783119181027
1989-08-06,5.162680132236194
1989-08-07,5.107992467686706
1989-08-08,5.161340482159086
1989-08-09,5.266026401776684
1989-08-10,5.188215857174307
1989-08-11,5.107103856405371
1989-08-12,5.034005241432466
1989-08-13,4.967455128742025
1989-08-14,4.906282303260979
1989-08-15,4.849547057255821
1989-08-16,4.7985221676481995
1989-08-17,4.751513846732807
1989-08-18,4.7073898165861765
1989-08-19,4.67326319402106
1989-08-20,4.628815197989936
1989-08-21,4.5986763488346005
1989-08-22,4.596350017525766
1989-08-23,4.554093114699608
1989-08-24,4.506670625708707
1989-08-25,4.461652224161561
1989-08-26,4.418741890060345
1989-08-27,4.389546494899988
1989-08-28,4.378759775727103
1989-08-29,4.337566249154132
1989-08-30,4.294760548789646
1989-08-31,4.253935101536784
1989-09-01,4.214787405359879
1989-09-02,4.177070902503317
1989-09-03,4.1405840053882725
1989-09-04,4.1051613892559375
1989-09-05,4.0706670589357214
1989-09-06,4.036988809636047
1989-09-07,4.050775043407066
1989-09-08,4.754298169808221
1989-09-09,6.027947058724025
1989-09-10,7.18343666907019
1989-09-11,8.813656571559177
1989-09-12,9.632950544965938
1989-09-13,13.150020977602958
1989-09-14,17.103388031774198
1989-09-15,14.210508245406201
1989-09-16,12.710313349573594
1989-09-17,13.706854980010371
1989-09-18,14.674401025584293
1989-09-19,12.860767475095194
1989-09-20,11.018545745500218
1989-09-21,9.695194272641578
1989-09-22,8.832772017192259
1989-09-23,7.913099498055381
1989-09-24,7.400761159656103
1989-09-25,7.259078819069429
1989-09-26,10.182689377019928
1989-09-27,16.38639472964294
1989-09-28,15.483502044742847
1989-09-29,13.717477028198426
1989-09-30,12.8632827526906
1989-10-01,11.069481810241482
1989-10-02,9.6705309078888
1989-10-03,8.58523643830768
1989-10-04,8.994940056858209
1989-10-05,12.1699058644229
1989-10-06,13.309698635150651
1989-10-07,11.448128968913123
1989-10-08,9.978712979177454
1989-10-09,8.840426913548944
1989-10-10,7.951463432101036
1989-10-11,7.251606731412342
1989-10-12,6.696170924692876
1989-10-13,6.486343274051264
1989-10-14,6.853810398143794
1989-10-15,6.809895210303874
1989-10-16,6.3573319479470785
1989-10-17,5.9699249302618576
1989-10-18,5.655744191936857
1989-10-19,5.3987101446908285
1989-10-20,5.186510379605654
1989-10-21,5.009663472910636
1989-10-22,4.8608288924610275
1989-10-23,4.73429477689982
1989-10-24,4.625595246567211
1989-10-25,4.850027183566369
1989-10-26,5.394763867688854
1989-10-27,8.213001367890707
1989-10-28,13.652112320689675
1989-10-29,12.67778286737972
1989-10-30,11.36799453652931
1989-10-31,10.746003809176543
1989-11-01,9.40010015126476
1989-11-02,8.340090987403153
1989-11-03,7.510818182319636
1989-11-04,6.8568950793904975
1989-11-05,6.33712952283107
1989-11-06,5.92065668899523
1989-11-07,5.584187947305472
1989-11-08,5.310035831245403
1989-11-09,5.218024125643537
1989-11-10,5.302969029895402
1989-11-11,5.086824733836637
1989-11-12,6.564189496208662
1989-11-13,9.224288707985435
1989-11-14,8.29938956360728
1989-11-15,7.692415043985083
1989-11-16,6.97806345983503
1989-11-17,6.404707529177301
1989-11-18,5.947228280107499
1989-11-19,5.579253147170086
1989-11-20,5.280812443942351
1989-11-21,5.229019191080648
1989-11-22,6.663467666249031
1989-11-23,11.909233386417007
1989-11-24,16.84510896076473
1989-11-25,14.657309437949777
1989-11-26,12.375457806003382
1989-11-27,10.621286688415685
1989-11-28,9.270764551365561
1989-11-29,8.222514485197683
1989-11-30,7.412210756890707
1989-12-01,7.213733015847449
1989-12-02,7.310928979153341
1989-12-03,6.687148559220449
1989-12-04,6.211840243298806
1989-12-05,6.926517993651245
1989-12-06,8.157429292703663
1989-12-07,7.357241877760054
1989-12-08,6.775732903164283
1989-12-09,11.279234327394432
1989-12-10,19.090871104628107
1989-12-11,16.70429799594454
1989-12-12,13.960961335477263
1989-12-13,11.865081002309672
1989-12-14,10.260579440939116
1989-12-15,9.024889413417595
1989-12-16,8.059816262919686
1989-12-17,7.301917241554608
1989-12-18,6.702404037954975
1989-12-19,6.224345643077
1989-12-20,5.840002003510601
1989-12-21,5.52839367923504
1989-12-22,5.27355208006633
1989-12-23,5.063249141759421
1989-12-24,5.396000066473008
1989-12-25,7.393880301990866
1989-12-26,8.930985122334455
1989-12-27,8.3839029139729
1989-12-28,7.908325797227729
1989-12-29,10.030639253236869
1989-12-30,12.49051499238051
1989-12-31,10.773179410806264
1990-01-01,9.399866020056326
1990-01-02,8.334515679910405
1990-01-03,7.501399786039687
1990-01-04,8.36146234253672
1990-01-05,10.6234200804153
1990-01-06,14.557228417057694
1990-01-07,22.001371193691313
1990-01-08,22.50408499358899
1990-01-09,21.553385741556507
1990-01-10,17.720128290894746
1990-01-11,14.791313599590408
1990-01-12,12.571035686074735
1990-01-13,10.872973022004253
1990-01-14,9.563219331744461
1990-01-15,8.544581546392195
1990-01-16,7.74586514656949
1990-01-17,7.114474441664039
1990-01-18,6.611245034302659
1990-01-19,6.206797617623068
1990-01-20,5.878940320878974
1990-01-21,5.610801340897861
1990-01-22,5.389475192221255
1990-01-23,5.205033513315981
1990-01-24,5.964196954934548
1990-01-25,8.150635222456174
1990-01-26,8.492148444046467
1990-01-27,7.6477175708397676
1990-01-28,6.994715385923463
1990-01-29,6.475891070216751
1990-01-30,6.06020291650265
1990-01-31,5.726798484024161
1990-02-01,7.957676304972575
1990-02-02,13.703852396067232
1990-02-03,21.27951916763445
1990-02-04,47.975949342808995
1990-02-05,66.72958611514709
1990-02-06,46.73573770583635
1990-02-07,39.5253143161619
1990-02-08,37.14485347458645
1990-02-09,30.66288133595532
1990-02-10,26.63568709364125
1990-02-11,32.323720106008025
1990-02-12,44.62546558314775
1990-02-13,38.730314614469656
1990-02-14,53.42343594103451
1990-02-15,83.63087668724931
1990-02-16,86.3236268942572
1990-02-17,79.62794924666495
1990-02-18,73.03142523321021
1990-02-19,59.62872943774673
1990-02-20,61.2381541705785
1990-02-21,47.434677526470665
1990-02-22,37.085035493978275
1990-02-23,30.32096530992835
1990-02-24,25.830068038588077
1990-02-25,22.093466885753106
1990-02-26,18.874429016348035
1990-02-27,16.459893462694684
1990-02-28,14.631222320471208
1990-03-01,13.168731005028754
1990-03-02,12.025456301428754
1990-03-03,11.12505733572923
1990-03-04,10.409230430656589
1990-03-05,9.834624069714438
1990-03-06,10.48144273046514
1990-03-07,11.998701603627211
1990-03-08,11.217880396267882
1990-03-09,10.44807587369611
1990-03-10,9.890112055475058
1990-03-11,9.529046137713989
1990-03-12,9.091375178756735
1990-03-13,8.962083681834347
1990-03-14,10.49170700804965
1990-03-15,12.240267132731033
1990-03-16,11.24784900760031
1990-03-17,11.734434510139025
1990-03-18,15.022266592671015
1990-03-19,16.176585372492173
1990-03-20,16.918096633485053
1990-03-21,22.62949293369606
1990-03-22,27.367040521614815
1990-03-23,25.403429545841348
1990-03-24,28.89830378464819
1990-03-25,36.85136085881065
1990-03-26,30.10187685072945
1990-03-27,24.829991865331706
1990-03-28,20.897989058348266
1990-03-29,17.93038799425048
1990-03-30,17.174102027595623
1990-03-31,28.411846811129365
1990-04-01,41.92172314375037
1990-04-02,33.970397457017945
1990-04-03,30.433767222099434
1990-04-04,29.939882180152704
1990-04-05,24.937420348911957
1990-04-06,21.085905428293344
1990-04-07,18.181442323779653
1990-04-08,15.96953396137564
1990-04-09,14.268869205683087
1990-04-10,12.948913405477883
1990-04-11,14.988631212590738
1990-04-12,19.197686128380507
1990-04-13,16.921434286217508
1990-04-14,16.1059845785821
1990-04-15,15.837752125079925
1990-04-16,14.195010632237206
1990-04-17,12.873853899474364
1990-04-18,11.839373021540966
1990-04-19,11.021634101131061
1990-04-20,10.368939657278782
1990-04-21,9.842771961291547
1990-04-22,9.414221778119645
1990-04-23,9.061441989321532
1990-04-24,8.767815711466708
1990-04-25,8.520627370613092
1990-04-26,8.310091050871618
1990-04-27,8.128634804376388
1990-04-28,7.970369816229233
1990-04-29,7.83352864691609
1990-04-30,7.947391666969274
1990-05-01,8.192462036256158
1990-05-02,8.008831340179702
1990-05-03,7.825317052525001
1990-05-04,7.6696203333501956
1990-05-05,7.549883223773844
1990-05-06,7.424431508257712
1990-05-07,7.310594052269756
1990-05-08,7.497269736399371
1990-05-09,7.827560463954405
1990-05-10,7.634355689526518
1990-05-11,7.594116377208176
1990-05-12,10.492932079327746
1990-05-13,15.40331923599848
1990-05-14,14.806475377804142
1990-05-15,13.574905121027077
1990-05-16,12.195100956386215
1990-05-17,11.047583400870737
1990-05-18,10.146481892580491
1990-05-19,9.466254436147983
1990-05-20,8.918472883195959
1990-05-21,8.585156184452325
1990-05-22,8.781563908540436
1990-05-23,8.951095359407507
1990-05-24,9.12617678882647
1990-05-25,9.65816389516902
1990-05-26,10.738019566811714
1990-05-27,11.32666282826289
1990-05-28,10.483069923682043
1990-05-29,9.64543116589874
1990-05-30,8.976610112494578
1990-05-31,8.441271263979493
1990-06-01,8.0087288742138
1990-06-02,7.655832146421723
1990-06-03,7.365000358945326
1990-06-04,7.122800377511138
1990-06-05,6.918908588330051
1990-06-06,6.745347663900507
1990-06-07,6.595921422016663
1990-06-08,6.4657935667364645
1990-06-09,6.351171696290419
1990-06-10,6.249068856243724
1990-06-11,6.157122588752106
1990-06-12,6.073456875753705
1990-06-13,5.996576270114218
1990-06-14,5.925284315568695
1990-06-15,5.858620392105942
1990-06-16,5.795810609571812
1990-06-17,5.736229463826977
1990-06-18,5.679369776257854
1990-06-19,5.72832903625115
1990-06-20,5.828146298664861
1990-06-21,5.747628361033491
1990-06-22,5.665121427761981
1990-06-23,5.590023057792263
1990-06-24,5.519490029816487
1990-06-25,5.453759441941199
1990-06-26,5.392393090041369
1990-06-27,5.334657884436431
1990-06-28,5.279961403691616
1990-06-29,5.245288196853733
1990-06-30,5.212569761612464
1990-07-01,5.161086031443538
1990-07-02,5.188051241151798
1990-07-03,5.285202343644941
1990-07-04,5.213483187687786
1990-07-05,5.137176114831594
1990-07-06,5.067901370395821
1990-07-07,5.151510063612256
1990-07-08,5.410055924168717
1990-07-09,5.470916465795952
1990-07-10,6.186289836147263
1990-07-11,7.2800909568544485
1990-07-12,7.053293124095976
1990-07-13,6.547464081712726
1990-07-14,6.178534909638134
1990-07-15,5.907733301422225
1990-07-16,5.680510748521964
1990-07-17,5.467603866051736
1990-07-18,5.28925188665202
1990-07-19,5.138804308759029
1990-07-20,5.015506033259516
1990-07-21,4.938567043461862
1990-07-22,4.852049767161698
1990-07-23,4.759238266755625
1990-07-24,4.677328073022159
1990-07-25,4.604262978687405
1990-07-26,4.538406860845832
1990-07-27,4.478453059141621
1990-07-28,4.423354348778823
1990-07-29,4.37226858617965
1990-07-30,4.324516339717941
1990-07-31,4.279547728309606
1990-08-01,4.236916365705563
1990-08-02,4.196258811629703
1990-08-03,5.0090228002438515
1990-08-04,6.111123646395253
1990-08-05,5.60288091287569
1990-08-06,5.311330075275151
1990-08-07,5.061284609913058
1990-08-08,4.8549170327786
1990-08-09,4.6833651018840845
1990-08-10,4.539388841430133
1990-08-11,4.417918363071876
1990-08-12,4.313890450168855
1990-08-13,4.223298592232317
1990-08-14,4.144093308032223
1990-08-15,4.074107734636422
1990-08-16,4.011620032441329
1990-08-17,4.063779000722737
1990-08-18,4.3714652061144355
1990-08-19,4.448530051250767
1990-08-20,4.8731005441449495
1990-08-21,5.414128294585734
1990-08-22,5.162438219526391
1990-08-23,4.86963391281298
1990-08-24,4.636656643349393
1990-08-25,4.444745320072173
1990-08-26,4.285246079241699
1990-08-27,4.151449085811671
1990-08-28,4.038126171220526
1990-08-29,3.9411846188565893
1990-08-30,3.857406360286035
1990-08-31,3.7842503905372644
1990-09-01,3.7197022672379565
1990-09-02,3.6621588834108407
1990-09-03,3.6103398144060113
1990-09-04,3.563218791982067
1990-09-05,3.519970500264572
1990-09-06,3.4902144169796365
1990-09-07,3.4640399784062854
1990-09-08,3.426473703884715
1990-09-09,3.390448204372911
1990-09-10,3.3564879500281677
1990-09-11,3.324266369701403
1990-09-12,3.2935166573287185
1990-09-13,3.2640202426728133
1990-09-14,3.235597594900335
1990-09-15,3.2081008642327546
1990-09-16,3.181407976779532
1990-09-17,3.1554178820233183
1990-09-18,3.1300467174598734
1990-09-19,3.105224705221793
1990-09-20,3.080893634605042
1990-09-21,3.057004814888136
1990-09-22,3.0335174066677726
1990-09-23,3.0470642873135776
1990-09-24,3.09550481129603
1990-09-25,3.06316574195605
1990-09-26,3.0492120352256546
1990-09-27,3.0816804132570303
1990-09-28,3.1105167382458343
1990-09-29,3.138789988611352
1990-09-30,3.191604381742152
1990-10-01,3.09101241763373
1990-10-02,3.0503520080069566
1990-10-03,2.999063241440741
1990-10-04,2.9517010041494482
1990-10-05,3.1147083671941878
1990-10-06,3.62479514147803
1990-10-07,3.642429610724685
1990-10-08,3.433447054380341
1990-10-09,3.299129914108832
1990-10-10,3.1869191888136643
1990-10-11,3.0923527682997247
1990-10-12,3.01192796982799
1990-10-13,2.9428834828847883
1990-10-14,2.883033595546784
1990-10-15,3.030399377694703
1990-10-16,3.331915268241984
1990-10-17,5.366400936238388
1990-10-18,8.568454336655877
1990-10-19,7.843915251973122
1990-10-20,7.130259612057119
1990-10-21,6.329282284931968
1990-10-22,5.601641711655129
1990-10-23,5.115586969611535
1990-10-24,4.834018437226897
1990-10-25,4.43245437246092
1990-10-26,4.102371168836224
1990-10-27,3.8359680445751394
1990-10-28,3.619394789868973
1990-10-29,3.442007607526552
1990-10-30,3.295582390798779
1990-10-31,3.1814696992996296
1990-11-01,3.1321344959338373
1990-11-02,3.093314810678311
1990-11-03,3.1148196736990545
1990-11-04,5.203040508393012
1990-11-05,8.54041555616105
1990-11-06,7.704100253334402
1990-11-07,7.725100486797867
1990-11-08,7.307894444053116
1990-11-09,7.153298537930851
1990-11-10,7.32840222599085
1990-11-11,6.394268586023657
1990-11-12,5.666133885116515
1990-11-13,5.092652372037361
1990-11-14,4.6377742237383
1990-11-15,4.406423834044652
1990-11-16,4.37721812962172
1990-11-17,4.071677826676866
1990-11-18,4.128198918035807
1990-11-19,4.491922914267014
1990-11-20,4.212343237889136
1990-11-21,3.9504295446596536
1990-11-22,3.9171797091318417
1990-11-23,4.167572927957987
1990-11-24,4.238570349196147
1990-11-25,3.9718216854993678
1990-11-26,4.397760633773794
1990-11-27,5.033180406277794
1990-11-28,4.573128485721054
1990-11-29,4.482457567877119
1990-11-30,4.706673987730034
1990-12-01,4.450136643853024
1990-12-02,4.114551240476324
1990-12-03,3.8396139714761954
1990-12-04,3.616596953077867
1990-12-05,3.434310707216811
1990-12-06,3.284135298930337
1990-12-07,3.159394501421344
1990-12-08,3.0548912319920034
1990-12-09,2.9665604108856303
1990-12-10,2.8912079370853796
1990-12-11,3.8833969950196683
1990-12-12,5.59144088048894
1990-12-13,5.038053531638936
1990-12-14,4.558069947723217
1990-12-15,4.17843782985281
1990-12-16,3.984135706523371
1990-12-17,3.9825519149453714
1990-12-18,3.7382732422404494
1990-12-19,3.51364739050549
1990-12-20,3.332516227540052
1990-12-21,3.183347886140213
1990-12-22,3.0595130925583067
1990-12-23,3.9432761913792262
1990-12-24,5.398434290262919
1990-12-25,4.826026339604937
1990-12-26,4.380995246263439
1990-12-27,4.025664398458116
1990-12-28,3.739959272345367
1990-12-29,3.5085926246956998
1990-12-30,3.544292161095976
1990-12-31,4.225572934146904
1991-01-01,5.665380251253851
1991-01-02,7.2384673907089265
1991-01-03,7.819641257589143
1991-01-04,9.178801780796176
1991-01-05,10.839566229921424
1991-01-06,10.142502624919311
1991-01-07,14.66586603094549
1991-01-08,19.697823028389767
1991-01-09,15.925846570342813
1991-01-10,13.02317698333981
1991-01-11,10.826837031217133
1991-01-12,9.150859222044911
1991-01-13,7.8616494818964435
1991-01-14,6.862279399607483
1991-01-15,6.081773762972419
1991-01-16,5.467716160719982
1991-01-17,4.981087578175289
1991-01-18,4.592626071464967
1991-01-19,4.403776066405625
1991-01-20,4.28905600395246
1991-01-21,4.028960961719485
1991-01-22,3.817573356644951
1991-01-23,3.6442959583370325
1991-01-24,3.500998528305518
1991-01-25,4.679508540867357
1991-01-26,8.961896420204532
1991-01-27,11.08423502977499
1991-01-28,9.966236013849965
1991-01-29,8.593992641956122
1991-01-30,7.440541722022517
1991-01-31,6.543479920936801
1991-02-01,5.840635661914264
1991-02-02,5.285899503549598
1991-02-03,4.844843752925943
1991-02-04,4.491576638187206
1991-02-05,4.211213720680617
1991-02-06,3.985199411556821
1991-02-07,3.7932126768860304
1991-02-08,3.634601915535051
1991-02-09,3.5024386115519683
1991-02-10,3.3913255120784904
1991-02-11,3.2997985247388755
1991-02-12,3.2245219429333054
1991-02-13,3.156152506178932
1991-02-14,3.09537729917213
1991-02-15,3.060838027661561
1991-02-16,3.0266352381712185
1991-02-17,2.9759228906142687
1991-02-18,2.9306423334413902
1991-02-19,2.889791975354701
1991-02-20,5.152441901897213
1991-02-21,9.896076175857166
1991-02-22,9.46192136489992
1991-02-23,9.371050100758518
1991-02-24,11.224504397957935
1991-02-25,11.141271126776543
1991-02-26,10.12114084191713
1991-02-27,9.817701881948752
1991-02-28,8.913550796371121
1991-03-01,8.55623821931355
1991-03-02,7.429692949834124
1991-03-03,7.468051680244862
1991-03-04,10.153804692125314
1991-03-05,13.844706131873693
1991-03-06,16.330049230701558
1991-03-07,20.89868798898756
1991-03-08,24.75778547657011
1991-03-09,19.93275345148596
1991-03-10,16.936508865052257
1991-03-11,15.160492345558323
1991-03-12,12.771290414610528
1991-03-13,11.031578593168613
1991-03-14,10.97963781640479
1991-03-15,12.370197518346558
1991-03-16,12.460595628336478
1991-03-17,10.624339065880196
1991-03-18,9.349716807279933
1991-03-19,8.930191580667787
1991-03-20,8.453495091885038
1991-03-21,7.513968002810107
1991-03-22,6.7564702775867955
1991-03-23,6.158229675506477
1991-03-24,5.682067011862422
1991-03-25,5.300065589076731
1991-03-26,4.993247846528343
1991-03-27,4.742354140165981
1991-03-28,4.534517275942528
1991-03-29,4.362038162526409
1991-03-30,4.269514429126188
1991-03-31,4.6302390491706715
1991-04-01,6.0040264224296775
1991-04-02,7.353736549268146
1991-04-03,6.630879421615467
1991-04-04,6.2974967925906205
1991-04-05,6.26595962232638
1991-04-06,5.760366729576648
1991-04-07,5.366856911669607
1991-04-08,5.0545088235581925
1991-04-09,4.764749267671463
1991-04-10,4.5261968614902415
1991-04-11,4.329825792625872
1991-04-12,4.1893057782126
1991-04-13,4.066236857833143
1991-04-14,3.9445051608940704
1991-04-15,3.8447005493525013
1991-04-16,3.7758099168500476
1991-04-17,4.097312337146172
1991-04-18,4.652212984982362
1991-04-19,4.446421683521112
1991-04-20,4.237839695725077
1991-04-21,4.220668601385879
1991-04-22,5.1289256955037805
1991-04-23,7.894710513060525
1991-04-24,10.595999801350262
1991-04-25,10.181032858712276
1991-04-26,8.93776216218684
1991-04-27,8.001953442920103
1991-04-28,7.236597357374233
1991-04-29,6.655776118867539
1991-04-30,6.0215286213509
1991-05-01,5.506011535991106
1991-05-02,5.094220216374447
1991-05-03,5.368245090164063
1991-05-04,6.403157753803203
1991-05-05,6.002302936189378
1991-05-06,5.49355335279936
1991-05-07,5.085954924048546
1991-05-08,4.834570664938538
1991-05-09,4.586748418697927
1991-05-10,4.344079729718906
1991-05-11,4.169184653178913
1991-05-12,4.018190858361693
1991-05-13,3.8734600282746112
1991-05-14,3.75159873990972
1991-05-15,3.6481002420616515
1991-05-16,3.55932592187528
1991-05-17,3.482408637324831
1991-05-18,3.4150797636343846
1991-05-19,3.3555371560414144
1991-05-20,3.3090994241864773
1991-05-21,3.298641889240736
1991-05-22,3.265374845950355
1991-05-23,3.2167115319950654
1991-05-24,3.1725262367235327
1991-05-25,3.132033024308212
1991-05-26,3.094597627147874
1991-05-27,3.059706586846026
1991-05-28,3.8580304161391754
1991-05-29,5.987302030349817
1991-05-30,6.181173515350199
1991-05-31,5.556884503611973
1991-06-01,5.048782270959759
1991-06-02,4.643662951940568
1991-06-03,4.31827033508607
1991-06-04,4.054944132554188
1991-06-05,3.8901305433385716
1991-06-06,4.150789976418349
1991-06-07,4.536031223992073
1991-06-08,4.218447001895921
1991-06-09,3.96562515219121
1991-06-10,3.7591629119130068
1991-06-11,3.5892058132933813
1991-06-12,3.448130295836972
1991-06-13,3.3700335957410363
1991-06-14,3.3494468028783424
1991-06-15,3.2597800611336756
1991-06-16,3.2606385037110406
1991-06-17,3.585117108119872
1991-06-18,3.7648279433385166
1991-06-19,3.630712250934731
1991-06-20,3.5926659381743744
1991-06-21,3.618513049041873
1991-06-22,3.456149938821282
1991-06-23,3.3136751682524888
1991-06-24,3.325192391692156
1991-06-25,3.4513090974715506
1991-06-26,3.318467829071739
1991-06-27,3.192257950405599
1991-06-28,3.1708768237091562
1991-06-29,3.7481265312957355
1991-06-30,4.2977544693729
1991-07-01,3.977946391014917
1991-07-02,3.719781735181428
1991-07-03,3.8970673021161804
1991-07-04,4.582974990610624
1991-07-05,4.503661325874462
1991-07-06,4.156624337079201
1991-07-07,3.8597640084856035
1991-07-08,3.6194249150064763
1991-07-09,4.652896020754892
1991-07-10,6.5424040628393305
1991-07-11,5.860785442949272
1991-07-12,5.247884626590112
1991-07-13,4.733645715946515
1991-07-14,4.44465130072624
1991-07-15,4.3016894758209725
1991-07-16,4.071011614811736
1991-07-17,3.9312389950803266
1991-07-18,3.7046848544406363
1991-07-19,3.541257315130485
1991-07-20,3.3708261675957485
1991-07-21,3.2179695233789682
1991-07-22,3.0909971128825195
1991-07-23,3.098426081309823
1991-07-24,3.768098158077448
1991-07-25,4.63766235895523
1991-07-26,4.484687692141208
1991-07-27,4.186184429438595
1991-07-28,3.8730202337667143
1991-07-29,3.9069015854964895
1991-07-30,4.104303759159981
1991-07-31,3.817179319850242
1991-08-01,3.5681721641549764
1991-08-02,3.3654025176252986
1991-08-03,3.1991149827095278
1991-08-04,3.172219216615085
1991-08-05,3.215581724715779
1991-08-06,3.0886591518681557
1991-08-07,4.283714875453162
1991-08-08,6.344982951047876
1991-08-09,5.543617532984933
1991-08-10,4.9391367299696505
1991-08-11,4.58494355094838
1991-08-12,4.657060717253398
1991-08-13,4.75887145830549
1991-08-14,4.348956612315146
1991-08-15,3.990302483120258
1991-08-16,3.7019643813291476
1991-08-17,3.4684835369738214
1991-08-18,3.2780204648967803
1991-08-19,3.1215012382239014
1991-08-20,4.246803917025724
1991-08-21,6.86222109349201
1991-08-22,7.053343122084257
1991-08-23,6.230436471493168
1991-08-24,5.524089409148409
1991-08-25,5.65524873736414
1991-08-26,6.778469006722914
1991-08-27,6.382123248719509
1991-08-28,5.618095271844104
1991-08-29,5.130561833351641
1991-08-30,5.500929324746313
1991-08-31,6.04839004677432
1991-09-01,5.874909096897841
1991-09-02,5.2621397677993516
1991-09-03,4.737117575023013
1991-09-04,4.319455009480507
1991-09-05,3.9849095515475645
1991-09-06,3.71501402958387
1991-09-07,3.4956721161656703
1991-09-08,3.316060847789934
1991-09-09,3.167824669018302
1991-09-10,3.0444793289160574
1991-09-11,2.9409680136910086
1991-09-12,2.8533287291440885
1991-09-13,2.778443545595587
1991-09-14,2.713848476715402
1991-09-15,2.657588548562506
1991-09-16,2.608106748001964
1991-09-17,2.5641585135818095
1991-09-18,2.6650118447819753
1991-09-19,2.9355940581961897
1991-09-20,2.893029086818189
1991-09-21,2.7931430131848516
1991-09-22,2.707006144193007
1991-09-23,2.633601400150365
1991-09-24,2.570461245300996
1991-09-25,2.590185387018131
1991-09-26,2.720497488824367
1991-09-27,2.651863584738502
1991-09-28,2.5769879985658295
1991-09-29,2.512776704944267
1991-09-30,2.811354336828506
1991-10-01,3.9664755193827763
1991-10-02,4.195767763607752
1991-10-03,3.7951911077755436
1991-10-04,3.5001283950461137
1991-10-05,3.2616997860840997
1991-10-06,3.3930574168430403
1991-10-07,4.168860295210832
1991-10-08,5.011468602453486
1991-10-09,5.810294415800958
1991-10-10,5.574073726196321
1991-10-11,5.015713398589831
1991-10-12,5.057075226667051
1991-10-13,5.474549261374949
1991-10-14,5.526745047424979
1991-10-15,6.565218921694124
1991-10-16,6.695523701929365
1991-10-17,5.956411217060125
1991-10-18,5.239919205326484
1991-10-19,4.67394019385268
1991-10-20,4.225187169041273
1991-10-21,4.264469078954986
1991-10-22,4.713534160769139
1991-10-23,4.2926892000452
1991-10-24,4.31205466459453
1991-10-25,7.9010560552600175
1991-10-26,12.715715208197423
1991-10-27,11.591342089156079
1991-10-28,9.642643347828418
1991-10-29,8.14580117900269
1991-10-30,6.991139445557823
1991-10-31,6.3056002171113095
1991-11-01,6.073297940571336
1991-11-02,5.402743010199459
1991-11-03,5.499495208247115
1991-11-04,7.231237145716598
1991-11-05,16.0971645883368
1991-11-06,27.038398242917264
1991-11-07,25.482987759119112
1991-11-08,20.96352522596709
1991-11-09,17.620932149389645
1991-11-10,16.991517255933136
1991-11-11,23.255186408854556
1991-11-12,30.876125128881394
1991-11-13,32.20286628066095
1991-11-14,35.759085363354195
1991-11-15,30.687654681828462
1991-11-16,28.151429956853203
1991-11-17,22.494721630946486
1991-11-18,18.236286690504716
1991-11-19,16.25030150808921
1991-11-20,17.573448102584244
1991-11-21,17.58791922663885
1991-11-22,14.88541846790038
1991-11-23,12.553166927835449
1991-11-24,10.767957656692772
1991-11-25,9.393674422779325
1991-11-26,8.326949593854089
1991-11-27,7.492207523638456
1991-11-28,7.209550598374783
1991-11-29,8.781767624388161
1991-11-30,10.440529942932717
1991-12-01,10.76368820566516
1991-12-02,10.715397397891378
1991-12-03,9.376188321649567
1991-12-04,10.074199584273774
1991-12-05,11.958455417091495
1991-12-06,10.367496567903757
1991-12-07,9.096749933459852
1991-12-08,10.570672269434693
1991-12-09,15.989983316488932
1991-12-10,19.784356127001157
1991-12-11,26.62675990197755
1991-12-12,32.90286317257363
1991-12-13,31.56547410930895
1991-12-14,32.19338830067218
1991-12-15,34.566428960593676
1991-12-16,45.46136404453714
1991-12-17,41.99089294204742
1991-12-18,37.186162395707115
1991-12-19,29.657067122291192
1991-12-20,24.556519012527875
1991-12-21,26.00208720837487
1991-12-22,32.28800761828054
1991-12-23,35.66158922883866
1991-12-24,37.970942127450165
1991-12-25,33.8334923185738
1991-12-26,27.276508793625368
1991-12-27,22.52919861896464
1991-12-28,20.297259464341625
1991-12-29,19.061302999606607
1991-12-30,16.252125299573965
1991-12-31,14.08154996623059
1992-01-01,12.4155073546248
1992-01-02,11.125157909511818
1992-01-03,10.116842674924403
1992-01-04,9.32186006176637
1992-01-05,8.689391230024777
1992-01-06,8.181550497470278
1992-01-07,7.769887053460035
1992-01-08,7.432888851147353
1992-01-09,7.154185701708184
1992-01-10,6.9212449101020646
1992-01-11,6.724417020817594
1992-01-12,6.55623255025407
1992-01-13,6.410880089046842
1992-01-14,10.538323907141676
1992-01-15,15.327800316952603
1992-01-16,15.510825330469913
1992-01-17,17.332966588068675
1992-01-18,15.154402498930823
1992-01-19,13.637344198456853
1992-01-20,13.645454838299761
1992-01-21,24.300064055279208
1992-01-22,52.333968951116425
1992-01-23,87.09218167106059
1992-01-24,115.68816381154305
1992-01-25,88.75385135245699
1992-01-26,92.09845058187396
1992-01-27,114.12258679232254
1992-01-28,91.63672231846722
1992-01-29,61.16069240758531
1992-01-30,43.59530547125749
1992-01-31,34.88521866410161
1992-02-01,28.547080680130815
1992-02-02,23.844423614813408
1992-02-03,21.351992457129544
1992-02-04,20.51069561494769
1992-02-05,17.771639866052745
1992-02-06,15.695816894232673
1992-02-07,14.095908842849122
1992-02-08,12.85094631291444
1992-02-09,13.683509937404034
1992-02-10,16.41070362059683
1992-02-11,15.661635390913853
1992-02-12,14.67384936106732
1992-02-13,13.55638444056168
1992-02-14,12.40756435688175
1992-02-15,11.49719996406453
1992-02-16,11.040298162339342
1992-02-17,10.921198596293692
1992-02-18,10.324283839393372
1992-02-19,9.818792183340607
1992-02-20,9.405899081407814
1992-02-21,9.421127987365448
1992-02-22,9.665146656303596
1992-02-23,9.278657956916001
1992-02-24,8.934715556390858
1992-02-25,8.735088284058774
1992-02-26,8.636870616465622
1992-02-27,8.387432675934978
1992-02-28,8.206260748054447
1992-02-29,8.134970792725722
1992-03-01,7.973507191229509
1992-03-02,7.808012178771022
1992-03-03,7.662692045492945
1992-03-04,7.533578344099658
1992-03-05,7.417550965951449
1992-03-06,7.312146142284203
1992-03-07,7.236352017398386
1992-03-08,7.341049348121594
1992-03-09,7.833300216111475
1992-03-10,8.241702405050196
1992-03-11,7.968369863615741
1992-03-12,7.709596870686927
1992-03-13,7.491286044815873
1992-03-14,7.304997226518611
1992-03-15,7.144180251304204
1992-03-16,7.00372651882788
1992-03-17,6.879632995800233
1992-03-18,6.768748940466942
1992-03-19,6.668583889203632
1992-03-20,6.579276472150983
1992-03-21,7.289032213413155
1992-03-22,8.763227942343796
1992-03-23,8.664984676368094
1992-03-24,8.163097091962253
1992-03-25,7.908483688425879
1992-03-26,8.742934758337777
1992-03-27,10.403720946394314
1992-03-28,10.62037978004192
1992-03-29,13.305925984773069
1992-03-30,21.20416061695057
1992-03-31,24.31003141398777
1992-04-01,22.62598154026394
1992-04-02,22.363656284971494
1992-04-03,21.085433679660063
1992-04-04,24.961802465272203
1992-04-05,26.731355711432055
1992-04-06,22.17022746017688
1992-04-07,18.622216918963726
1992-04-08,16.225181525531696
1992-04-09,14.587437850632549
1992-04-10,15.931940724605331
1992-04-11,19.552376995285965
1992-04-12,16.819456975215175
1992-04-13,14.616694439076435
1992-04-14,12.894855548592567
1992-04-15,11.561952421132437
1992-04-16,10.521153254325897
1992-04-17,9.701124778196402
1992-04-18,9.049148961371824
1992-04-19,8.525957306579667
1992-04-20,8.151036524479292
1992-04-21,7.823885599196692
1992-04-22,7.556722834226775
1992-04-23,8.06437235753969
1992-04-24,9.32918336917946
1992-04-25,10.332246349972813
1992-04-26,10.951911764655089
1992-04-27,10.332461880640205
1992-04-28,9.502783875315478
1992-04-29,8.827154792305922
1992-04-30,8.404717712351905
1992-05-01,8.350380087545023
1992-05-02,8.238053612616781
1992-05-03,12.75065305022229
1992-05-04,21.057304022312724
1992-05-05,17.904152646176367
1992-05-06,15.310252922236367
1992-05-07,13.331528094398037
1992-05-08,11.808402571873438
1992-05-09,10.625564206485757
1992-05-10,9.698896871302566
1992-05-11,8.966501571262349
1992-05-12,8.382455970752272
1992-05-13,7.9124309012593494
1992-05-14,7.539928778974872
1992-05-15,7.437322914942553
1992-05-16,8.873929950360433
1992-05-17,11.155114836928645
1992-05-18,10.692954743986673
1992-05-19,10.305777703408136
1992-05-20,9.661920779208906
1992-05-21,8.94127086733074
1992-05-22,9.493747620408143
1992-05-23,11.412010579035652
1992-05-24,11.219644674528682
1992-05-25,10.648044287727812
1992-05-26,9.704819177780715
1992-05-27,11.244452513244513
1992-05-28,14.076755259042946
1992-05-29,12.388251815743539
1992-05-30,11.002730909005807
1992-05-31,9.923995620812724
1992-06-01,9.076844152646093
1992-06-02,8.40576541777182
1992-06-03,7.869457573835956
1992-06-04,8.052593476825324
1992-06-05,8.943336131666497
1992-06-06,8.494049439141502
1992-06-07,8.31601837601989
1992-06-08,7.837001382240115
1992-06-09,7.674690422815664
1992-06-10,8.070448360475334
1992-06-11,8.19319675415948
1992-06-12,7.683871495831112
1992-06-13,7.247374671444713
1992-06-14,6.892708809749308
1992-06-15,6.6017752384863515
1992-06-16,6.360749720592163
1992-06-17,6.2520625681299835
1992-06-18,6.80862054905792
1992-06-19,10.393845185692141
1992-06-20,14.587707700337253
1992-06-21,12.952263935642094
1992-06-22,11.61467629215219
1992-06-23,10.419929001075786
1992-06-24,9.374396873036844
1992-06-25,8.552003670221666
1992-06-26,7.906606590699076
1992-06-27,8.709538155772835
1992-06-28,10.211073040926491
1992-06-29,9.230924058189224
1992-06-30,9.896626107477172
1992-07-01,11.706288521147412
1992-07-02,11.372308958201863
1992-07-03,14.256223827335477
1992-07-04,17.728939037410335
1992-07-05,15.929244080323357
1992-07-06,14.032155833424886
1992-07-07,15.421893937897543
1992-07-08,17.464551034861543
1992-07-09,14.911988875910744
1992-07-10,13.020605057542028
1992-07-11,12.464559767453602
1992-07-12,12.670129774859914
1992-07-13,11.368003829591226
1992-07-14,10.706225807780323
1992-07-15,10.720980266711473
1992-07-16,9.69249032868513
1992-07-17,10.585795509514737
1992-07-18,12.175640107817427
1992-07-19,10.816951423100514
1992-07-20,9.710381374349636
1992-07-21,9.133548593542582
1992-07-22,9.410047750205853
1992-07-23,9.194927731172404
1992-07-24,8.455417186860126
1992-07-25,7.8422737255155255
1992-07-26,7.352578037304876
1992-07-27,6.957305675397109
1992-07-28,6.633767080589976
1992-07-29,6.565292033710282
1992-07-30,6.701079701976005
1992-07-31,6.445265710200114
1992-08-01,6.198238537166617
1992-08-02,5.992117624373027
1992-08-03,5.818326138864113
1992-08-04,5.670211962178359
1992-08-05,5.542590003458035
1992-08-06,5.431399548881562
1992-08-07,5.336724169522583
1992-08-08,5.251826485438016
1992-08-09,5.215219397334879
1992-08-10,5.333018849917641
1992-08-11,5.42273931466875
1992-08-12,6.865884248584481
1992-08-13,9.586523616408996
1992-08-14,9.430624419053148
1992-08-15,8.8126364787829
1992-08-16,8.151565934499931
1992-08-17,7.483477989178002
1992-08-18,6.946150786217607
1992-08-19,6.51462446816744
1992-08-20,6.164431015957927
1992-08-21,5.878402486350335
1992-08-22,5.6425961138772065
1992-08-23,5.446302877975629
1992-08-24,5.281252404713517
1992-08-25,5.141024556754094
1992-08-26,10.511707920176766
1992-08-27,24.82071580122158
1992-08-28,27.516119109812664
1992-08-29,22.903231996903674
1992-08-30,18.800530572122042
1992-08-31,15.699928700007478
1992-09-01,17.260145830764312
1992-09-02,24.06151069967851
1992-09-03,26.59960366163827
1992-09-04,25.90804523289764
1992-09-05,21.207729477391222
1992-09-06,17.60728362135443
1992-09-07,14.892353232958419
1992-09-08,12.826227343073198
1992-09-09,11.239882909532655
1992-09-10,10.011378090153622
1992-09-11,9.05189474071438
1992-09-12,8.296165979739667
1992-09-13,7.6958349310814995
1992-09-14,7.214797437849584
1992-09-15,7.00473578660235
1992-09-16,7.375878037431636
1992-09-17,7.310629662563373
1992-09-18,6.915073734098129
1992-09-19,6.566741963650109
1992-09-20,6.2813230494646675
1992-09-21,6.045173675113545
1992-09-22,6.539118513401189
1992-09-23,8.955839511691154
1992-09-24,11.133464676901427
1992-09-25,11.864716257070244
1992-09-26,13.853175667602143
1992-09-27,16.309996558168297
1992-09-28,20.123604345970527
1992-09-29,28.18465370446806
1992-09-30,23.965710902037017
1992-10-01,19.709077424910436
1992-10-02,16.497835087638375
1992-10-03,14.067975442755724
1992-10-04,12.215511384614159
1992-10-05,10.787651209303226
1992-10-06,9.6759883658901
1992-10-07,9.83524555740503
1992-10-08,11.609105544129191
1992-10-09,11.491590205593164
1992-10-10,10.450785554749764
1992-10-11,10.982319498190146
1992-10-12,13.484198100235515
1992-10-13,14.893781324346135
1992-10-14,14.533853766370507
1992-10-15,12.611970429886577
1992-10-16,11.098978106454553
1992-10-17,9.938111112225416
1992-10-18,9.019279424460754
1992-10-19,8.29369270517852
1992-10-20,7.716523777024148
1992-10-21,8.10573743526845
1992-10-22,9.13708544009603
1992-10-23,8.420861652912981
1992-10-24,8.819822881667276
1992-10-25,10.367577981014557
1992-10-26,10.571482103061802
1992-10-27,10.715526558464049
1992-10-28,9.62325453289591
1992-10-29,9.111912674245621
1992-10-30,8.878681300582505
1992-10-31,12.696081351902487
1992-11-01,19.736343538885787
1992-11-02,21.755540093833545
1992-11-03,24.94430052820803
1992-11-04,21.44821172569826
1992-11-05,19.434200843733652
1992-11-06,17.409068054817997
1992-11-07,17.13816772330522
1992-11-08,15.822951330800414
1992-11-09,13.847191381895888
1992-11-10,12.762262544920942
1992-11-11,11.665569974649351
1992-11-12,10.421290104010412
1992-11-13,9.754259877109224
1992-11-14,10.397976145014429
1992-11-15,11.116598377398597
1992-11-16,9.966873526828577
1992-11-17,9.07282362758952
1992-11-18,8.366870306393842
1992-11-19,7.804500363851216
1992-11-20,7.723267097287201
1992-11-21,15.555002545208803
1992-11-22,23.365425975105477
1992-11-23,29.09201677905828
1992-11-24,31.12396280577896
1992-11-25,31.109402178840682
1992-11-26,29.762074842222415
1992-11-27,25.874923259497297
1992-11-28,24.017049975298008
1992-11-29,19.979968254403953
1992-11-30,16.9007150514272
1992-12-01,15.600008688587243
1992-12-02,19.618800286047854
1992-12-03,23.78188720828545
1992-12-04,21.836107750226727
1992-12-05,24.83706879395532
1992-12-06,35.80798533276526
1992-12-07,44.43924960690001
1992-12-08,34.89771082171276
1992-12-09,30.329153385809892
1992-12-10,29.442156074035452
1992-12-11,25.55789176929424
1992-12-12,21.311240896656678
1992-12-13,18.09542258382759
1992-12-14,15.657629881197394
1992-12-15,13.792111862275043
1992-12-16,13.128320278765692
1992-12-17,13.782790199900544
1992-12-18,12.83970218506304
1992-12-19,11.600187223112895
1992-12-20,10.630111172178896
1992-12-21,9.863794707131243
1992-12-22,9.252689463178934
1992-12-23,8.76061756951551
1992-12-24,8.360418595487685
1992-12-25,8.031559955775986
1992-12-26,7.758418341625958
1992-12-27,7.529033175966948
1992-12-28,7.334195206003847
1992-12-29,7.1667751231798
1992-12-30,7.021232828181681
1992-12-31,7.731551693950973
1993-01-01,16.238462591279177
1993-01-02,22.84303361721633
1993-01-03,31.935727532421723
1993-01-04,45.53045559317878
1993-01-05,42.12749938934412
1993-01-06,33.44398114572225
1993-01-07,27.15574116996966
1993-01-08,22.49722796937247
1993-01-09,19.0098205148221
1993-01-10,16.373097275552297
1993-01-11,14.360473667548554
1993-01-12,12.809935605347128
1993-01-13,11.604448790857044
1993-01-14,11.599229531559006
1993-01-15,12.492771116079352
1993-01-16,11.37430669318484
1993-01-17,10.46457927656736
1993-01-18,11.610521089294954
1993-01-19,20.79885008253218
1993-01-20,29.9026988484688
1993-01-21,26.67786473509612
1993-01-22,26.691200723549017
1993-01-23,26.166046002431823
1993-01-24,21.790631277552247
1993-01-25,29.82089736174008
1993-01-26,45.447551895636934
1993-01-27,35.77068200320054
1993-01-28,29.012685169046573
1993-01-29,24.019951701063434
1993-01-30,20.291238248365698
1993-01-31,17.47802373829632
1993-02-01,15.334689883769606
1993-02-02,13.712490838058676
1993-02-03,12.691020810697502
1993-02-04,12.0443406944022
1993-02-05,11.110148130605742
1993-02-06,10.370986290545526
1993-02-07,9.77941391751817
1993-02-08,9.301174776683018
1993-02-09,8.910521592735812
1993-02-10,8.58796798219179
1993-02-11,8.318670126476713
1993-02-12,8.091251754180133
1993-02-13,7.8969441389021044
1993-02-14,7.728951919824546
1993-02-15,7.581982141577588
1993-02-16,7.451892178731317
1993-02-17,7.335424883681895
1993-02-18,8.004830977663081
1993-02-19,20.64495852722173
1993-02-20,42.98434347066661
1993-02-21,41.861404108779006
1993-02-22,40.6093292494068
1993-02-23,39.34212680296454
1993-02-24,33.10783466720757
1993-02-25,31.172235249619828
1993-02-26,35.599246573715114
1993-02-27,34.25444210985514
1993-02-28,28.185062258546463
1993-03-01,23.474069424376438
1993-03-02,19.945822433686033
1993-03-03,17.288182922694553
1993-03-04,15.262156002763723
1993-03-05,13.680850828878087
1993-03-06,12.44999195411029
1993-03-07,11.483273546260646
1993-03-08,10.716829970555475
1993-03-09,10.103294141234644
1993-03-10,9.607267943996968
1993-03-11,9.202109424121389
1993-03-12,8.867632918948091
1993-03-13,10.396326575039138
1993-03-14,15.48773917283927
1993-03-15,18.613638142309252
1993-03-16,21.356843114032632
1993-03-17,22.959758526745233
1993-03-18,21.192097924603374
1993-03-19,18.932042381487452
1993-03-20,16.468023198666323
1993-03-21,14.550951716348713
1993-03-22,13.07061678920916
1993-03-23,13.087615910932263
1993-03-24,14.015156157851608
1993-03-25,12.720173619560333
1993-03-26,11.631147408139284
1993-03-27,12.491990040145673
1993-03-28,17.409386455438874
1993-03-29,20.14041519345449
1993-03-30,17.74106051803469
1993-03-31,16.188371656793144
1993-04-01,14.707440480305552
1993-04-02,13.898645787936315
1993-04-03,12.841440577331731
1993-04-04,11.725462147665006
1993-04-05,10.83446448151283
1993-04-06,10.126682491269207
1993-04-07,10.436189928020049
1993-04-08,11.54338621319347
1993-04-09,10.755240744725112
1993-04-10,14.557200352523758
1993-04-11,23.46271525576898
1993-04-12,34.63007456233946
1993-04-13,53.173864811133306
1993-04-14,49.298656301643916
1993-04-15,38.14060546860612
1993-04-16,32.35694897486106
1993-04-17,31.58130192376666
1993-04-18,29.56313907051545
1993-04-19,24.636323309599657
1993-04-20,22.851388608422578
1993-04-21,24.545901721451262
1993-04-22,26.25560533072985
1993-04-23,27.892633340385647
1993-04-24,24.247111185679373
1993-04-25,21.101630747449416
1993-04-26,18.48174238339547
1993-04-27,17.59667987162426
1993-04-28,20.383940470490664
1993-04-29,21.92210010626786
1993-04-30,18.964509853880102
1993-05-01,16.6190626644702
1993-05-02,17.768909517430547
1993-05-03,22.369843421445058
1993-05-04,22.32575491443147
1993-05-05,21.502822716465232
1993-05-06,20.877735273572263
1993-05-07,23.379427752866803
1993-05-08,23.131364450714894
1993-05-09,21.934676409247505
1993-05-10,18.96825107200679
1993-05-11,16.650478935549504
1993-05-12,14.870807320489307
1993-05-13,13.491228473499106
1993-05-14,12.41158981178525
1993-05-15,11.558544120963381
1993-05-16,10.877917860545798
1993-05-17,10.329381650725724
1993-05-18,9.882690010384302
1993-05-19,9.515002735251025
1993-05-20,9.208959607662694
1993-05-21,10.173157830137372
1993-05-22,12.262855564844259
1993-05-23,11.480837656179157
1993-05-24,10.740917045822366
1993-05-25,10.147674286759313
1993-05-26,9.66760812936748
1993-05-27,9.27471986647362
1993-05-28,8.94941057177425
1993-05-29,10.376156976645042
1993-05-30,14.620030326232346
1993-05-31,19.90893721270592
1993-06-01,31.876595690296337
1993-06-02,37.43183099036481
1993-06-03,30.561710624620215
1993-06-04,25.259226902220007
1993-06-05,21.48358562682742
1993-06-06,20.107278075983633
1993-06-07,19.076234043471178
1993-06-08,16.700916067956403
1993-06-09,14.813724839452687
1993-06-10,14.123708393761513
1993-06-11,13.999650562464316
1993-06-12,12.776980053989469
1993-06-13,11.755453747903983
1993-06-14,10.977920852864713
1993-06-15,10.45116785989237
1993-06-16,10.934902845847018
1993-06-17,11.917963610335393
1993-06-18,11.095756450799767
1993-06-19,10.39033733164929
1993-06-20,9.824038499425406
1993-06-21,9.364863146719982
1993-06-22,9.01075980560419
1993-06-23,8.912630151022709
1993-06-24,9.518014943658144
1993-06-25,10.089565872797248
1993-06-26,9.569140496052434
1993-06-27,9.109360215000356
1993-06-28,8.733585607593616
1993-06-29,8.423163132436853
1993-06-30,9.326419775935669
1993-07-01,11.105601676838043
1993-07-02,10.550929093997793
1993-07-03,11.12679649503116
1993-07-04,11.93133277455771
1993-07-05,10.977459934507339
1993-07-06,10.164876626999291
1993-07-07,9.603330840132402
1993-07-08,9.136580909846089
1993-07-09,8.6890238698368
1993-07-10,8.369684723923475
1993-07-11,8.896271288414562
1993-07-12,9.993029390690369
1993-07-13,9.49472222237836
1993-07-14,10.279694866568732
1993-07-15,12.460138095960032
1993-07-16,15.497195611779523
1993-07-17,19.885456394919995
1993-07-18,17.059567556252915
1993-07-19,14.976134981393614
1993-07-20,13.646213163180493
1993-07-21,12.330630495590418
1993-07-22,14.059691623885803
1993-07-23,18.28253372746896
1993-07-24,16.812686441665228
1993-07-25,15.11847475419601
1993-07-26,13.738945085881651
1993-07-27,12.281979112538378
1993-07-28,11.134255589385452
1993-07-29,10.233251539357216
1993-07-30,9.519498763356887
1993-07-31,10.942492666245785
1993-08-01,14.71966466644615
1993-08-02,14.026700742313436
1993-08-03,12.497391752563091
1993-08-04,11.27933791673275
1993-08-05,13.992265964559095
1993-08-06,19.078882220647124
1993-08-07,16.43408127868943
1993-08-08,14.320708448061536
1993-08-09,12.699604683888277
1993-08-10,11.917311920163781
1993-08-11,11.673936261038222
1993-08-12,10.825735515736875
1993-08-13,9.97099009892695
1993-08-14,9.540723783777155
1993-08-15,9.707847203900586
1993-08-16,11.693569176086747
1993-08-17,14.015143818110618
1993-08-18,12.523972812920517
1993-08-19,11.711906379446416
1993-08-20,12.429015477287102
1993-08-21,12.91132763661461
1993-08-22,12.16728208128382
1993-08-23,11.070671712532523
1993-08-24,12.969632488955007
1993-08-25,17.13752998108485
1993-08-26,14.984692062952055
1993-08-27,13.16323126841101
1993-08-28,11.756970588339547
1993-08-29,10.661561123474081
1993-08-30,9.800685916106216
1993-08-31,9.11804926134568
1993-09-01,8.571791147883621
1993-09-02,8.130552519817035
1993-09-03,7.770676452520476
1993-09-04,7.474517375941876
1993-09-05,7.227783897873287
1993-09-06,7.020036145538701
1993-09-07,6.843300359722382
1993-09-08,6.691225681139002
1993-09-09,6.5588376592612
1993-09-10,6.442291576085853
1993-09-11,6.3480075872062605
1993-09-12,6.601413065988549
1993-09-13,9.140634001853265
1993-09-14,12.415898155413117
1993-09-15,11.516862005705079
1993-09-16,10.766071214992218
1993-09-17,9.771382259248915
1993-09-18,8.978444233047325
1993-09-19,8.34912205951205
1993-09-20,7.845185804398294
1993-09-21,9.234810921756594
1993-09-22,14.174777702500288
1993-09-23,16.14399532460887
1993-09-24,14.671123411634227
1993-09-25,13.559978670802005
1993-09-26,12.583279932481831
1993-09-27,11.17870753251079
1993-09-28,10.074197020131999
1993-09-29,9.458216763075233
1993-09-30,9.278653951025122
1993-10-01,10.99836364255726
1993-10-02,16.197659444938903
1993-10-03,17.57505140143523
1993-10-04,15.699271549147811
1993-10-05,17.354890187768643
1993-10-06,21.21044541014736
1993-10-07,19.34349222173346
1993-10-08,19.650606045734065
1993-10-09,29.41950373591195
1993-10-10,49.700718734234094
1993-10-11,44.98471700740134
1993-10-12,34.91668114514498
1993-10-13,28.507727497729107
1993-10-14,25.327312068835052
1993-10-15,26.681476653485316
1993-10-16,28.754277485583174
1993-10-17,24.97706777685502
1993-10-18,20.944808170433223
1993-10-19,18.14515856729098
1993-10-20,16.654279723871568
1993-10-21,14.815163765270851
1993-10-22,13.141564892017266
1993-10-23,11.834339121752116
1993-10-24,11.397909284010524
1993-10-25,17.55223984999943
1993-10-26,25.354734433733526
1993-10-27,25.41587223040491
1993-10-28,31.315035708426446
1993-10-29,30.78745359915453
1993-10-30,25.345737939905035
1993-10-31,21.1821902151136
1993-11-01,18.055252800726777
1993-11-02,15.683520997421958
1993-11-03,14.45791262950643
1993-11-04,14.12310666608937
1993-11-05,15.404703306131696
1993-11-06,22.868045354073363
1993-11-07,26.667261491398822
1993-11-08,22.340291342953204
1993-11-09,24.57751410003227
1993-11-10,32.00060366112295
1993-11-11,28.78565540636505
1993-11-12,26.820214025656867
1993-11-13,28.66196580931432
1993-11-14,28.457321199166575
1993-11-15,31.448992076903185
1993-11-16,31.50383974859872
1993-11-17,26.56559219370843
1993-11-18,25.319394578808513
1993-11-19,25.90509841369699
1993-11-20,23.21781479812459
1993-11-21,20.216127445692226
1993-11-22,18.31339268405875
1993-11-23,16.085033490232142
1993-11-24,14.351174634902485
1993-11-25,13.006830026299033
1993-11-26,11.954673337620067
1993-11-27,11.123378418664663
1993-11-28,10.460230483652934
1993-11-29,9.925962220894435
1993-11-30,9.491107712516134
1993-12-01,9.13340333946494
1993-12-02,8.835918414338304
1993-12-03,8.585699369717657
1993-12-04,8.372778664268607
1993-12-05,8.189444923492589
1993-12-06,11.464297248187316
1993-12-07,15.93653783834016
1993-12-08,14.18989612387292
1993-12-09,12.75897509055387
1993-12-10,11.643337285566567
1993-12-11,10.76540997493673
1993-12-12,16.8886849724125
1993-12-13,26.751374479066996
1993-12-14,22.44682069402137
1993-12-15,19.062760445302924
1993-12-16,16.502466678050684
1993-12-17,14.54665114200799
1993-12-18,13.03850834393068
1993-12-19,11.864752886452884
1993-12-20,10.942759149000489
1993-12-21,10.212170487421378
1993-12-22,9.627778139607265
1993-12-23,9.154510759506769
1993-12-24,8.768055011880703
1993-12-25,8.449155492817138
1993-12-26,8.183125319125201
1993-12-27,7.958695796526693
1993-12-28,7.767172546389431
1993-12-29,7.601811990189938
1993-12-30,8.84525293040849
1993-12-31,12.090381953000646
1994-01-01,12.432762422783933
1994-01-02,11.292840832990054
1994-01-03,10.864380888345542
1994-01-04,14.593477148288168
1994-01-05,18.67811294052189
1994-01-06,17.123555277735377
1994-01-07,19.93668565202204
1994-01-08,22.689370381126622
1994-01-09,27.80022245231459
1994-01-10,41.89549912129894
1994-01-11,40.613188691040286
1994-01-12,38.89986664249225
1994-01-13,40.08090419499906
1994-01-14,35.12803204538861
1994-01-15,34.07230481983426
1994-01-16,27.79444023574295
1994-01-17,23.15591314296256
1994-01-18,19.68173091948302
1994-01-19,17.053422042913024
1994-01-20,15.045762032749531
1994-01-21,14.916230548903352
1994-01-22,16.42279557065213
1994-01-23,16.72744891406169
1994-01-24,14.827108922973506
1994-01-25,13.322103827104506
1994-01-26,16.759774246348826
1994-01-27,23.615184560741486
1994-01-28,24.726658574067205
1994-01-29,27.23121929013315
1994-01-30,22.8808298484637
1994-01-31,19.49895515035536
1994-02-01,16.93838190471291
1994-02-02,14.9808110921903
1994-02-03,13.470035591442953
1994-02-04,15.531830652638753
1994-02-05,20.407329585328913
1994-02-06,18.76398471578857
1994-02-07,16.401569420345
1994-02-08,14.562888856322376
1994-02-09,14.237953009351115
1994-02-10,14.835815405675392
1994-02-11,17.66375715965008
1994-02-12,25.978052337200662
1994-02-13,27.786556260637756
1994-02-14,24.952811638064627
1994-02-15,21.30097891616781
1994-02-16,18.329349702272765
1994-02-17,16.683091671152543
1994-02-18,16.422121479511222
1994-02-19,21.166382231025242
1994-02-20,29.755159181660108
1994-02-21,27.24921927522563
1994-02-22,23.90091758348409
1994-02-23,20.583215186293817
1994-02-24,17.864481294659907
1994-02-25,15.81915643506816
1994-02-26,14.189696772639104
1994-02-27,12.927438885890433
1994-02-28,11.920797828685119
1994-03-01,11.29731357654702
1994-03-02,10.933459696073447
1994-03-03,10.328553057986374
1994-03-04,9.838463351344977
1994-03-05,9.437718738184538
1994-03-06,9.106483571443077
1994-03-07,8.829714958660828
1994-03-08,8.666491278202665
1994-03-09,8.553873520206233
1994-03-10,8.35178761251118
1994-03-11,8.201774600925768
1994-03-12,8.096049898039984
1994-03-13,7.988923260732935
1994-03-14,8.588595374531165
1994-03-15,10.444096782121687
1994-03-16,11.377429389976056
1994-03-17,11.229543615096022
1994-03-18,11.22091404836594
1994-03-19,10.599617810927326
1994-03-20,10.071845158538235
1994-03-21,9.532696027525022
1994-03-22,9.108577304006104
1994-03-23,8.944848673081728
1994-03-24,10.529159733870648
1994-03-25,13.924055987237303
1994-03-26,14.020079024315196
1994-03-27,13.87111977543654
1994-03-28,15.04921139773659
1994-03-29,13.780028711964595
1994-03-30,12.372180948214721
1994-03-31,11.250701210075974
1994-04-01,10.369170679375351
1994-04-02,9.822089602885429
1994-04-03,9.708365362999485
1994-04-04,10.374476782074106
1994-04-05,11.589635014238105
1994-04-06,10.670706780635134
1994-04-07,9.881006231289026
1994-04-08,9.252235629988396
1994-04-09,8.74688565917672
1994-04-10,8.503792422130939
1994-04-11,9.607176907391727
1994-04-12,11.437996794096014
1994-04-13,13.307236593845424
1994-04-14,16.260483022921914
1994-04-15,16.773115019466466
1994-04-16,15.675254864237312
1994-04-17,13.925184347260576
1994-04-18,12.38547800178491
1994-04-19,11.189613874171073
1994-04-20,13.180356485259352
1994-04-21,17.986027067995074
1994-04-22,16.533225167862565
1994-04-23,14.430518522438154
1994-04-24,12.777016253656791
1994-04-25,11.495795731148858
1994-04-26,10.494168829037159
1994-04-27,9.704109456917605
1994-04-28,9.076498042502744
1994-04-29,8.572901714882933
1994-04-30,8.162789014694509
1994-05-01,7.826785876824147
1994-05-02,7.548770514664853
1994-05-03,7.316283147097805
1994-05-04,7.631627899163803
1994-05-05,8.662924853863265
1994-05-06,10.28986289805888
1994-05-07,12.790233015506258
1994-05-08,11.480997000304663
1994-05-09,10.412582187430043
1994-05-10,9.81348987555643
1994-05-11,9.402553314243447
1994-05-12,8.960260063737822
1994-05-13,9.074808257183326
1994-05-14,9.091107180022322
1994-05-15,10.56447055576333
1994-05-16,12.74334586906574
1994-05-17,11.459844114636168
1994-05-18,10.368912033964545
1994-05-19,9.598694260707905
1994-05-20,8.89815766898499
1994-05-21,9.054910550404607
1994-05-22,10.135290470361202
1994-05-23,9.469430346238642
1994-05-24,9.581785257865254
1994-05-25,10.459178291096954
1994-05-26,9.570496983134378
1994-05-27,8.83706334521904
1994-05-28,10.436398157337601
1994-05-29,13.504941789542102
1994-05-30,12.24390381105107
1994-05-31,12.960614825801471
1994-06-01,14.877929072059208
1994-06-02,13.984669586263704
1994-06-03,12.302214301897118
1994-06-04,10.973255561042246
1994-06-05,9.937156193557788
1994-06-06,9.122392782056936
1994-06-07,8.476099708112482
1994-06-08,7.958894694716306
1994-06-09,7.541224351073514
1994-06-10,7.200758567838791
1994-06-11,6.920516148274632
1994-06-12,6.687505179803593
1994-06-13,10.809082891033881
1994-06-14,20.327834524002444
1994-06-15,20.204369914107506
1994-06-16,17.782717678541665
1994-06-17,19.798368423556855
1994-06-18,31.044413747853913
1994-06-19,36.41516709831324
1994-06-20,29.383081017591042
1994-06-21,23.984141552721326
1994-06-22,19.955630419787393
1994-06-23,18.651624415745175
1994-06-24,19.07020556251352
1994-06-25,16.896503866726825
1994-06-26,14.879611442666617
1994-06-27,15.485549877950689
1994-06-28,17.305519434533238
1994-06-29,15.014740748193354
1994-06-30,13.173062130312012
1994-07-01,11.751896753655137
1994-07-02,10.64547385890436
1994-07-03,9.776457444173856
1994-07-04,9.087814301239348
1994-07-05,8.537146288210291
1994-07-06,8.09269872143747
1994-07-07,7.730521777673936
1994-07-08,7.432433453825798
1994-07-09,7.1845452705662325
1994-07-10,6.976186717515282
1994-07-11,6.871428030031965
1994-07-12,6.888917718477934
1994-07-13,7.749734382071559
1994-07-14,9.606409615341386
1994-07-15,9.494661542826373
1994-07-16,8.787490813563204
1994-07-17,8.219341670366132
1994-07-18,7.762179175487358
1994-07-19,7.3908921422673854
1994-07-20,7.13863878470153
1994-07-21,6.952566668266457
1994-07-22,7.621364264307345
1994-07-23,8.959625408305168
1994-07-24,8.31829642918227
1994-07-25,7.892160404785543
1994-07-26,7.560133180847072
1994-07-27,7.190536880014911
1994-07-28,6.88237128828455
1994-07-29,6.627727443068777
1994-07-30,6.415163419089404
1994-07-31,6.235851761216343
1994-08-01,6.082946368882729
1994-08-02,5.951111427355737
1994-08-03,5.836168668455468
1994-08-04,5.734831638591781
1994-08-05,5.644504364494183
1994-08-06,5.999963980287202
1994-08-07,6.867373405742307
1994-08-08,6.592367908763375
1994-08-09,6.32977282519484
1994-08-10,6.1043237521307185
1994-08-11,5.915587942888308
1994-08-12,5.801398589400324
1994-08-13,5.94624780502805
1994-08-14,6.245082436755422
1994-08-15,6.364706749712366
1994-08-16,6.180889474068579
1994-08-17,6.3886977480956455
1994-08-18,6.784390487138204
1994-08-19,6.461578929381527
1994-08-20,6.178203066705372
1994-08-21,6.143634925213337
1994-08-22,6.295928210264197
1994-08-23,6.3413502177602465
1994-08-24,7.098994898139089
1994-08-25,7.493749723488882
1994-08-26,6.980435186226344
1994-08-27,6.547443382287587
1994-08-28,6.203173515639935
1994-08-29,5.934448833957659
1994-08-30,5.696337133333333
1994-08-31,5.497114280248613
1994-09-01,5.333096596788117
1994-09-02,5.378839357448151
1994-09-03,5.525455972184235
1994-09-04,5.354309736125718
1994-09-05,5.194338434409011
1994-09-06,5.07754207537175
1994-09-07,5.576947673652648
1994-09-08,6.394919519040495
1994-09-09,6.005289796807751
1994-09-10,5.700373152623233
1994-09-11,5.45062183277619
1994-09-12,5.244171871587587
1994-09-13,5.071881265513913
1994-09-14,4.92666821069704
1994-09-15,4.803019384649534
1994-09-16,4.696622219459742
1994-09-17,4.604088221049727
1994-09-18,4.522743587309635
1994-09-19,4.450469885358493
1994-09-20,5.1450507811418875
1994-09-21,8.400318233859652
1994-09-22,12.802822005869034
1994-09-23,15.310888736250645
1994-09-24,14.476079910391618
1994-09-25,12.913671146720004
1994-09-26,11.190808959119174
1994-09-27,10.186364546670257
1994-09-28,9.60646187734766
1994-09-29,11.551794108976756
1994-09-30,14.25574969880067
1994-10-01,14.093570055281376
1994-10-02,15.640258107605616
1994-10-03,17.331450588071746
1994-10-04,18.67060035898404
1994-10-05,16.694752994940828
1994-10-06,14.948926788639781
1994-10-07,12.735920031096038
1994-10-08,11.050192660537148
1994-10-09,9.817737719988852
1994-10-10,8.76929796109978
1994-10-11,7.943947667989349
1994-10-12,7.30074001748918
1994-10-13,6.987864802888072
1994-10-14,6.76200422248636
1994-10-15,6.359373965486146
1994-10-16,6.76320675409288
1994-10-17,8.444626269652806
1994-10-18,8.777300473808216
1994-10-19,8.352359913161516
1994-10-20,8.495492850689292
1994-10-21,8.245822097580968
1994-10-22,9.227586926963301
1994-10-23,11.56899672454491
1994-10-24,10.70609763825265
1994-10-25,9.454032437119567
1994-10-26,10.261668283814151
1994-10-27,12.368418956370164
1994-10-28,11.401005436553142
1994-10-29,9.98513247650786
1994-10-30,8.88591791042864
1994-10-31,8.026545502010418
1994-11-01,7.349158688479265
1994-11-02,6.810808490088063
1994-11-03,6.379368595337169
1994-11-04,6.030636568413058
1994-11-05,5.746257553523807
1994-11-06,5.6107745981120765
1994-11-07,5.745720431082986
1994-11-08,6.36628475232342
1994-11-09,7.233006836414465
1994-11-10,6.709772971047923
1994-11-11,6.267995445574994
1994-11-12,8.33344691916667
1994-11-13,11.928749506629464
1994-11-14,10.40367570784676
1994-11-15,9.47683125467287
1994-11-16,9.108381630037846
1994-11-17,9.178535135544099
1994-11-18,12.030719489248883
1994-11-19,21.93859166996867
1994-11-20,32.68512695158706
1994-11-21,29.126332728290606
1994-11-22,28.247727388964506
1994-11-23,25.83539927217252
1994-11-24,21.05682151910293
1994-11-25,17.4353728777432
1994-11-26,14.706759366980611
1994-11-27,14.313311899150925
1994-11-28,16.85591811649119
1994-11-29,20.117839546799633
1994-11-30,22.40303150656982
1994-12-01,18.603540190452964
1994-12-02,15.649035424680816
1994-12-03,13.407848193079383
1994-12-04,11.692391987947618
1994-12-05,10.367854974293047
1994-12-06,9.336390188055908
1994-12-07,8.52632701862021
1994-12-08,7.884720393448315
1994-12-09,7.372147579665039
1994-12-10,6.95903687409664
1994-12-11,6.623052126079814
1994-12-12,6.3472126163350575
1994-12-13,19.439623145331982
1994-12-14,41.47498315689744
1994-12-15,48.81281647261974
1994-12-16,77.57198871620177
1994-12-17,111.26058017962895
1994-12-18,88.8598810346432
1994-12-19,68.46389439615238
1994-12-20,62.28636382009284
1994-12-21,46.66592741104349
1994-12-22,36.37130042734871
1994-12-23,29.355936664753575
1994-12-24,24.174195182506153
1994-12-25,20.30628036722914
1994-12-26,17.397114968289355
1994-12-27,15.846473566733001
1994-12-28,15.613166210403895
1994-12-29,14.572296425337912
1994-12-30,13.018595360148622
1994-12-31,11.838803702115577
1995-01-01,13.678800993981497
1995-01-02,17.69367410251027
1995-01-03,15.918272171315827
1995-01-04,14.024467002756362
1995-01-05,12.562377814563524
1995-01-06,11.423979539782207
1995-01-07,10.52941265730403
1995-01-08,10.967895696804154
1995-01-09,17.406780292601088
1995-01-10,23.77932953373087
1995-01-11,31.5486075223527
1995-01-12,36.446827093053024
1995-01-13,29.646607424879804
1995-01-14,24.438458718049432
1995-01-15,20.554430090590124
1995-01-16,17.628281983019022
1995-01-17,15.402228852164624
1995-01-18,13.692729036506966
1995-01-19,12.367714771440733
1995-01-20,11.331225005567353
1995-01-21,10.512900923283082
1995-01-22,9.860720134020768
1995-01-23,9.68940465191889
1995-01-24,10.157267454856951
1995-01-25,10.210971497639333
1995-01-26,9.567869505028249
1995-01-27,9.06670357548734
1995-01-28,8.659963382500253
1995-01-29,8.326265717735444
1995-01-30,8.049421409145603
1995-01-31,7.817092051566045
1995-02-01,7.61981546474425
1995-02-02,7.450292794792218
1995-02-03,16.601664346944265
1995-02-04,28.050038875935034
1995-02-05,23.28679709355318
1995-02-06,19.571500444339353
1995-02-07,16.769791554064327
1995-02-08,14.636648789268166
1995-02-09,12.99737403827577
1995-02-10,11.726099460161867
1995-02-11,11.327785821470378
1995-02-12,12.599964990008031
1995-02-13,13.341498299010409
1995-02-14,17.754332506392718
1995-02-15,26.127137602348522
1995-02-16,23.55332610915653
1995-02-17,19.788032976597247
1995-02-18,20.217827738387076
1995-02-19,24.10883272670965
1995-02-20,20.746380819776565
1995-02-21,17.661420863352323
1995-02-22,15.33502436804727
1995-02-23,13.556565641955478
1995-02-24,12.183948717237058
1995-02-25,11.114546614438561
1995-02-26,10.273516370373471
1995-02-27,9.605785551747173
1995-02-28,9.07049110363719
1995-03-01,8.637077476304448
1995-03-02,9.04510918130261
1995-03-03,17.87814563821618
1995-03-04,32.644149475110645
1995-03-05,39.38433988951893
1995-03-06,42.48053047664313
1995-03-07,36.89615146383124
1995-03-08,29.978223056265545
1995-03-09,26.093712670933815
1995-03-10,24.046264646476214
1995-03-11,20.740312655031623
1995-03-12,20.268446526099304
1995-03-13,31.350665796238392
1995-03-14,44.43844122852446
1995-03-15,42.10084463454296
1995-03-16,42.281018747181115
1995-03-17,34.1005145370011
1995-03-18,29.086314695546463
1995-03-19,26.02564719974386
1995-03-20,23.27898484607
1995-03-21,22.477161382678787
1995-03-22,19.840519353042804
1995-03-23,17.298351127052683
1995-03-24,15.33514256442431
1995-03-25,13.818937837291623
1995-03-26,12.636872345204344
1995-03-27,11.706550091984653
1995-03-28,10.96729352579995
1995-03-29,10.37405594436989
1995-03-30,9.893141460025998
1995-03-31,9.499166153646238
1995-04-01,9.172880618795995
1995-04-02,8.899596283283584
1995-04-03,8.669159324154682
1995-04-04,9.608478978024015
1995-04-05,12.987142491562851
1995-04-06,14.812271549988532
1995-04-07,14.048501682493038
1995-04-08,13.655522832418036
1995-04-09,13.495021035261905
1995-04-10,12.69413148152055
1995-04-11,11.666360846320599
1995-04-12,10.821247787215214
1995-04-13,10.533171317294775
1995-04-14,10.649932474563387
1995-04-15,10.044155377620742
1995-04-16,9.5100454764808
1995-04-17,9.076192517465614
1995-04-18,8.720113393399668
1995-04-19,8.461465509746679
1995-04-20,8.266478907297115
1995-04-21,8.051863687648112
1995-04-22,7.875135182119567
1995-04-23,8.408097832276242
1995-04-24,11.815234181058841
1995-04-25,15.651107551248252
1995-04-26,14.424503330746015
1995-04-27,12.849807142319056
1995-04-28,11.627158545189774
1995-04-29,10.741933028775591
1995-04-30,10.855765273825062
1995-05-01,11.349409063006691
1995-05-02,11.036840190548071
1995-05-03,11.41360274231783
1995-05-04,10.51822911748459
1995-05-05,9.76829212645969
1995-05-06,9.16962400483451
1995-05-07,8.687175433607221
1995-05-08,8.29457245729955
1995-05-09,8.663613955461699
1995-05-10,9.61154879636923
1995-05-11,9.068461155136152
1995-05-12,9.883530440332363
1995-05-13,11.967488898679784
1995-05-14,11.000467318382483
1995-05-15,10.083212126661556
1995-05-16,9.3575820323832
1995-05-17,8.778362196517058
1995-05-18,8.493042586103165
1995-05-19,8.546327503841587
1995-05-20,8.56815552147254
1995-05-21,8.596712518875963
1995-05-22,8.168881163599755
1995-05-23,7.836240262000184
1995-05-24,7.574073923611415
1995-05-25,7.305062948939877
1995-05-26,7.075798337929364
1995-05-27,6.8821773468003515
1995-05-28,7.11973225229923
1995-05-29,8.716636070890667
1995-05-30,10.522129152979533
1995-05-31,10.499847868040751
1995-06-01,9.606666772030566
1995-06-02,8.874874816167374
1995-06-03,8.291995935030018
1995-06-04,7.823529321220018
1995-06-05,7.443507479994728
1995-06-06,7.132255061802308
1995-06-07,6.8747706871274445
1995-06-08,8.191367417574725
1995-06-09,10.77685112329286
1995-06-10,9.834989966902297
1995-06-11,9.008296533677449
1995-06-12,8.512119792903226
1995-06-13,9.674609805631333
1995-06-14,13.494316122311979
1995-06-15,16.6187129596086
1995-06-16,18.070436440742025
1995-06-17,20.574169768870952
1995-06-18,24.362451963233244
1995-06-19,22.934955267720028
1995-06-20,19.140242943047703
1995-06-21,16.234389586246262
1995-06-22,14.025298511409098
1995-06-23,12.32378998674727
1995-06-24,11.051462651506268
1995-06-25,11.526743704421236
1995-06-26,12.824254914271044
1995-06-27,11.429038666309532
1995-06-28,10.306364674833151
1995-06-29,9.425735558986824
1995-06-30,8.728941498791277
1995-07-01,8.172723238401971
1995-07-02,7.724690884484619
1995-07-03,7.3733996927654095
1995-07-04,7.083941324745321
1995-07-05,6.833721070026428
1995-07-06,6.622256944587974
1995-07-07,6.443375465619276
1995-07-08,6.290383776614315
1995-07-09,6.158063356966605
1995-07-10,6.042326157504899
1995-07-11,5.939955439954917
1995-07-12,5.848409337783294
1995-07-13,5.76567115031807
1995-07-14,5.690134663613867
1995-07-15,5.620516070286567
1995-07-16,5.597622181198282
1995-07-17,5.559242641867933
1995-07-18,5.492542538837284
1995-07-19,5.429868580858439
1995-07-20,5.382278094482374
1995-07-21,5.332199566796845
1995-07-22,5.276870176866284
1995-07-23,6.064286864160487
1995-07-24,7.687187132791332
1995-07-25,7.2367061082909325
1995-07-26,7.645325674177122
1995-07-27,8.509459294962948
1995-07-28,8.779070516488947
1995-07-29,9.860864984728996
1995-07-30,9.545986873439082
1995-07-31,9.586978987715586
1995-08-01,8.905191075940463
1995-08-02,8.345288920748951
1995-08-03,7.6813449673892045
1995-08-04,7.145553269103158
1995-08-05,6.73170861917724
1995-08-06,9.617730772646475
1995-08-07,14.399775142053878
1995-08-08,12.401162625151265
1995-08-09,10.83529048681025
1995-08-10,9.623010408109804
1995-08-11,8.676714501273496
1995-08-12,7.933325469743038
1995-08-13,7.343127331380786
1995-08-14,6.869839084392012
1995-08-15,6.487891145038482
1995-08-16,6.176920411678822
1995-08-17,5.921406617435689
1995-08-18,6.131155005644847
1995-08-19,6.610742846416208
1995-08-20,6.280169044613497
1995-08-21,5.986454612383368
1995-08-22,5.7700285838087195
1995-08-23,6.403124191730221
1995-08-24,7.648542869736308
1995-08-25,10.176232826250697
1995-08-26,15.12121770459857
1995-08-27,14.30941812847741
1995-08-28,12.814438511263651
1995-08-29,12.02108405372833
1995-08-30,10.534668642131606
1995-08-31,9.35111777942403
1995-09-01,8.924973240281437
1995-09-02,9.318795399930943
1995-09-03,8.965275375771276
1995-09-04,8.185803056620504
1995-09-05,7.5071290921046865
1995-09-06,6.967086441031982
1995-09-07,6.534271449472533
1995-09-08,6.498795010288848
1995-09-09,6.852372953189353
1995-09-10,6.694468482856656
1995-09-11,6.313338832651155
1995-09-12,5.991604417431329
1995-09-13,5.728163625418041
1995-09-14,5.51043525181377
1995-09-15,5.442374578143672
1995-09-16,7.037874688444663
1995-09-17,10.394946052101792
1995-09-18,10.895208985486297
1995-09-19,9.602744762384722
1995-09-20,8.572806838859885
1995-09-21,7.765878724550366
1995-09-22,7.128529308229111
1995-09-23,7.017542489597041
1995-09-24,7.412777267323027
1995-09-25,6.9021863767196585
1995-09-26,6.434148279096742
1995-09-27,6.056838247969135
1995-09-28,5.75033189044855
1995-09-29,5.499118232032592
1995-09-30,5.2913115224855
1995-10-01,5.11775271164218
1995-10-02,4.971346444746611
1995-10-03,4.846568482059517
1995-10-04,4.739541001352404
1995-10-05,4.691649539906783
1995-10-06,4.63373083503737
1995-10-07,4.550289537222735
1995-10-08,4.474766652399868
1995-10-09,4.407146229336116
1995-10-10,4.3459816648824585
1995-10-11,4.290115166171536
1995-10-12,4.238616893126781
1995-10-13,4.190737603057925
1995-10-14,4.145871648038338
1995-10-15,4.1035279465500745
1995-10-16,4.063307124139287
1995-10-17,4.334935705077666
1995-10-18,6.034294153726781
1995-10-19,7.371440293663152
1995-10-20,6.666327197970031
1995-10-21,6.123942213103239
1995-10-22,6.284933134225156
1995-10-23,6.922286764277476
1995-10-24,6.62353249604383
1995-10-25,7.5439138161300106
1995-10-26,8.108902451623806
1995-10-27,7.349640008586835
1995-10-28,7.825397328403938
1995-10-29,10.075258180779263
1995-10-30,11.383276248184961
1995-10-31,10.381619102742059
1995-11-01,9.252737137139233
1995-11-02,9.079481991526984
1995-11-03,9.632478749558274
1995-11-04,8.496011076185418
1995-11-05,7.581646816329484
1995-11-06,6.863619411756862
1995-11-07,6.295345923825226
1995-11-08,5.842039138543799
1995-11-09,5.4775334608205215
1995-11-10,5.182015114543385
1995-11-11,5.34249378982019
1995-11-12,5.879429713262742
1995-11-13,5.516651970224335
1995-11-14,5.2018677749038655
1995-11-15,4.9453346760258565
1995-11-16,4.734451455120795
1995-11-17,4.55952466521929
1995-11-18,4.4130571295895065
1995-11-19,4.289220573005087
1995-11-20,10.144379292567438
1995-11-21,16.109079667238554
1995-11-22,14.322077860499475
1995-11-23,12.067681711212666
1995-11-24,10.897274321268759
1995-11-25,10.363180489514953
1995-11-26,9.027615989764946
1995-11-27,7.989231560492396
1995-11-28,7.1769454134852815
1995-11-29,6.536556374970602
1995-11-30,6.027733476685943
1995-12-01,5.620242897091921
1995-12-02,5.29126209579829
1995-12-03,5.0234505114976855
1995-12-04,4.80355193329457
1995-12-05,4.621373954392834
1995-12-06,4.469037184395293
1995-12-07,4.340419015689131
1995-12-08,4.230738783129475
1995-12-09,4.1710893802786835
1995-12-10,4.14585416556955
1995-12-11,4.057744781544863
1995-12-12,3.980683407423498
1995-12-13,5.715493669791621
1995-12-14,9.40949831429042
1995-12-15,11.63859323391783
1995-12-16,11.800275697808479
1995-12-17,12.578229120878781
1995-12-18,20.370274505393503
1995-12-19,25.85421385449777
1995-12-20,20.89554383512969
1995-12-21,17.29792454416133
1995-12-22,14.877735309071385
1995-12-23,12.541174068352023
1995-12-24,10.748655005202785
1995-12-25,9.369279376883535
1995-12-26,8.299147355460988
1995-12-27,7.462281670795037
1995-12-28,6.802643154248507
1995-12-29,6.278565974548599
1995-12-30,5.858838518692068
1995-12-31,5.519916241497032
1996-01-01,5.243921417582716
1996-01-02,5.017195346371554
1996-01-03,4.829242016436263
1996-01-04,4.671951570708957
1996-01-05,4.539025403445748
1996-01-06,4.425547681189488
1996-01-07,4.327663971809819
1996-01-08,4.2423387626955344
1996-01-09,4.167171463279991
1996-01-10,4.100989227384744
1996-01-11,9.76201296629221
1996-01-12,18.72553024499994
1996-01-13,15.550282884275495
1996-01-14,13.008027218589483
1996-01-15,11.074279226606947
1996-01-16,9.590748753546672
1996-01-17,8.443196127220988
1996-01-18,7.5483754889846715
1996-01-19,6.84508264420333
1996-01-20,6.287944669817908
1996-01-21,5.8430644690701214
1996-01-22,5.672252884306904
1996-01-23,7.963344237761347
1996-01-24,11.010611523729407
1996-01-25,9.588974658781652
1996-01-26,8.438340214172237
1996-01-27,7.5413018568744326
1996-01-28,8.479141597569457
1996-01-29,18.21602894768039
1996-01-30,28.5702694816306
1996-01-31,23.890699548443294
1996-02-01,25.232865709227216
1996-02-02,28.953437706180974
1996-02-03,26.587971059643532
1996-02-04,22.240309945184652
1996-02-05,18.27846786342725
1996-02-06,15.252802284916726
1996-02-07,12.960527434253905
1996-02-08,11.208401420997761
1996-02-09,9.857647518329431
1996-02-10,8.807609172084554
1996-02-11,7.984605055157204
1996-02-12,7.390621049010359
1996-02-13,6.9799820147059926
1996-02-14,6.535420919757237
1996-02-15,6.204697066480297
1996-02-16,5.973506807543141
1996-02-17,5.7129222318471236
1996-02-18,5.495078652263834
1996-02-19,5.415811947544306
1996-02-20,6.895477185473627
1996-02-21,13.643222854560635
1996-02-22,20.360535219696413
1996-02-23,18.437744694836102
1996-02-24,15.364976968400919
1996-02-25,13.042426287371432
1996-02-26,11.268346786650119
1996-02-27,9.904970583044053
1996-02-28,11.030762942708963
1996-02-29,16.714712986012454
1996-03-01,21.122834825078147
1996-03-02,19.856398529604416
1996-03-03,19.2746512188221
1996-03-04,16.135012242346956
1996-03-05,13.722685422435951
1996-03-06,12.051012293333306
1996-03-07,10.704335605364166
1996-03-08,9.532690332147757
1996-03-09,9.496457502847434
1996-03-10,13.096552274580338
1996-03-11,21.44978903886488
1996-03-12,28.305222571147752
1996-03-13,27.40356889509988
1996-03-14,31.5080441208335
1996-03-15,52.56225165673703
1996-03-16,62.56637561843667
1996-03-17,48.85564685931777
1996-03-18,39.10339245510945
1996-03-19,32.52862093312817
1996-03-20,28.69448172617895
1996-03-21,26.9985504117314
1996-03-22,26.42309941008159
1996-03-23,28.859246902881722
1996-03-24,26.64172841377653
1996-03-25,24.102445548717963
1996-03-26,20.40012671712645
1996-03-27,17.33574209864315
1996-03-28,14.998167763658428
1996-03-29,13.207571273849767
1996-03-30,11.895751686417633
1996-03-31,10.892229117797918
1996-04-01,10.036606177705572
1996-04-02,9.332734241112886
1996-04-03,8.769570609661137
1996-04-04,8.314710575064897
1996-04-05,7.943720606116912
1996-04-06,7.638056234370564
1996-04-07,7.383555568532082
1996-04-08,8.35054254935322
1996-04-09,11.008245893648079
1996-04-10,13.68307179910304
1996-04-11,18.66192730422594
1996-04-12,22.848854050921418
1996-04-13,25.08989450546517
1996-04-14,22.66466999902397
1996-04-15,20.566961675698387
1996-04-16,19.430914874109504
1996-04-17,16.67137764207709
1996-04-18,14.46936962712347
1996-04-19,12.779901076036076
1996-04-20,11.471885565905161
1996-04-21,12.299077739035605
1996-04-22,14.519209340502778
1996-04-23,13.14580999268305
1996-04-24,12.134000920972179
1996-04-25,12.878984280482458
1996-04-26,16.759830061784168
1996-04-27,17.225338189928912
1996-04-28,14.992270246301208
1996-04-29,13.203699142931747
1996-04-30,11.798045982606832
1996-05-01,12.803091479452084
1996-05-02,17.314150528208145
1996-05-03,18.03535912585424
1996-05-04,17.267377573431677
1996-05-05,17.695888796273774
1996-05-06,16.63483386592652
1996-05-07,14.621153976964072
1996-05-08,16.84414386314359
1996-05-09,22.39537591933323
1996-05-10,21.86033609636083
1996-05-11,21.26128778959162
1996-05-12,18.40343028144377
1996-05-13,17.202281527902112
1996-05-14,16.848842510668156
1996-05-15,16.726971832706997
1996-05-16,15.760157880062655
1996-05-17,13.869256388581208
1996-05-18,12.374525401390015
1996-05-19,11.21184550769655
1996-05-20,10.299248486880447
1996-05-21,9.57639205217287
1996-05-22,8.998491471335088
1996-05-23,8.532055370800643
1996-05-24,8.656168481559039
1996-05-25,9.145990726906243
1996-05-26,8.678241615816187
1996-05-27,8.248765251778845
1996-05-28,7.897534538208227
1996-05-29,7.607330639832451
1996-05-30,7.523707159637332
1996-05-31,8.350930781271787
1996-06-01,12.794732593692366
1996-06-02,22.82888629532312
1996-06-03,30.32642503720554
1996-06-04,29.440649581536306
1996-06-05,25.79960056125614
1996-06-06,23.30480889256809
1996-06-07,24.590977667752465
1996-06-08,24.511593884825572
1996-06-09,21.74084542985395
1996-06-10,20.52157686127223
1996-06-11,17.561907185611258
1996-06-12,15.597119983194418
1996-06-13,14.445616447283987
1996-06-14,12.890806132047905
1996-06-15,11.912292234274217
1996-06-16,11.941335916629221
1996-06-17,11.624309022236227
1996-06-18,11.10617043450239
1996-06-19,10.35235444651107
1996-06-20,9.62218756231947
1996-06-21,9.037196444574821
1996-06-22,8.565247351461649
1996-06-23,8.180739020379566
1996-06-24,8.708374546727837
1996-06-25,10.720650753163532
1996-06-26,10.974313614549883
1996-06-27,10.226643382360768
1996-06-28,11.013343166164221
1996-06-29,12.003868541999603
1996-06-30,10.905165565176915
1996-07-01,9.99495101154775
1996-07-02,9.274790175161497
1996-07-03,8.699760535248593
1996-07-04,8.236282625883302
1996-07-05,7.859076450835961
1996-07-06,7.848100832600238
1996-07-07,8.242957080649337
1996-07-08,7.996797005886923
1996-07-09,7.643535856526541
1996-07-10,8.399657543964075
1996-07-11,10.00249776889837
1996-07-12,9.243362204183482
1996-07-13,8.61056102878654
1996-07-14,8.103176643786062
1996-07-15,7.6925423130426465
1996-07-16,7.356988725867709
1996-07-17,7.080030580555603
1996-07-18,6.849050539582442
1996-07-19,6.654336655751141
1996-07-20,6.488373141170631
1996-07-21,6.345314169557725
1996-07-22,6.220590914520675
1996-07-23,6.1106162670936115
1996-07-24,6.012561648534729
1996-07-25,5.924187375895754
1996-07-26,5.843713048483795
1996-07-27,5.769733017477332
1996-07-28,5.771385822490854
1996-07-29,5.813830881423648
1996-07-30,5.757179412819436
1996-07-31,5.672192945808093
1996-08-01,5.894331124874472
1996-08-02,6.652827034691118
1996-08-03,6.793924362714811
1996-08-04,6.929432158012212
1996-08-05,6.9894579212366
1996-08-06,6.80778891801613
1996-08-07,6.494509075709781
1996-08-08,7.585937772268156
1996-08-09,9.606507585859969
1996-08-10,9.405032653758967
1996-08-11,9.78388675346243
1996-08-12,8.879939122654886
1996-08-13,8.18855148638389
1996-08-14,7.577393162493731
1996-08-15,7.0845215879633665
1996-08-16,6.687096599392916
1996-08-17,6.363747515819586
1996-08-18,6.098209080247611
1996-08-19,5.8780276128116675
1996-08-20,7.036338115191886
1996-08-21,10.60566047295698
1996-08-22,11.585237026396655
1996-08-23,10.208883821478311
1996-08-24,9.127562920265277
1996-08-25,8.28061060520204
1996-08-26,7.611727261208582
1996-08-27,7.0790486173571265
1996-08-28,7.352526453509785
1996-08-29,8.133612033589811
1996-08-30,7.506939813266789
1996-08-31,6.9829902213737585
1996-09-01,6.562186258255285
1996-09-02,6.2212378377189514
1996-09-03,5.942466712586964
1996-09-04,5.712371346918417
1996-09-05,5.521888883688906
1996-09-06,5.6904673693641525
1996-09-07,6.02707674114919
1996-09-08,5.779299065096086
1996-09-09,5.791062089011575
1996-09-10,6.299147073977445
1996-09-11,6.340067947001432
1996-09-12,5.997265186369726
1996-09-13,5.717686362045982
1996-09-14,5.772226709059841
1996-09-15,5.966522230384236
1996-09-16,5.692493790090175
1996-09-17,5.453006008143215
1996-09-18,5.565091866330264
1996-09-19,8.057192314752683
1996-09-20,10.812922886713514
1996-09-21,9.635393092760737
1996-09-22,8.995678278685135
1996-09-23,8.98595066253406
1996-09-24,8.172349484779932
1996-09-25,7.698610493752909
1996-09-26,8.919414731650988
1996-09-27,10.16783556274037
1996-09-28,9.27598739286748
1996-09-29,8.560792225095629
1996-09-30,7.9443516338130875
1996-10-01,8.029507930636365
1996-10-02,7.636580285833962
1996-10-03,11.007881032612277
1996-10-04,17.22849806246167
1996-10-05,15.699710442860797
1996-10-06,13.401480670664418
1996-10-07,11.511703797413302
1996-10-08,10.053803717387689
1996-10-09,8.923758840670951
1996-10-10,8.040655404454947
1996-10-11,7.344910517008657
1996-10-12,6.7922915179330055
1996-10-13,6.3497119566832465
1996-10-14,5.992247154679599
1996-10-15,5.700995965306222
1996-10-16,5.461535553438121
1996-10-17,5.262795669756238
1996-10-18,5.0962322856324125
1996-10-19,4.955228449792811
1996-10-20,4.83462384989131
1996-10-21,5.025834196198822
1996-10-22,8.098961133950427
1996-10-23,11.489084669747584
1996-10-24,10.014471491209457
1996-10-25,8.84013470389628
1996-10-26,7.924053262959652
1996-10-27,9.8177198890638
1996-10-28,13.253776162985359
1996-10-29,11.408127476792027
1996-10-30,10.524824666538981
1996-10-31,10.387232072845851
1996-11-01,9.165565394545869
1996-11-02,8.193494758991614
1996-11-03,8.185095594450697
1996-11-04,8.810289696444253
1996-11-05,8.085538770652091
1996-11-06,8.555242292023145
1996-11-07,9.018887306811127
1996-11-08,8.234960226778302
1996-11-09,8.772955007381924
1996-11-10,11.185699925819172
1996-11-11,19.60356883801715
1996-11-12,31.47789585397108
1996-11-13,29.77729232584748
1996-11-14,23.93037270625555
1996-11-15,20.66596062960029
1996-11-16,21.3773793692654
1996-11-17,21.94516158386669
1996-11-18,27.099347753499107
1996-11-19,36.78906532626191
1996-11-20,33.21538049066519
1996-11-21,33.27301056286243
1996-11-22,38.12385788337519
1996-11-23,52.5961413989265
1996-11-24,63.33705103919496
1996-11-25,43.7410039031107
1996-11-26,34.32087341423149
1996-11-27,28.330854707009646
1996-11-28,23.210802881704925
1996-11-29,19.366997694188235
1996-11-30,17.535673283422508
1996-12-01,17.675741456313943
1996-12-02,23.295869773998785
1996-12-03,32.686976028886576
1996-12-04,28.191569760256495
1996-12-05,24.527474095103482
1996-12-06,20.520190241943354
1996-12-07,17.452852002577213
1996-12-08,21.28302760919524
1996-12-09,30.233818964022273
1996-12-10,25.852175371886617
1996-12-11,21.454450203204658
1996-12-12,18.176546415476363
1996-12-13,18.435858013038587
1996-12-14,23.070845954379667
1996-12-15,24.80593418287862
1996-12-16,30.36298707769116
1996-12-17,37.02038270077947
1996-12-18,36.16247205114513
1996-12-19,36.00854776562287
1996-12-20,31.87515273370577
1996-12-21,26.17592961750786
1996-12-22,31.329095485274994
1996-12-23,46.60418806165126
1996-12-24,46.48065419210891
1996-12-25,42.61743883749593
1996-12-26,42.56186508959127
1996-12-27,36.84201141460428
1996-12-28,30.04421978686004
1996-12-29,24.96707096230807
1996-12-30,21.174128405131455
1996-12-31,18.311399094800535
1997-01-01,16.12935059689466
1997-01-02,14.450080778456588
1997-01-03,13.145424805862563
1997-01-04,12.122154522081187
1997-01-05,11.311845525409721
1997-01-06,10.663858427868446
1997-01-07,10.140424243345352
1997-01-08,9.713168234476568
1997-01-09,9.360627946057923
1997-01-10,9.066465413991741
1997-01-11,8.818168722485632
1997-01-12,8.606101623829419
1997-01-13,8.422802821015994
1997-01-14,8.262465757813985
1997-01-15,8.120549896964327
1997-01-16,7.9934884589232595
1997-01-17,8.483129893758328
1997-01-18,11.881550429094128
1997-01-19,18.009995054896038
1997-01-20,21.70250117276177
1997-01-21,21.1178930256182
1997-01-22,24.185882309381824
1997-01-23,31.03635516038157
1997-01-24,36.81520939643154
1997-01-25,43.76713625570998
1997-01-26,37.549179545982085
1997-01-27,30.72570905349046
1997-01-28,25.407319337777235
1997-01-29,21.445534499478374
1997-01-30,18.46125442668458
1997-01-31,16.982821639474196
1997-02-01,16.722551582337363
1997-02-02,16.05467326728265
1997-02-03,16.094192373401484
1997-02-04,16.987878380539943
1997-02-05,25.388244103418646
1997-02-06,29.763302314973544
1997-02-07,24.762731170358663
1997-02-08,20.987308810661194
1997-02-09,18.13831943507162
1997-02-10,15.967162981620346
1997-02-11,14.296632621717771
1997-02-12,12.999082186435572
1997-02-13,12.527774111478237
1997-02-14,21.083294353423454
1997-02-15,35.36830230903444
1997-02-16,32.50354100794421
1997-02-17,39.621579579556425
1997-02-18,46.76811030841159
1997-02-19,37.17816880343711
1997-02-20,30.473278136857406
1997-02-21,25.46216618580728
1997-02-22,21.638587649189958
1997-02-23,20.05924062520138
1997-02-24,20.363825042558407
1997-02-25,25.200750321211547
1997-02-26,37.70741946011745
1997-02-27,39.187261313732286
1997-02-28,38.21353999746186
1997-03-01,42.268975914636464
1997-03-02,36.07628908712377
1997-03-03,29.83407471650193
1997-03-04,25.071689688865337
1997-03-05,22.138967958989856
1997-03-06,21.388508481986587
1997-03-07,25.72585732214712
1997-03-08,32.14878010341495
1997-03-09,34.20220423534996
1997-03-10,39.24597826520272
1997-03-11,33.82108125628765
1997-03-12,29.839959617037447
1997-03-13,25.661074724000134
1997-03-14,22.144164466041047
1997-03-15,19.351554385172374
1997-03-16,17.215683044722695
1997-03-17,15.568061038861055
1997-03-18,14.284535112856746
1997-03-19,16.639789959480925
1997-03-20,23.863998764479252
1997-03-21,24.85303817793987
1997-03-22,21.473026852982446
1997-03-23,18.810065057008504
1997-03-24,16.953316131742383
1997-03-25,15.575071559810084
1997-03-26,14.28076983830079
1997-03-27,13.247512227804252
1997-03-28,12.427537472380214
1997-03-29,11.770122039001569
1997-03-30,11.23744169919316
1997-03-31,10.80108525261644
1997-04-01,10.439566065719275
1997-04-02,10.136530076555294
1997-04-03,10.355041584068967
1997-04-04,11.575664860091353
1997-04-05,11.986666145726675
1997-04-06,11.84206429470636
1997-04-07,12.304265978799082
1997-04-08,12.063109216807783
1997-04-09,12.569180366081731
1997-04-10,14.450649556021638
1997-04-11,16.09153345177958
1997-04-12,16.490402316568403
1997-04-13,16.247367398483387
1997-04-14,15.034345735995736
1997-04-15,13.733640154797486
1997-04-16,12.94826726954441
1997-04-17,12.469015927376404
1997-04-18,13.388800795758089
1997-04-19,15.729675135137441
1997-04-20,14.772767197997908
1997-04-21,13.752693438065181
1997-04-22,13.506314380407142
1997-04-23,14.02962748491538
1997-04-24,12.885630093443838
1997-04-25,13.161153718079907
1997-04-26,16.560030038633627
1997-04-27,18.26741341834293
1997-04-28,16.15764558997633
1997-04-29,14.44935975225249
1997-04-30,13.12371704720916
1997-05-01,12.08526571859884
1997-05-02,11.349723616954279
1997-05-03,10.75185366484826
1997-05-04,10.19616625021411
1997-05-05,9.746939032542342
1997-05-06,9.430341999799413
1997-05-07,9.152449247913198
1997-05-08,9.029948021973198
1997-05-09,9.39393152636726
1997-05-10,10.415164031660085
1997-05-11,11.473809134177401
1997-05-12,11.126011353618367
1997-05-13,11.403327772022601
1997-05-14,10.75476666638147
1997-05-15,10.10120177825351
1997-05-16,9.574832381386981
1997-05-17,9.146829213399666
1997-05-18,8.795173788303817
1997-05-19,8.503116982127795
1997-05-20,8.643996521054907
1997-05-21,10.541066161305258
1997-05-22,12.398737485772228
1997-05-23,11.455543024455388
1997-05-24,10.793301370042846
1997-05-25,11.345592282437877
1997-05-26,13.341587631575322
1997-05-27,16.863298002464123
1997-05-28,20.088862342824488
1997-05-29,17.52721111493008
1997-05-30,15.73890381582076
1997-05-31,13.930237126761881
1997-06-01,12.687517882431399
1997-06-02,12.022367683039308
1997-06-03,11.174721349036552
1997-06-04,10.345662513784115
1997-06-05,10.044507654407292
1997-06-06,10.191928221863437
1997-06-07,9.674158328824525
1997-06-08,9.175190684042217
1997-06-09,9.434178519281842
1997-06-10,11.880604079765588
1997-06-11,14.650650271905961
1997-06-12,13.287818162267998
1997-06-13,11.954208594114853
1997-06-14,10.90237668421466
1997-06-15,10.073658160562013
1997-06-16,9.414754692723536
1997-06-17,8.885968251794715
1997-06-18,8.457513148903619
1997-06-19,8.106887038242371
1997-06-20,8.0846892659539
1997-06-21,8.340485149781545
1997-06-22,11.361880586009422
1997-06-23,18.517401338626332
1997-06-24,19.8862349631076
1997-06-25,17.56639450863511
1997-06-26,15.20739616089483
1997-06-27,13.377219467534047
1997-06-28,11.964388376335323
1997-06-29,10.863934257039254
1997-06-30,9.999104700724992
1997-07-01,9.313295604646626
1997-07-02,8.764427432235118
1997-07-03,8.320984201456893
1997-07-04,8.065139867147158
1997-07-05,7.8845005565584
1997-07-06,7.602643369112241
1997-07-07,7.358501751876577
1997-07-08,7.152791281516376
1997-07-09,6.978060893257125
1997-07-10,6.836275657850222
1997-07-11,6.709818718669612
1997-07-12,6.652278473532948
1997-07-13,8.482351269307886
1997-07-14,12.60960507236711
1997-07-15,12.959546372387372
1997-07-16,11.54931787587804
1997-07-17,10.422692862657518
1997-07-18,9.53898304544541
1997-07-19,8.839751063607205
1997-07-20,8.281569019076018
1997-07-21,7.831922262614696
1997-07-22,7.4662967291857205
1997-07-23,7.16608908428329
1997-07-24,6.917094512372443
1997-07-25,6.708403763917453
1997-07-26,6.531592669223129
1997-07-27,6.406369145916586
1997-07-28,6.291209906336898
1997-07-29,6.169078693412884
1997-07-30,6.061287219077644
1997-07-31,5.965256462006834
1997-08-01,5.878775571600248
1997-08-02,5.800086796733148
1997-08-03,5.727787372967594
1997-08-04,5.660753797417462
1997-08-05,5.598083117687682
1997-08-06,5.5390472151679795
1997-08-07,5.483057059599893
1997-08-08,5.429634649728134
1997-08-09,5.378390904172748
1997-08-10,7.828040143606972
1997-08-11,12.18429616203381
1997-08-12,10.66425386038135
1997-08-13,9.544083033257513
1997-08-14,8.669207310562777
1997-08-15,7.978885290413232
1997-08-16,7.426608762370769
1997-08-17,6.9831726469111155
1997-08-18,6.623993542857867
1997-08-19,6.330406808933229
1997-08-20,6.196372778425185
1997-08-21,10.404073231852879
1997-08-22,17.332067044701382
1997-08-23,14.711803493985729
1997-08-24,12.650998155866993
1997-08-25,11.740933438384689
1997-08-26,11.569110746364444
1997-08-27,10.29897615721526
1997-08-28,9.500210900860933
1997-08-29,9.288630540085856
1997-08-30,9.469401754569747
1997-08-31,10.865745945238716
1997-09-01,15.336360236562898
1997-09-02,20.524514705091743
1997-09-03,21.807022900447276
1997-09-04,18.629483217518466
1997-09-05,18.645592627917182
1997-09-06,20.945300032089545
1997-09-07,19.50275747500704
1997-09-08,17.230568073847348
1997-09-09,19.851176555202947
1997-09-10,23.62291380330267
1997-09-11,20.062397248720995
1997-09-12,17.68754642128571
1997-09-13,20.82171145558695
1997-09-14,27.635426198765078
1997-09-15,24.282652315590664
1997-09-16,20.11693941125984
1997-09-17,16.951623817296454
1997-09-18,14.554611494750079
1997-09-19,12.721117482606466
1997-09-20,11.30706245169524
1997-09-21,10.206906066191609
1997-09-22,9.343495981230351
1997-09-23,8.760505560926928
1997-09-24,10.638847058890489
1997-09-25,16.016101701426653
1997-09-26,18.639897080892933
1997-09-27,17.360248056390116
1997-09-28,14.913795832279297
1997-09-29,13.001840828269785
1997-09-30,11.529396002111056
1997-10-01,10.385558288074563
1997-10-02,9.489204288642972
1997-10-03,8.780613179186659
1997-10-04,8.215460429925054
1997-10-05,7.760597640549178
1997-10-06,7.391057821132709
1997-10-07,7.087910534376495
1997-10-08,6.836712372216623
1997-10-09,6.627499406718139
1997-10-10,6.450141307761633
1997-10-11,6.297487442416885
1997-10-12,6.165377469961256
1997-10-13,6.049764698237403
1997-10-14,5.94744905666836
1997-10-15,6.4965512839547985
1997-10-16,7.526651396186836
1997-10-17,7.158903155981302
1997-10-18,8.343640031547416
1997-10-19,10.546069878951144
1997-10-20,9.529298716863954
1997-10-21,8.699147825342257
1997-10-22,8.042163738145423
1997-10-23,8.290258218030713
1997-10-24,9.505611858594774
1997-10-25,9.269388744194933
1997-10-26,8.779607826474932
1997-10-27,8.101680510103765
1997-10-28,7.5502213229626625
1997-10-29,7.107252078800344
1997-10-30,6.748214507467217
1997-10-31,6.454485867922699
1997-11-01,6.211855786548263
1997-11-02,6.00941684082028
1997-11-03,5.838750303204677
1997-11-04,5.6933242055215745
1997-11-05,5.568045333656918
1997-11-06,5.458923647097241
1997-11-07,5.362819383920079
1997-11-08,5.277251381459717
1997-11-09,5.200251002048668
1997-11-10,5.130250236435164
1997-11-11,5.065995565826745
1997-11-12,5.006481341914827
1997-11-13,4.9508980320261236
1997-11-14,5.065986788432073
1997-11-15,6.316494469126429
1997-11-16,7.699068305640462
1997-11-17,7.113661385716576
1997-11-18,6.8743368585731455
1997-11-19,7.4239943237276025
1997-11-20,8.08143419382785
1997-11-21,7.458702096091442
1997-11-22,8.350242792983613
1997-11-23,11.719645397000614
1997-11-24,12.646085558805739
1997-11-25,10.916474659206436
1997-11-26,9.611492650672195
1997-11-27,9.67746378868796
1997-11-28,15.983871691267582
1997-11-29,17.779802797650344
1997-11-30,17.484253777838926
1997-12-01,19.139976245852374
1997-12-02,17.778884969266283
1997-12-03,15.589054147877663
1997-12-04,13.284710597459446
1997-12-05,11.511225739316993
1997-12-06,10.144112919893672
1997-12-07,9.081397846552335
1997-12-08,11.042278051512888
1997-12-09,15.712773307279365
1997-12-10,15.19354328217669
1997-12-11,12.946968353423168
1997-12-12,11.256373628179988
1997-12-13,10.454035876403786
1997-12-14,17.2842158748498
1997-12-15,35.19135194694579
1997-12-16,41.21929973187538
1997-12-17,37.47944458832489
1997-12-18,29.86616145088632
1997-12-19,24.72816356848526
1997-12-20,21.13805888867355
1997-12-21,20.060008280646702
1997-12-22,22.03277846575214
1997-12-23,18.834056113797125
1997-12-24,16.00690089133619
1997-12-25,13.791658480873123
1997-12-26,13.092398431653068
1997-12-27,16.0617333528174
1997-12-28,19.29306223095185
1997-12-29,18.602793449901032
1997-12-30,18.17290356201494
1997-12-31,19.299344704293787
1998-01-01,18.762474818556743
1998-01-02,15.995073801868296
1998-01-03,13.844810970696285
1998-01-04,12.195156478105282
1998-01-05,10.91827671904032
1998-01-06,9.921238968886469
1998-01-07,9.135871306521084
1998-01-08,8.51174482507729
1998-01-09,8.01126338704712
1998-01-10,7.60619290551183
1998-01-11,9.156906187403099
1998-01-12,16.927457357200996
1998-01-13,19.28379349714545
1998-01-14,19.488095202590795
1998-01-15,23.918861080409133
1998-01-16,24.664167609467437
1998-01-17,21.791815980840326
1998-01-18,18.440966656807444
1998-01-19,15.728853594903095
1998-01-20,13.667356228249025
1998-01-21,12.0843496449428
1998-01-22,10.857764112944182
1998-01-23,9.898851299221823
1998-01-24,9.142497157263284
1998-01-25,8.540521943796247
1998-01-26,8.056994306745613
1998-01-27,7.664919926049702
1998-01-28,7.34387886718716
1998-01-29,7.078324628006008
1998-01-30,6.8563492272809015
1998-01-31,6.6687795513575
1998-02-01,6.5085111854577455
1998-02-02,6.370013881067533
1998-02-03,10.8678205221834
1998-02-04,21.8011335802813
1998-02-05,22.605354107649884
1998-02-06,21.096402949033795
1998-02-07,19.56058522000432
1998-02-08,16.537724101966237
1998-02-09,21.05141403018533
1998-02-10,38.373131809488434
1998-02-11,44.06680382794912
1998-02-12,34.43438543172818
1998-02-13,27.76738040799849
1998-02-14,23.503582500926175
1998-02-15,22.0228677393024
1998-02-16,21.94258754421284
1998-02-17,21.44924723005686
1998-02-18,18.20284150936347
1998-02-19,15.681823399012837
1998-02-20,13.755810090075785
1998-02-21,12.270884706541134
1998-02-22,11.11570494009701
1998-02-23,10.208970404482498
1998-02-24,9.490799630382245
1998-02-25,8.916729546104463
1998-02-26,8.453495743274237
1998-02-27,8.076035828379705
1998-02-28,7.765341786532372
1998-03-01,7.50690756972304
1998-03-02,7.2895978819549825
1998-03-03,7.10481762746512
1998-03-04,6.945897750921341
1998-03-05,6.877138360306908
1998-03-06,6.871703456405856
1998-03-07,6.736811843941619
1998-03-08,6.645001896848215
1998-03-09,6.579959135788395
1998-03-10,6.470150419631295
1998-03-11,6.369400663380105
1998-03-12,6.278419889256786
1998-03-13,6.458142709213848
1998-03-14,10.599722097809703
1998-03-15,24.102016529542095
1998-03-16,32.85401245607294
1998-03-17,26.77250370204717
1998-03-18,21.994763028233564
1998-03-19,18.42444764230407
1998-03-20,15.73005287930893
1998-03-21,13.677508007880576
1998-03-22,12.099671954639144
1998-03-23,11.58736404410668
1998-03-24,11.734306043320869
1998-03-25,11.051472654940463
1998-03-26,12.079847715563803
1998-03-27,13.604528736381539
1998-03-28,12.66170688096426
1998-03-29,13.515007250863912
1998-03-30,13.818790256140938
1998-03-31,17.859637463281167
1998-04-01,29.39281017869804
1998-04-02,46.067561484103464
1998-04-03,65.16358942340823
1998-04-04,52.08557610393996
1998-04-05,44.758578599899636
1998-04-06,39.23805963783034
1998-04-07,34.94321527759033
1998-04-08,35.228533758038466
1998-04-09,35.31338048119386
1998-04-10,28.816933676120232
1998-04-11,23.960669440175632
1998-04-12,22.08424464663079
1998-04-13,21.71724616927665
1998-04-14,19.436304573445245
1998-04-15,17.14765692005135
1998-04-16,15.083761516763708
1998-04-17,13.480581415991956
1998-04-18,12.23470195488752
1998-04-19,11.257531502336569
1998-04-20,10.483955378406007
1998-04-21,9.875611199108803
1998-04-22,9.413011946341319
1998-04-23,9.000082196666018
1998-04-24,8.657379307233464
1998-04-25,8.819260918582772
1998-04-26,10.534778024104428
1998-04-27,12.091436985515159
1998-04-28,12.181886014947741
1998-04-29,12.723096284239197
1998-04-30,16.282752462917433
1998-05-01,22.95217096933008
1998-05-02,19.669288725046204
1998-05-03,24.59550469179005
1998-05-04,35.53634726541384
1998-05-05,29.69449156299096
1998-05-06,24.4775486974595
1998-05-07,20.58992664330827
1998-05-08,17.738830006036306
1998-05-09,15.606665067015372
1998-05-10,14.335829625578363
1998-05-11,13.609311300039389
1998-05-12,12.356247185755258
1998-05-13,11.330698592030368
1998-05-14,10.520807406957573
1998-05-15,9.875169450321259
1998-05-16,9.355475321365864
1998-05-17,8.932964632794093
1998-05-18,8.58589717571497
1998-05-19,8.494702378175356
1998-05-20,8.483404368041464
1998-05-21,8.216917063659313
1998-05-22,7.973795579825553
1998-05-23,7.767595462350994
1998-05-24,7.590678636665309
1998-05-25,7.437104627453389
1998-05-26,9.994951523432217
1998-05-27,17.12812942043718
1998-05-28,22.382937878807663
1998-05-29,28.86149815149957
1998-05-30,30.771683755506285
1998-05-31,27.356376104113025
1998-06-01,23.398125304948337
1998-06-02,19.808167366962657
1998-06-03,17.003378083734756
1998-06-04,14.867343363343807
1998-06-05,13.224988533629642
1998-06-06,11.950666525926572
1998-06-07,10.95291546607441
1998-06-08,10.164563778539254
1998-06-09,9.535869868694762
1998-06-10,9.029714316489766
1998-06-11,8.618196594780976
1998-06-12,8.95582577423453
1998-06-13,10.022115332789339
1998-06-14,9.495480192252568
1998-06-15,8.972597663806063
1998-06-16,9.008221144549013
1998-06-17,9.42369254041848
1998-06-18,8.99878432465085
1998-06-19,14.573938039281595
1998-06-20,24.759754214869517
1998-06-21,21.396744381679515
1998-06-22,18.73910689982471
1998-06-23,16.515608556649095
1998-06-24,14.492302658559757
1998-06-25,14.495072997713068
1998-06-26,19.234008882094624
1998-06-27,22.413677351837055
1998-06-28,19.806126701770594
1998-06-29,18.32624422244619
1998-06-30,18.008097477538485
1998-07-01,15.669343006040878
1998-07-02,13.806507931898972
1998-07-03,12.36876565714091
1998-07-04,11.245963764539793
1998-07-05,10.362301267923458
1998-07-06,9.661284046730085
1998-07-07,9.099957214370045
1998-07-08,9.196714357194738
1998-07-09,12.071556876006952
1998-07-10,15.45694545369445
1998-07-11,14.091913260461638
1998-07-12,12.570232832112628
1998-07-13,15.319749170299668
1998-07-14,20.935618053935055
1998-07-15,18.670094933524393
1998-07-16,17.482386507229382
1998-07-17,16.96899205619241
1998-07-18,22.70598257039461
1998-07-19,30.541209528896292
1998-07-20,26.568657767721035
1998-07-21,25.480091293764477
1998-07-22,23.392365561438698
1998-07-23,20.609356994951984
1998-07-24,18.25690129240353
1998-07-25,17.09196913919209
1998-07-26,14.986277059751066
1998-07-27,13.833583583362765
1998-07-28,14.1086521177723
1998-07-29,13.50298205662004
1998-07-30,12.345891767958571
1998-07-31,11.530628576236259
1998-08-01,10.64201323907123
1998-08-02,9.920081410720885
1998-08-03,9.342484934944613
1998-08-04,8.875857578970322
1998-08-05,8.495078452338275
1998-08-06,8.181106981175462
1998-08-07,7.987130581609783
1998-08-08,7.825160095628481
1998-08-09,7.6175899485081535
1998-08-10,7.436482741446233
1998-08-11,7.2799206349873335
1998-08-12,7.14299222022593
1998-08-13,7.084464544193033
1998-08-14,7.1194659853208035
1998-08-15,7.023095094365554
1998-08-16,6.903618267429345
1998-08-17,6.794122701914485
1998-08-18,6.693393857297001
1998-08-19,6.604967458813437
1998-08-20,6.531974616141792
1998-08-21,6.463874399440249
1998-08-22,7.19928635901818
1998-08-23,8.72709148645666
1998-08-24,8.25368736380671
1998-08-25,8.104209202693346
1998-08-26,8.561370955350652
1998-08-27,8.214914534802803
1998-08-28,7.782049525615069
1998-08-29,7.422962257404777
1998-08-30,7.127872064485771
1998-08-31,6.882904999717639
1998-09-01,7.16498813646269
1998-09-02,7.924731722699139
1998-09-03,7.51128890150818
1998-09-04,7.167116537645428
1998-09-05,6.884170802362452
1998-09-06,6.64919580123298
1998-09-07,6.45199996805879
1998-09-08,6.284699190370547
1998-09-09,6.141185850847833
1998-09-10,6.016686293610287
1998-09-11,5.907457232141668
1998-09-12,5.8105598614385165
1998-09-13,6.126934623816589
1998-09-14,6.834384471443293
1998-09-15,6.691165576214929
1998-09-16,6.432033001774239
1998-09-17,6.211371936494423
1998-09-18,6.026170734095799
1998-09-19,5.869073825849189
1998-09-20,5.73435861390983
1998-09-21,5.617551686432583
1998-09-22,5.515140285336414
1998-09-23,5.4243541232393655
1998-09-24,5.342999486167471
1998-09-25,5.269332430469056
1998-09-26,5.201961377693876
1998-09-27,5.139771936377817
1998-09-28,5.081868616045222
1998-09-29,5.027529442609244
1998-09-30,4.976170473713553
1998-10-01,4.92731794511331
1998-10-02,4.880586324574556
1998-10-03,4.835660957934468
1998-10-04,4.79228429896964
1998-10-05,4.750244946748842
1998-10-06,4.709368890321509
1998-10-07,4.669512494951763
1998-10-08,4.630556867012711
1998-10-09,4.592403313792824
1998-10-10,4.554969675565268
1998-10-11,4.5181873546224685
1998-10-12,4.481998902809224
1998-10-13,4.446356057837003
1998-10-14,4.411571041128712
1998-10-15,4.378146021427146
1998-10-16,4.54323903989892
1998-10-17,4.902675794220397
1998-10-18,4.782654937562982
1998-10-19,4.668815892997684
1998-10-20,4.570518918428426
1998-10-21,4.484721248643792
1998-10-22,4.432328121657863
1998-10-23,4.4341423590516
1998-10-24,4.3618655956628745
1998-10-25,4.293541765685469
1998-10-26,4.2321380814708975
1998-10-27,4.176393635169742
1998-10-28,4.125298497276259
1998-10-29,4.078041013633522
1998-10-30,4.033966749581771
1998-10-31,3.9925463762962825
1998-11-01,3.953350453328231
1998-11-02,3.9160295522833164
1998-11-03,4.0177836419438036
1998-11-04,4.273317616142589
1998-11-05,4.175505847226056
1998-11-06,4.241095742927576
1998-11-07,4.747434429862773
1998-11-08,5.068471423367297
1998-11-09,4.92087977601484
1998-11-10,4.681425871844097
1998-11-11,4.48548758017696
1998-11-12,4.322835000721631
1998-11-13,4.5691568637759135
1998-11-14,5.075490579086491
1998-11-15,4.7810516180123335
1998-11-16,4.554857419474462
1998-11-17,4.365575994112157
1998-11-18,4.208154275543729
1998-11-19,4.076243059129379
1998-11-20,3.964649138046686
1998-11-21,4.1059630556409905
1998-11-22,4.471050930832727
1998-11-23,4.2687490074929535
1998-11-24,4.22594125840786
1998-11-25,4.31678751571748
1998-11-26,5.029429057087082
1998-11-27,7.919515223033966
1998-11-28,9.905312077693035
1998-11-29,9.706702420368213
1998-11-30,10.531117933258967
1998-12-01,9.495519875825378
1998-12-02,8.294532688983942
1998-12-03,7.324928296275796
1998-12-04,6.565604709035445
1998-12-05,5.966509283367767
1998-12-06,5.490295780269079
1998-12-07,5.108898300065976
1998-12-08,4.801082704609357
1998-12-09,4.550681759552265
1998-12-10,4.463393575191673
1998-12-11,4.820815214237114
1998-12-12,6.867543051667295
1998-12-13,9.24054642392266
1998-12-14,10.07547845045261
1998-12-15,10.671711201970135
1998-12-16,9.186103862896454
1998-12-17,8.693014563300087
1998-12-18,8.788850443428629
1998-12-19,13.134554762787888
1998-12-20,25.453805250972227
1998-12-21,30.789117760515023
1998-12-22,28.42793065456367
1998-12-23,24.62643671526197
1998-12-24,23.458936638954146
1998-12-25,19.678973272703978
1998-12-26,18.5514965341197
1998-12-27,27.111312528533045
1998-12-28,39.37641381776978
1998-12-29,42.384255583793
1998-12-30,40.084931783616064
1998-12-31,31.36280826704864
1999-01-01,25.10064017219476
1999-01-02,20.465932736752496
1999-01-03,17.000738267260576
1999-01-04,14.385076704392029
1999-01-05,13.479251231822687
1999-01-06,14.934156974998546
1999-01-07,14.134824958468867
1999-01-08,17.521847541308055
1999-01-09,28.88271701038849
1999-01-10,33.74466375600307
1999-01-11,38.1131280025136
1999-01-12,50.36649383404032
1999-01-13,64.30513006515675
1999-01-14,72.44572802105442
1999-01-15,63.14540743517108
1999-01-16,65.41871352112832
1999-01-17,69.15270314703773
1999-01-18,74.9282030104883
1999-01-19,53.313250169011695
1999-01-20,39.70541757092742
1999-01-21,31.86923735325215
1999-01-22,26.10507751122374
1999-01-23,21.817758716439446
1999-01-24,18.59617293918132
1999-01-25,16.22498994768699
1999-01-26,14.563923365505447
1999-01-27,13.192832213013801
1999-01-28,11.985695362446178
1999-01-29,11.036856503876981
1999-01-30,10.67536017025433
1999-01-31,10.70854069637331
1999-02-01,10.039305247758787
1999-02-02,10.431661078639179
1999-02-03,11.792534346064889
1999-02-04,12.581625762666876
1999-02-05,14.249331245891227
1999-02-06,14.049990809438526
1999-02-07,12.614609724901518
1999-02-08,19.32106793484486
1999-02-09,34.10171319779957
1999-02-10,33.274388850370535
1999-02-11,27.75608949106096
1999-02-12,26.032655904589905
1999-02-13,24.98220874453978
1999-02-14,21.05560975144731
1999-02-15,20.74393886341232
1999-02-16,22.467408822434873
1999-02-17,20.115707873922258
1999-02-18,22.503167667329716
1999-02-19,28.494534519280695
1999-02-20,30.443810264326633
1999-02-21,28.778042873543686
1999-02-22,28.747352957267893
1999-02-23,31.319910229726236
1999-02-24,27.272228830423206
1999-02-25,25.972294500352607
1999-02-26,26.232597383342803
1999-02-27,24.288142266812514
1999-02-28,21.023476989912194
1999-03-01,18.212865142491736
1999-03-02,16.18583519938648
1999-03-03,14.466792849229625
1999-03-04,13.121090715821987
1999-03-05,12.067460441716209
1999-03-06,11.234635422464955
1999-03-07,10.569935818929295
1999-03-08,10.0341145392486
1999-03-09,9.597717076532613
1999-03-10,9.238485977776913
1999-03-11,8.939493628287776
1999-03-12,8.687787738995992
1999-03-13,8.47340103444985
1999-03-14,8.28862186098455
1999-03-15,8.127453225176765
1999-03-16,7.985208943405353
1999-03-17,7.858210274420011
1999-03-18,9.792344433244034
1999-03-19,15.042070569256735
1999-03-20,16.075708488336605
1999-03-21,14.30016914117521
1999-03-22,12.90369627301409
1999-03-23,11.750640216462473
1999-03-24,10.83356578076998
1999-03-25,10.871414412469143
1999-03-26,11.376400814697567
1999-03-27,10.66740985979717
1999-03-28,11.321346188955829
1999-03-29,15.236875977535435
1999-03-30,18.341355162855063
1999-03-31,15.994064011778619
1999-04-01,14.09328262786272
1999-04-02,12.626335964957283
1999-04-03,11.483804842645185
1999-04-04,10.585777158430215
1999-04-05,9.873381555678597
1999-04-06,9.305274539307725
1999-04-07,10.766629286479104
1999-04-08,16.543204646142943
1999-04-09,19.52012898716054
1999-04-10,17.272909307521147
1999-04-11,15.172812587440008
1999-04-12,13.431968764600937
1999-04-13,12.084476027614755
1999-04-14,11.031963310356632
1999-04-15,10.202355731899699
1999-04-16,10.195745185092944
1999-04-17,10.77346900474945
1999-04-18,10.03745920824103
1999-04-19,9.39467171182017
1999-04-20,8.878061573995977
1999-04-21,8.458814738803353
1999-04-22,9.678328251762975
1999-04-23,12.113809209636104
1999-04-24,11.05986530930158
1999-04-25,11.577450382479169
1999-04-26,15.705788646136094
1999-04-27,20.843982365300757
1999-04-28,22.45709219471856
1999-04-29,19.077743734606685
1999-04-30,16.361015359326263
1999-05-01,14.289898895790275
1999-05-02,12.69684112827022
1999-05-03,11.460410067729365
1999-05-04,10.492129960276328
1999-05-05,9.726983812346637
1999-05-06,9.116797956783413
1999-05-07,11.757459646586861
1999-05-08,17.362518406649595
1999-05-09,15.273382051903432
1999-05-10,13.429645352218815
1999-05-11,13.185122467123053
1999-05-12,15.973511977798191
1999-05-13,16.998086745894156
1999-05-14,20.548107545501882
1999-05-15,29.59735285047579
1999-05-16,28.719685460872387
1999-05-17,23.71590447599702
1999-05-18,19.898093591708157
1999-05-19,17.021210578233973
1999-05-20,14.832450513709182
1999-05-21,13.151690231686581
1999-05-22,11.849237803454718
1999-05-23,10.830802471626823
1999-05-24,10.027212230689951
1999-05-25,9.387296303481572
1999-05-26,8.872904404997286
1999-05-27,9.48038931630538
1999-05-28,12.73066834877317
1999-05-29,16.234094759559163
1999-05-30,17.682630136070713
1999-05-31,16.545737040720745
1999-06-01,14.784523801221859
1999-06-02,13.099143596986265
1999-06-03,11.774530994284888
1999-06-04,10.792238577682342
1999-06-05,10.17256320640564
1999-06-06,9.543503434274731
1999-06-07,8.968330268267673
1999-06-08,8.624940376778914
1999-06-09,8.54762885745291
1999-06-10,8.260966696041862
1999-06-11,8.863242601696795
1999-06-12,10.336859255094485
1999-06-13,9.60318258817387
1999-06-14,9.59331855690649
1999-06-15,10.963648993966777
1999-06-16,11.365658415198572
1999-06-17,12.587966186534414
1999-06-18,15.473794036318646
1999-06-19,14.527566760235452
1999-06-20,12.830836362032477
1999-06-21,11.4900600613381
1999-06-22,10.443178439631607
1999-06-23,10.428932299745798
1999-06-24,17.702792250962904
1999-06-25,27.589850390279864
1999-06-26,23.072193546133217
1999-06-27,19.323443240299024
1999-06-28,16.596263951944355
1999-06-29,14.60699059328828
1999-06-30,12.908973321394981
1999-07-01,11.581126281126311
1999-07-02,10.544281010557325
1999-07-03,9.727447926613538
1999-07-04,9.078136376411203
1999-07-05,8.55723028707895
1999-07-06,12.050316833094612
1999-07-07,18.44714925708141
1999-07-08,15.933133429259373
1999-07-09,13.89351979018018
1999-07-10,12.320930367810995
1999-07-11,11.100499918602841
1999-07-12,10.144963070879145
1999-07-13,9.39016034019985
1999-07-14,8.788532212522338
1999-07-15,9.790310826267413
1999-07-16,11.737857193153099
1999-07-17,10.665511323862273
1999-07-18,9.826284621121859
1999-07-19,9.154123716017668
1999-07-20,9.652764664439323
1999-07-21,10.967156826187951
1999-07-22,10.015376697862147
1999-07-23,9.244372486804922
1999-07-24,8.630770903386258
1999-07-25,8.13798894133085
1999-07-26,7.738522470455986
1999-07-27,7.411553359536799
1999-07-28,7.141224176568655
1999-07-29,6.915383999831286
1999-07-30,6.724669657868907
1999-07-31,6.561827795926239
1999-08-01,6.421211213170253
1999-08-02,6.3079505438265455
1999-08-03,6.204390660074207
1999-08-04,6.105102233661317
1999-08-05,6.143468889831854
1999-08-06,6.517525495970072
1999-08-07,7.6246893523761505
1999-08-08,9.501472464873261
1999-08-09,9.882402148570405
1999-08-10,9.25390693265474
1999-08-11,9.0223338574504
1999-08-12,8.341993944920036
1999-08-13,7.787327606366039
1999-08-14,7.341551462707582
1999-08-15,6.979997061872942
1999-08-16,6.721546627178175
1999-08-17,6.490343349685978
1999-08-18,6.276297699699927
1999-08-19,6.096131801323679
1999-08-20,5.942833808641527
1999-08-21,5.810946455822708
1999-08-22,5.696202105250582
1999-08-23,5.595248292722041
1999-08-24,5.50544012490444
1999-08-25,5.43918617829667
1999-08-26,7.479108329007658
1999-08-27,11.811168912550551
1999-08-28,12.984110881840328
1999-08-29,13.151099337902243
1999-08-30,11.606402546458908
1999-08-31,13.504510311802088
1999-09-01,17.53863054692255
1999-09-02,16.306166967970622
1999-09-03,13.912615926987355
1999-09-04,12.27951066192709
1999-09-05,11.448723250064402
1999-09-06,10.437473172621177
1999-09-07,9.390951189623573
1999-09-08,8.558135341361734
1999-09-09,7.899316938643522
1999-09-10,7.373695561659404
1999-09-11,6.950682165683002
1999-09-12,9.097756850725395
1999-09-13,12.894445899151647
1999-09-14,11.527683027062798
1999-09-15,11.387869230763725
1999-09-16,11.65721971438803
1999-09-17,10.946028366759059
1999-09-18,9.803957700556689
1999-09-19,8.956743489585353
1999-09-20,12.12593399808568
1999-09-21,17.0919949680293
1999-09-22,14.581373879197029
1999-09-23,12.800707524844894
1999-09-24,12.455393416759591
1999-09-25,12.059354088283442
1999-09-26,10.677329881830778
1999-09-27,11.573041677173132
1999-09-28,13.344061708302588
1999-09-29,11.67516792632905
1999-09-30,10.348998894158724
1999-10-01,9.31648754200924
1999-10-02,8.505790385463557
1999-10-03,7.863842729215929
1999-10-04,7.351138315649216
1999-10-05,7.199650257111123
1999-10-06,7.548730297460288
1999-10-07,7.47815236288982
1999-10-08,7.048707856586752
1999-10-09,6.678878428875412
1999-10-10,7.811868821645543
1999-10-11,10.27646615717788
1999-10-12,9.728118847149588
1999-10-13,8.852471602369478
1999-10-14,8.099250295089234
1999-10-15,7.500215564624622
1999-10-16,7.020991827450204
1999-10-17,6.865828725741932
1999-10-18,7.000198651129633
1999-10-19,6.644262454336776
1999-10-20,6.512729734491281
1999-10-21,9.631026306271169
1999-10-22,14.90662864696114
1999-10-23,20.0273925440035
1999-10-24,25.82874394148916
1999-10-25,21.219272422016115
1999-10-26,17.59599638037896
1999-10-27,14.865654654739169
1999-10-28,12.789133197369944
1999-10-29,11.19583024308511
1999-10-30,9.962751547805937
1999-10-31,9.000367772303031
1999-11-01,8.242925217499812
1999-11-02,7.641729727224395
1999-11-03,7.160440787639344
1999-11-04,6.771740779207225
1999-11-05,6.454955281843404
1999-11-06,10.409905063634708
1999-11-07,20.32455499437981
1999-11-08,27.405014008640695
1999-11-09,36.68100402082789
1999-11-10,37.45446902003778
1999-11-11,30.822016370475378
1999-11-12,26.600916386693626
1999-11-13,24.1980657854668
1999-11-14,27.218879504683017
1999-11-15,30.268094278963414
1999-11-16,30.765236307033533
1999-11-17,27.134616070114305
1999-11-18,22.2983482954596
1999-11-19,23.43595894281579
1999-11-20,27.76043723952846
1999-11-21,22.924353389938346
1999-11-22,19.157968694717212
1999-11-23,16.320769551808638
1999-11-24,14.163062557603928
1999-11-25,13.658679090235594
1999-11-26,19.263835148607246
1999-11-27,24.804431184320833
1999-11-28,20.76788692511846
1999-11-29,17.57449236076836
1999-11-30,15.155310506557086
1999-12-01,13.305406958737317
1999-12-02,11.939683136592423
1999-12-03,10.946536406926745
1999-12-04,10.037849392454667
1999-12-05,9.315692625933123
1999-12-06,8.739035537415477
1999-12-07,8.274229217776414
1999-12-08,7.895938387279991
1999-12-09,7.5849594557564926
1999-12-10,7.326644908040973
1999-12-11,7.109756223273124
1999-12-12,8.92653497353301
1999-12-13,12.368054447625484
1999-12-14,11.441904416373276
1999-12-15,12.556015146982375
1999-12-16,20.194745811581722
1999-12-17,28.45263828425082
1999-12-18,26.15938275384356
1999-12-19,21.636617797701096
1999-12-20,18.99572654935163
1999-12-21,17.665261563965505
1999-12-22,15.32834363140717
1999-12-23,13.67537226553648
1999-12-24,12.603317084430946
1999-12-25,12.677313838119929
1999-12-26,12.367655882680703
1999-12-27,11.501657390954222
1999-12-28,10.463964025746664
1999-12-29,10.700465119983887
1999-12-30,11.773715671571145
1999-12-31,10.686977606004694
2000-01-01,9.801081541874273
2000-01-02,9.099605754593702
2000-01-03,8.539092122872251
2000-01-04,8.087022912263437
2000-01-05,11.176117842486542
2000-01-06,16.70101021171389
2000-01-07,17.10409626997373
2000-01-08,25.124534158458243
2000-01-09,41.372551512453384
2000-01-10,58.5135571621802
2000-01-11,54.95232853947747
2000-01-12,55.25994769321784
2000-01-13,67.41080563863558
2000-01-14,67.19817379462124
2000-01-15,61.42621768871195
2000-01-16,54.259676110879155
2000-01-17,67.22692653553575
2000-01-18,74.63173284675352
2000-01-19,50.581531872896356
2000-01-20,40.66561918247175
2000-01-21,35.78350673937728
2000-01-22,29.28510627532299
2000-01-23,24.471404976238375
2000-01-24,20.8671363582492
2000-01-25,18.140896142201388
2000-01-26,16.058474130542788
2000-01-27,14.452500841237187
2000-01-28,13.202141064049409
2000-01-29,12.219325454945768
2000-01-30,11.637748819460853
2000-01-31,11.274246559184137
2000-02-01,10.665531831570888
2000-02-02,10.177727150005648
2000-02-03,9.778296473785597
2000-02-04,9.447531154594289
2000-02-05,9.170434192584358
2000-02-06,8.935523177298787
2000-02-07,13.658398011929345
2000-02-08,26.879626710513524
2000-02-09,34.930180665911436
2000-02-10,37.349070225400304
2000-02-11,31.87556675573984
2000-02-12,30.685710246112226
2000-02-13,26.16750328250795
2000-02-14,22.04705034061681
2000-02-15,19.00195594430556
2000-02-16,17.0899531827689
2000-02-17,16.860952452441808
2000-02-18,17.435003256847285
2000-02-19,17.502905900214945
2000-02-20,19.459545220977336
2000-02-21,23.305590185138694
2000-02-22,24.559264565581316
2000-02-23,27.346296400972435
2000-02-24,32.96652520055154
2000-02-25,29.535712614109457
2000-02-26,25.45053483196294
2000-02-27,21.783628507439413
2000-02-28,19.534285487344647
2000-02-29,22.687012743167262
2000-03-01,27.848574553060477
2000-03-02,25.734885670018112
2000-03-03,26.227323319943125
2000-03-04,30.743263643463887
2000-03-05,34.86833275399936
2000-03-06,32.176193566780434
2000-03-07,27.08146234271962
2000-03-08,22.937626428880233
2000-03-09,19.816624352243842
2000-03-10,17.44321075360089
2000-03-11,15.620586385308721
2000-03-12,14.207370228390088
2000-03-13,13.100989754459635
2000-03-14,12.226346679732698
2000-03-15,11.527990110322504
2000-03-16,10.96465176941115
2000-03-17,10.631416183722656
2000-03-18,12.118694396868342
2000-03-19,14.752366780688943
2000-03-20,14.006164096257251
2000-03-21,12.95059112619064
2000-03-22,12.406056999524724
2000-03-23,13.352023378751555
2000-03-24,17.848536414167416
2000-03-25,21.224192682977943
2000-03-26,21.074017324765993
2000-03-27,29.258851386583938
2000-03-28,41.83396185925265
2000-03-29,44.64528095626299
2000-03-30,38.32782734530962
2000-03-31,31.90021362387883
2000-04-01,27.141060766604053
2000-04-02,27.391976741011337
2000-04-03,28.85573868585803
2000-04-04,24.68960741901381
2000-04-05,21.187045415293834
2000-04-06,18.50308639648632
2000-04-07,16.448714386513398
2000-04-08,14.862852467478179
2000-04-09,18.831249499711184
2000-04-10,26.45887645980793
2000-04-11,23.02274697485471
2000-04-12,20.030943218149094
2000-04-13,17.613477990151633
2000-04-14,15.757140903543794
2000-04-15,14.319010328507979
2000-04-16,13.194053114311139
2000-04-17,12.86389635625917
2000-04-18,14.519874757369507
2000-04-19,15.793660674564455
2000-04-20,14.401730931057081
2000-04-21,13.223043735536768
2000-04-22,12.294279528684447
2000-04-23,11.555138061742094
2000-04-24,14.362219823980913
2000-04-25,20.86163986601075
2000-04-26,20.818683574429404
2000-04-27,19.330906512015414
2000-04-28,17.7908449218853
2000-04-29,15.855633881291679
2000-04-30,16.44645571395378
2000-05-01,18.243011100066205
2000-05-02,16.23188631136313
2000-05-03,16.402404055689114
2000-05-04,19.266793248251254
2000-05-05,18.541000715594645
2000-05-06,16.405298280507747
2000-05-07,14.721880560539466
2000-05-08,13.41406677429773
2000-05-09,12.633828868937798
2000-05-10,12.758321760910066
2000-05-11,12.996124033141918
2000-05-12,12.481721379858785
2000-05-13,11.64909437210572
2000-05-14,10.963053980438964
2000-05-15,10.410494119775754
2000-05-16,9.960809070337476
2000-05-17,9.591310111526388
2000-05-18,9.284142171162737
2000-05-19,9.02507369704643
2000-05-20,8.99949439936998
2000-05-21,9.37178084078898
2000-05-22,9.300525510133271
2000-05-23,9.006242198465571
2000-05-24,9.029294893120959
2000-05-25,9.63848994772812
2000-05-26,9.812565717296996
2000-05-27,9.402687879616053
2000-05-28,9.417071115894768
2000-05-29,9.665887492746611
2000-05-30,9.474704213948904
2000-05-31,9.55085855707838
2000-06-01,10.428411290351132
2000-06-02,14.938555662880452
2000-06-03,22.140516208991684
2000-06-04,24.784301303936502
2000-06-05,21.07534371357811
2000-06-06,18.937261913916206
2000-06-07,19.75095468144968
2000-06-08,21.540028833072554
2000-06-09,20.163828103639897
2000-06-10,17.443829915262093
2000-06-11,15.305295070354662
2000-06-12,13.66047008034831
2000-06-13,12.383642742347128
2000-06-14,11.383112239891098
2000-06-15,10.591932987199646
2000-06-16,10.025333021934157
2000-06-17,9.940886310966098
2000-06-18,9.91326845004643
2000-06-19,9.547614399207033
2000-06-20,9.282005373940494
2000-06-21,8.957889857826379
2000-06-22,8.651606604950176
2000-06-23,8.356379139976
2000-06-24,8.10820888095423
2000-06-25,7.898199487685219
2000-06-26,7.7182942526304705
2000-06-27,7.562076133024895
2000-06-28,7.4250403249684895
2000-06-29,7.4690100928928524
2000-06-30,7.572178045441411
2000-07-01,7.423654778647497
2000-07-02,7.281941319974654
2000-07-03,7.156121468513478
2000-07-04,7.040542930393227
2000-07-05,6.936683907440206
2000-07-06,6.842352287095758
2000-07-07,6.755806036230999
2000-07-08,6.675655497530652
2000-07-09,6.600788044806172
2000-07-10,6.5303097129298395
2000-07-11,9.77597585720269
2000-07-12,16.779856629313866
2000-07-13,15.399226489817393
2000-07-14,13.465482783512904
2000-07-15,11.95737176596523
2000-07-16,11.694199341681843
2000-07-17,14.021973289323599
2000-07-18,15.255578275093256
2000-07-19,13.370719495951546
2000-07-20,11.885790521252403
2000-07-21,10.731337413110737
2000-07-22,9.825967595096802
2000-07-23,9.116202306662823
2000-07-24,8.801151900449653
2000-07-25,8.532787923493403
2000-07-26,10.45225901337467
2000-07-27,15.70280277943541
2000-07-28,16.213218864461467
2000-07-29,14.190686389816982
2000-07-30,12.753218781152205
2000-07-31,11.5114283775577
2000-08-01,10.420449417060537
2000-08-02,9.56028256208351
2000-08-03,8.878736716004479
2000-08-04,8.333890215396158
2000-08-05,7.8943257560441245
2000-08-06,7.536334740068306
2000-08-07,7.241909219925798
2000-08-08,6.997287385757175
2000-08-09,6.791891657761809
2000-08-10,6.617547631195623
2000-08-11,6.46790555747006
2000-08-12,6.33800899864224
2000-08-13,6.2239711971226015
2000-08-14,6.13206982680163
2000-08-15,6.044931686921615
2000-08-16,5.960391749003822
2000-08-17,5.883177462266015
2000-08-18,5.8119811502761705
2000-08-19,5.745754157938116
2000-08-20,5.683652676119983
2000-08-21,5.624995484020167
2000-08-22,5.569230863504704
2000-08-23,5.515910593706837
2000-08-24,5.501970871232299
2000-08-25,5.5210354312921845
2000-08-26,5.498693771774922
2000-08-27,5.706576274579009
2000-08-28,5.915981344497944
2000-08-29,6.017906331597868
2000-08-30,6.309271696504361
2000-08-31,6.0857193635185185
2000-09-01,5.891633981867362
2000-09-02,6.465533645609631
2000-09-03,9.287071216189178
2000-09-04,14.969749314501636
2000-09-05,19.618944944895937
2000-09-06,16.58322038315971
2000-09-07,14.095092657231973
2000-09-08,12.187665073589352
2000-09-09,10.719648734645347
2000-09-10,9.580322875506893
2000-09-11,8.688761772358431
2000-09-12,7.985310094083924
2000-09-13,7.4256411071471575
2000-09-14,6.976572281749501
2000-09-15,6.613090048178978
2000-09-16,6.3162762868226485
2000-09-17,6.071578603242009
2000-09-18,5.86779196078808
2000-09-19,5.767316358690767
2000-09-20,8.862232263772794
2000-09-21,13.946740133564932
2000-09-22,12.135879471217388
2000-09-23,10.637722497713353
2000-09-24,9.511825997121244
2000-09-25,8.647054486977956
2000-09-26,7.918691172587551
2000-09-27,7.3375581457664
2000-09-28,10.825124095563334
2000-09-29,16.923754453995514
2000-09-30,14.371417635175064
2000-10-01,13.162519077565783
2000-10-02,22.632488414243383
2000-10-03,36.21553247724942
2000-10-04,30.520236341045806
2000-10-05,25.60689936421389
2000-10-06,22.60817729632571
2000-10-07,22.82003550241544
2000-10-08,21.149670814386692
2000-10-09,22.00748392020945
2000-10-10,27.610742249047053
2000-10-11,25.81585895864207
2000-10-12,21.27998719735403
2000-10-13,17.814137977738188
2000-10-14,15.19666738160092
2000-10-15,13.201503751395421
2000-10-16,11.691248615531721
2000-10-17,16.32167765468343
2000-10-18,24.21893992922685
2000-10-19,21.186086782154405
2000-10-20,20.868527108437323
2000-10-21,20.643267951163065
2000-10-22,17.465403435475285
2000-10-23,14.990791343350388
2000-10-24,13.100796638382546
2000-10-25,12.31594506131909
2000-10-26,13.248036550563173
2000-10-27,13.314484109628404
2000-10-28,11.964631510332886
2000-10-29,13.27988406382721
2000-10-30,21.527742296681478
2000-10-31,27.058402016999793
2000-11-01,22.433543899456538
2000-11-02,18.783869887196897
2000-11-03,16.622539166002788
2000-11-04,16.399396253972565
2000-11-05,15.626455964757945
2000-11-06,23.128177406794155
2000-11-07,38.608236776026864
2000-11-08,35.787633382271096
2000-11-09,30.563296352835966
2000-11-10,25.004839445744214
2000-11-11,20.837054609901262
2000-11-12,17.707431527684253
2000-11-13,15.334295524275232
2000-11-14,13.517789123134532
2000-11-15,12.114555716583595
2000-11-16,11.020729659121502
2000-11-17,10.16035575581207
2000-11-18,15.499446634937877
2000-11-19,25.46450294404994
2000-11-20,22.368326128052747
2000-11-21,18.982058359214477
2000-11-22,16.313570525851436
2000-11-23,14.280403938911045
2000-11-24,12.716037259108736
2000-11-25,11.501351439959768
2000-11-26,13.038888404677747
2000-11-27,19.729593730972265
2000-11-28,22.710460606604723
2000-11-29,19.255675426797595
2000-11-30,16.53480129886754
2000-12-01,14.461860527305916
2000-12-02,12.867784983431884
2000-12-03,11.630707697042844
2000-12-04,10.661931224198886
2000-12-05,9.896318447188294
2000-12-06,9.285634262558235
2000-12-07,11.027438186941863
2000-12-08,13.831140513652121
2000-12-09,14.279113283909568
2000-12-10,13.993089046871576
2000-12-11,12.972826640073876
2000-12-12,11.67758153133935
2000-12-13,10.664383998457877
2000-12-14,9.871772004724614
2000-12-15,9.248168222412172
2000-12-16,8.7346901372873
2000-12-17,8.318484751680474
2000-12-18,11.80089556931877
2000-12-19,23.409071273371325
2000-12-20,30.49422263403021
2000-12-21,26.527593684168924
2000-12-22,21.994285450403254
2000-12-23,22.804460896284713
2000-12-24,29.5233057618606
2000-12-25,33.02140670660038
2000-12-26,31.408438890901493
2000-12-27,33.08192797874959
2000-12-28,31.2866036229446
2000-12-29,34.873573467743746
2000-12-30,43.478369879395636
2000-12-31,47.94363737089722
2001-01-01,37.35879750702478
2001-01-02,34.75707892911714
2001-01-03,35.46668271254893
2001-01-04,29.049336924593792
2001-01-05,24.1606740671199
2001-01-06,20.505143301273176
2001-01-07,21.538519992506664
2001-01-08,26.578307544451818
2001-01-09,26.170323532218337
2001-01-10,25.049906587404518
2001-01-11,21.20558083892848
2001-01-12,18.31193577321892
2001-01-13,16.10819253053592
2001-01-14,14.413685988140317
2001-01-15,13.098367088345931
2001-01-16,12.067706426797551
2001-01-17,11.252370394350715
2001-01-18,10.601077381524007
2001-01-19,10.075600151402275
2001-01-20,11.044804547056442
2001-01-21,16.693729384874754
2001-01-22,29.918033749328757
2001-01-23,40.717146542637536
2001-01-24,36.59940664695288
2001-01-25,29.804551001226532
2001-01-26,24.787121810229646
2001-01-27,21.038189948989658
2001-01-28,18.2082810797211
2001-01-29,16.050997998855816
2001-01-30,14.390638395763302
2001-01-31,16.876528656762705
2001-02-01,20.79719573643381
2001-02-02,19.381069248014494
2001-02-03,20.582065682608995
2001-02-04,20.21532698082817
2001-02-05,18.975610462059606
2001-02-06,19.064933186185982
2001-02-07,17.982487134908517
2001-02-08,21.263739688861943
2001-02-09,28.427053449136597
2001-02-10,28.670099336753598
2001-02-11,23.970959232301627
2001-02-12,20.460424743639194
2001-02-13,17.804385266915048
2001-02-14,25.894501209939616
2001-02-15,37.74738129029442
2001-02-16,31.82791022908941
2001-02-17,29.348120194029743
2001-02-18,29.452096205629548
2001-02-19,24.747117714194875
2001-02-20,21.118658999830167
2001-02-21,19.83444446965895
2001-02-22,19.93203924498751
2001-02-23,25.056347824481097
2001-02-24,43.21446473111953
2001-02-25,78.48708911260496
2001-02-26,117.66916214656948
2001-02-27,103.62396057398276
2001-02-28,69.99198356805692
2001-03-01,53.492959519000216
2001-03-02,47.38869881781559
2001-03-03,44.20196170381737
2001-03-04,43.68877908012729
2001-03-05,38.523076279117795
2001-03-06,33.19779723113253
2001-03-07,29.19950755658836
2001-03-08,28.765881276405327
2001-03-09,27.626826438863887
2001-03-10,23.78757928835138
2001-03-11,20.807599135663285
2001-03-12,18.534488000113395
2001-03-13,16.994803124577256
2001-03-14,17.408303406092838
2001-03-15,18.376308933653295
2001-03-16,16.906069194969124
2001-03-17,15.502821841247048
2001-03-18,14.392153996990634
2001-03-19,14.052837295661305
2001-03-20,14.066025449877172
2001-03-21,13.276290579216088
2001-03-22,12.598449860362058
2001-03-23,12.048745299450944
2001-03-24,12.569329883353094
2001-03-25,14.383957096224814
2001-03-26,15.607071136932491
2001-03-27,16.900128713705904
2001-03-28,16.14376580915274
2001-03-29,14.769808263802878
2001-03-30,13.691976001717412
2001-03-31,12.83812305474155
2001-04-01,12.517582852059526
2001-04-02,12.800574546031418
2001-04-03,12.366284248932528
2001-04-04,11.787830265727466
2001-04-05,11.358700838534963
2001-04-06,10.934551576150328
2001-04-07,10.573069606551318
2001-04-08,10.27007082118061
2001-04-09,10.013023538824712
2001-04-10,9.792279241311563
2001-04-11,9.600369260706648
2001-04-12,9.431482844863838
2001-04-13,9.462183067805766
2001-04-14,12.121917624542471
2001-04-15,16.63095202271421
2001-04-16,16.229968019041124
2001-04-17,14.796595093850799
2001-04-18,13.825315560615172
2001-04-19,13.379146262349744
2001-04-20,12.417566856887802
2001-04-21,11.618243883907638
2001-04-22,10.97844511257521
2001-04-23,10.470574144116858
2001-04-24,10.21667795232865
2001-04-25,9.966643830455086
2001-04-26,9.628481752758557
2001-04-27,9.338932174214678
2001-04-28,9.43044326517921
2001-04-29,10.2254556599824
2001-04-30,11.138887697388512
2001-05-01,11.517617494945059
2001-05-02,10.832678842071148
2001-05-03,10.24829216665316
2001-05-04,10.660459145526021
2001-05-05,11.952106654647634
2001-05-06,11.156348784702852
2001-05-07,10.474710943312244
2001-05-08,9.926651354051318
2001-05-09,9.481540068643433
2001-05-10,9.116252808608193
2001-05-11,8.813218279842667
2001-05-12,8.559003098074198
2001-05-13,8.343278206268176
2001-05-14,8.158058323876668
2001-05-15,7.997138381808651
2001-05-16,7.855673160161115
2001-05-17,7.744089858794368
2001-05-18,7.779489144116834
2001-05-19,7.7804608026025655
2001-05-20,7.705117915742761
2001-05-21,7.646940813061522
2001-05-22,7.815283650434831
2001-05-23,8.529348384364928
2001-05-24,8.483746560649488
2001-05-25,8.615297409103784
2001-05-26,9.359343551959357
2001-05-27,9.059011143247398
2001-05-28,8.62188275956938
2001-05-29,8.253615690318988
2001-05-30,8.179678968525673
2001-05-31,8.46218230754863
2001-06-01,9.01275289705337
2001-06-02,11.586337590710258
2001-06-03,15.20178426070511
2001-06-04,17.17724988862377
2001-06-05,17.291500853805765
2001-06-06,17.11137648612826
2001-06-07,14.975138576784966
2001-06-08,13.208063007733399
2001-06-09,11.894890691150842
2001-06-10,13.160275079841448
2001-06-11,16.296496175022508
2001-06-12,16.351904570350424
2001-06-13,15.881172031111786
2001-06-14,14.033160032271248
2001-06-15,12.486127370433048
2001-06-16,11.284033719191326
2001-06-17,10.341987445695699
2001-06-18,9.597132556215664
2001-06-19,9.00283900392418
2001-06-20,8.703659884451076
2001-06-21,8.551256580879121
2001-06-22,8.173655518339102
2001-06-23,7.840380910937241
2001-06-24,7.564572014498083
2001-06-25,7.333891667283699
2001-06-26,7.1388358462565575
2001-06-27,6.972044066164359
2001-06-28,6.827787202985932
2001-06-29,6.701584625566727
2001-06-30,6.5899162327288785
2001-07-01,6.69259747407492
2001-07-02,7.027987652316731
2001-07-03,6.955380651212722
2001-07-04,6.773989926482262
2001-07-05,6.802419291862793
2001-07-06,9.422808134090031
2001-07-07,13.239846452278739
2001-07-08,12.126175685001696
2001-07-09,11.49474426585587
2001-07-10,10.99834891768257
2001-07-11,11.663603652238358
2001-07-12,12.060661563069344
2001-07-13,11.272454336979102
2001-07-14,15.402456389215525
2001-07-15,21.814220660048154
2001-07-16,18.369204494568937
2001-07-17,15.653255589618043
2001-07-18,13.584631215694928
2001-07-19,11.994928102954852
2001-07-20,10.762575166613418
2001-07-21,9.798976389732209
2001-07-22,9.038997695416318
2001-07-23,8.434361074993248
2001-07-24,7.949008589820573
2001-07-25,7.55581651039364
2001-07-26,7.234244786022599
2001-07-27,6.976320593292534
2001-07-28,6.842060948970008
2001-07-29,6.680155133297094
2001-07-30,6.49919867562219
2001-07-31,6.344632866859321
2001-08-01,6.259977836039024
2001-08-02,6.2657968814571126
2001-08-03,6.215415785571871
2001-08-04,6.1105284975723455
2001-08-05,5.992702870623169
2001-08-06,5.8886560871642475
2001-08-07,5.7960389638987175
2001-08-08,5.981393423304618
2001-08-09,6.408934727158173
2001-08-10,6.990891844287336
2001-08-11,7.927438781252729
2001-08-12,7.435712295993759
2001-08-13,7.031797926164233
2001-08-14,6.729236839300892
2001-08-15,6.522093170737811
2001-08-16,6.879650497552102
2001-08-17,9.170466327129098
2001-08-18,10.399956908197305
2001-08-19,10.996729035043197
2001-08-20,13.163922763332948
2001-08-21,11.813175288391903
2001-08-22,10.475808290288171
2001-08-23,9.396021425826453
2001-08-24,8.549860186762768
2001-08-25,8.272956171224223
2001-08-26,8.351875406045599
2001-08-27,7.751663798689677
2001-08-28,9.99091220224612
2001-08-29,14.27673165309575
2001-08-30,12.499519135734806
2001-08-31,11.501754276813555
2001-09-01,10.950033085461007
2001-09-02,10.50469537901355
2001-09-03,9.551363975781358
2001-09-04,8.673934368075036
2001-09-05,8.411759583140189
2001-09-06,9.69666090364003
2001-09-07,12.212642913845071
2001-09-08,13.599810630400446
2001-09-09,11.8208650002723
2001-09-10,11.223556680679279
2001-09-11,11.376243840278034
2001-09-12,10.701096757373294
2001-09-13,12.469936220952976
2001-09-14,14.836462294611357
2001-09-15,14.759405435546368
2001-09-16,13.42954812164794
2001-09-17,12.159669157638163
2001-09-18,10.74828051982825
2001-09-19,9.63804131623905
2001-09-20,10.575870234440517
2001-09-21,14.265889073809378
2001-09-22,15.042245743143129
2001-09-23,15.31151694300195
2001-09-24,17.196676176536823
2001-09-25,17.180120199839024
2001-09-26,15.386963447185549
2001-09-27,13.261682214917421
2001-09-28,11.609243852758235
2001-09-29,10.331750261222533
2001-09-30,9.335679871846132
2001-10-01,8.789660968406414
2001-10-02,8.970794562983473
2001-10-03,9.286174626742197
2001-10-04,9.83978259981197
2001-10-05,18.799045717015996
2001-10-06,32.77243793991987
2001-10-07,27.72586300750861
2001-10-08,22.62168805748712
2001-10-09,18.784670245236576
2001-10-10,15.89734460108284
2001-10-11,13.70418053191102
2001-10-12,12.13855975564575
2001-10-13,14.363507725761606
2001-10-14,23.366766070651845
2001-10-15,29.524505527299624
2001-10-16,29.458519396338673
2001-10-17,30.209898382549436
2001-10-18,25.413137214742136
2001-10-19,21.04944408301076
2001-10-20,17.81791863163278
2001-10-21,15.287959363218038
2001-10-22,13.350262112317623
2001-10-23,11.857917466604144
2001-10-24,10.698356139679618
2001-10-25,9.789499359762019
2001-10-26,9.099593354750231
2001-10-27,8.774263730661394
2001-10-28,8.968564851228281
2001-10-29,8.641421674954113
2001-10-30,8.1490389699802
2001-10-31,7.741680277703075
2001-11-01,7.408813114173834
2001-11-02,7.134079535884667
2001-11-03,6.904960520690796
2001-11-04,6.711820263953229
2001-11-05,6.547202143497574
2001-11-06,6.405306460485776
2001-11-07,6.840251466478281
2001-11-08,7.868524747859279
2001-11-09,7.492383675254204
2001-11-10,7.146176237759441
2001-11-11,7.662030305595803
2001-11-12,9.12248882311836
2001-11-13,21.493837417167853
2001-11-14,42.001491672533554
2001-11-15,33.35565869231851
2001-11-16,26.838132233460026
2001-11-17,22.02001861657041
2001-11-18,18.42092080216563
2001-11-19,15.705881305530157
2001-11-20,15.09282090492075
2001-11-21,15.912541325637504
2001-11-22,16.732216468825467
2001-11-23,19.454094392736557
2001-11-24,17.305132283990442
2001-11-25,16.539070154639173
2001-11-26,17.667711051509865
2001-11-27,21.728533970347655
2001-11-28,25.87239569049863
2001-11-29,28.85895244985551
2001-11-30,23.78034225744052
2001-12-01,20.54887434477798
2001-12-02,23.268003979354944
2001-12-03,31.165015398437475
2001-12-04,32.14408167634664
2001-12-05,26.2751433284095
2001-12-06,21.7993783337498
2001-12-07,18.747615349176275
2001-12-08,23.054690963969282
2001-12-09,32.74271804246557
2001-12-10,32.09554844823409
2001-12-11,31.732146479022234
2001-12-12,39.40215154324223
2001-12-13,51.24521124395847
2001-12-14,48.697664785322694
2001-12-15,58.955229618072046
2001-12-16,83.65873928532017
2001-12-17,95.32043194141751
2001-12-18,88.60854429423136
2001-12-19,72.88215601191557
2001-12-20,71.17591163783446
2001-12-21,49.09736891457302
2001-12-22,38.460342338942496
2001-12-23,31.459609208089915
2001-12-24,26.291742496807625
2001-12-25,22.500804152632014
2001-12-26,19.8889667587112
2001-12-27,18.37187362153492
2001-12-28,28.614180609320275
2001-12-29,51.30814874633183
2001-12-30,59.902748018798825
2001-12-31,58.38821906881387
2002-01-01,45.080264121341834
2002-01-02,39.25079317490232
2002-01-03,35.66919033136662
2002-01-04,40.72275534154337
2002-01-05,42.58949626993688
2002-01-06,35.54630325878956
2002-01-07,29.556768232901092
2002-01-08,29.845594714016567
2002-01-09,54.739456161449375
2002-01-10,66.04868828126497
2002-01-11,67.60538998622893
2002-01-12,77.95311980009163
2002-01-13,107.51183932544114
2002-01-14,146.96580320037967
2002-01-15,142.88342971513057
2002-01-16,123.08109752829957
2002-01-17,95.18321848883916
2002-01-18,82.84641177146482
2002-01-19,87.50155664847155
2002-01-20,83.7098076954379
2002-01-21,81.76136783409449
2002-01-22,56.65251627695118
2002-01-23,52.500033310411474
2002-01-24,56.22261008045564
2002-01-25,45.67334344380213
2002-01-26,40.42452087165412
2002-01-27,47.71794279456382
2002-01-28,70.83140345093535
2002-01-29,78.68088493507847
2002-01-30,76.96771105659708
2002-01-31,54.42893661817285
2002-02-01,43.75139992148845
2002-02-02,36.61071466993914
2002-02-03,34.942777386214125
2002-02-04,36.113128821587274
2002-02-05,31.139908534621707
2002-02-06,27.221845174398045
2002-02-07,24.25339232752236
2002-02-08,25.68367015671751
2002-02-09,30.35762483601089
2002-02-10,28.033040114331996
2002-02-11,24.863961155408663
2002-02-12,22.41170915983641
2002-02-13,20.52020112381502
2002-02-14,19.045279708221553
2002-02-15,17.88245649731834
2002-02-16,16.955294371151226
2002-02-17,16.207395747732505
2002-02-18,15.596815458544043
2002-02-19,15.092123823224492
2002-02-20,14.669605552504818
2002-02-21,14.31124868409403
2002-02-22,14.003288447497033
2002-02-23,13.735144516937131
2002-02-24,13.498639553969864
2002-02-25,13.287420524928487
2002-02-26,13.096527317454063
2002-02-27,13.006619326501443
2002-02-28,12.998992203273666
2002-03-01,13.35886256647652
2002-03-02,17.363910087547485
2002-03-03,26.401567116582836
2002-03-04,33.134590663218894
2002-03-05,32.28115346054739
2002-03-06,27.73540852823371
2002-03-07,24.694263626292067
2002-03-08,22.801663678543047
2002-03-09,20.473713132974638
2002-03-10,18.640847667225575
2002-03-11,17.213778109894964
2002-03-12,16.090890117799344
2002-03-13,15.318395772453554
2002-03-14,14.75776956953351
2002-03-15,14.124997410858732
2002-03-16,13.598394590974124
2002-03-17,13.16228954447878
2002-03-18,12.796630982431177
2002-03-19,12.48613592189146
2002-03-20,12.219086202811077
2002-03-21,11.986446371539978
2002-03-22,11.781212419056919
2002-03-23,11.597927664889363
2002-03-24,15.116411949482142
2002-03-25,22.908219252550428
2002-03-26,23.212124102728907
2002-03-27,22.757828055573864
2002-03-28,23.747274840062712
2002-03-29,35.47429332690167
2002-03-30,51.79827223192041
2002-03-31,43.37863166911159
2002-04-01,36.160554764140606
2002-04-02,30.74520715185096
2002-04-03,26.709913982988663
2002-04-04,23.222653125602502
2002-04-05,20.548458982063075
2002-04-06,28.90013145780337
2002-04-07,48.95574794522864
2002-04-08,47.87527153119641
2002-04-09,39.07181796069379
2002-04-10,32.475014831875505
2002-04-11,27.582475851389745
2002-04-12,23.917923734058675
2002-04-13,21.142319290299884
2002-04-14,19.014573689691392
2002-04-15,17.36896291616694
2002-04-16,16.08326592530645
2002-04-17,15.068290136525723
2002-04-18,14.258484720548347
2002-04-19,14.737626107789746
2002-04-20,16.359554910333603
2002-04-21,15.342935147478741
2002-04-22,14.423587110313532
2002-04-23,13.686715660681124
2002-04-24,13.672092279417681
2002-04-25,16.65080203227603
2002-04-26,20.160963555626445
2002-04-27,19.16746627595435
2002-04-28,17.377876485484403
2002-04-29,17.212366528830813
2002-04-30,18.217291059890425
2002-05-01,16.713946144198964
2002-05-02,15.396486551563905
2002-05-03,14.359584913822419
2002-05-04,13.535106798382948
2002-05-05,13.145324230121888
2002-05-06,13.302628080924576
2002-05-07,12.788242432017471
2002-05-08,12.244105699350166
2002-05-09,11.79682819410671
2002-05-10,11.453032554116943
2002-05-11,11.545847626272035
2002-05-12,15.37078370034748
2002-05-13,21.785372842288073
2002-05-14,20.598793746740355
2002-05-15,22.821041144365818
2002-05-16,26.976286424323234
2002-05-17,23.29730569665948
2002-05-18,20.29567132382342
2002-05-19,18.008962066274318
2002-05-20,16.249523128501586
2002-05-21,14.88239816265318
2002-05-22,13.812716790672132
2002-05-23,12.96511608497436
2002-05-24,12.282934471814755
2002-05-25,11.730896833013595
2002-05-26,11.279262394246429
2002-05-27,10.905562253754445
2002-05-28,10.592711372709063
2002-05-29,10.32763936760377
2002-05-30,10.10028972242153
2002-05-31,9.902882866811437
2002-06-01,9.729369759525202
2002-06-02,9.575024056734692
2002-06-03,9.436135818418968
2002-06-04,9.405778546866102
2002-06-05,9.847310873803032
2002-06-06,10.325193360631307
2002-06-07,10.258415279858552
2002-06-08,11.049626842614783
2002-06-09,13.01663834953289
2002-06-10,13.08654228270951
2002-06-11,12.171069282826187
2002-06-12,11.995042761220864
2002-06-13,13.091319866085877
2002-06-14,13.65564236926266
2002-06-15,13.591244249350915
2002-06-16,12.699951899055728
2002-06-17,11.814973178124418
2002-06-18,11.107929444981705
2002-06-19,11.374264199567522
2002-06-20,13.234297066509319
2002-06-21,13.946516679865738
2002-06-22,13.396830367310079
2002-06-23,12.322745450478942
2002-06-24,11.465692700569486
2002-06-25,10.782912382164545
2002-06-26,10.65329372861452
2002-06-27,10.845592652945141
2002-06-28,10.337720493410666
2002-06-29,9.86075050947771
2002-06-30,9.464485946426729
2002-07-01,9.5533092274437
2002-07-02,11.931801218870142
2002-07-03,14.42197886035555
2002-07-04,13.057419772928432
2002-07-05,11.95346984929597
2002-07-06,11.388390338028897
2002-07-07,12.59149861029731
2002-07-08,16.51107875404728
2002-07-09,18.65261276202634
2002-07-10,16.313901584553545
2002-07-11,14.460475604947922
2002-07-12,13.027739771809108
2002-07-13,11.91004224273881
2002-07-14,11.0300869832952
2002-07-15,11.307610744139902
2002-07-16,12.509128522873864
2002-07-17,13.044529881525463
2002-07-18,19.85345078090554
2002-07-19,26.162471242949877
2002-07-20,22.065303243683683
2002-07-21,18.832365743041994
2002-07-22,17.886243275093705
2002-07-23,18.25861400697377
2002-07-24,16.00434702600762
2002-07-25,14.219295063809453
2002-07-26,12.84636826855315
2002-07-27,15.139555397019068
2002-07-28,20.390954959523253
2002-07-29,19.373178096256403
2002-07-30,17.609462891786112
2002-07-31,16.114364149024187
2002-08-01,14.446336624884152
2002-08-02,13.01639067740012
2002-08-03,11.899317934321495
2002-08-04,11.019943640943675
2002-08-05,10.371275089996674
2002-08-06,9.867932540301188
2002-08-07,9.396610464955693
2002-08-08,9.007457861568302
2002-08-09,8.686434834377257
2002-08-10,8.418723521647644
2002-08-11,8.192954751736538
2002-08-12,8.000356881855852
2002-08-13,7.834126771577632
2002-08-14,7.688961768701016
2002-08-15,7.75377764508666
2002-08-16,8.640473041837877
2002-08-17,12.857804447996699
2002-08-18,18.708064085262883
2002-08-19,17.71743927661026
2002-08-20,15.865096145246824
2002-08-21,15.26403627735309
2002-08-22,16.043205631698417
2002-08-23,14.31071730185591
2002-08-24,14.557422154823072
2002-08-25,15.345989573528593
2002-08-26,13.609903317468627
2002-08-27,13.261832607487536
2002-08-28,18.355402353337954
2002-08-29,23.98134690016416
2002-08-30,20.24457272189515
2002-08-31,17.326018463239325
2002-09-01,15.10873739172537
2002-09-02,13.40826502913182
2002-09-03,12.092071271987455
2002-09-04,11.971032222327707
2002-09-05,18.962199723579722
2002-09-06,31.372487637575972
2002-09-07,31.910707327235865
2002-09-08,34.5943688759784
2002-09-09,42.77673952140096
2002-09-10,35.2894654034477
2002-09-11,29.208689665667638
2002-09-12,24.232731605781296
2002-09-13,20.555450244528107
2002-09-14,19.447615450412897
2002-09-15,19.369930618162478
2002-09-16,16.89516285748208
2002-09-17,14.927542681890673
2002-09-18,13.409762155951888
2002-09-19,12.228116814509308
2002-09-20,11.299628032403476
2002-09-21,10.563209949281555
2002-09-22,9.973527003902483
2002-09-23,9.69437942726253
2002-09-24,9.640625917622081
2002-09-25,9.237589751896685
2002-09-26,8.882993201422288
2002-09-27,9.829749370475904
2002-09-28,13.721925418589514
2002-09-29,17.58215083278073
2002-09-30,23.265188034380333
2002-10-01,27.599500293174966
2002-10-02,23.163596011188158
2002-10-03,19.721653013029712
2002-10-04,18.592505769498334
2002-10-05,18.192805184627673
2002-10-06,16.192322297182077
2002-10-07,14.762970511710966
2002-10-08,13.255706733360869
2002-10-09,12.065747084585723
2002-10-10,11.131747745823034
2002-10-11,10.39178793779278
2002-10-12,9.799956396152185
2002-10-13,9.321950280554516
2002-10-14,8.931955829002563
2002-10-15,8.610416755913205
2002-10-16,8.342423763571412
2002-10-17,12.331940030387708
2002-10-18,22.271747376579743
2002-10-19,23.72681344588503
2002-10-20,20.103825997993802
2002-10-21,17.27325394292989
2002-10-22,15.118414570744909
2002-10-23,13.462612845003692
2002-10-24,12.178574617206843
2002-10-25,11.173732354047145
2002-10-26,10.380154341609428
2002-10-27,9.74757071834046
2002-10-28,9.23849123816283
2002-10-29,8.824752625008836
2002-10-30,8.485053756688915
2002-10-31,8.203260084153023
2002-11-01,8.27240097014628
2002-11-02,8.625360441201144
2002-11-03,8.314371446816887
2002-11-04,10.895597640300034
2002-11-05,18.088215753882274
2002-11-06,19.911425061284678
2002-11-07,17.109235628885795
2002-11-08,17.960280811838533
2002-11-09,20.942377627866183
2002-11-10,17.916019148726527
2002-11-11,15.53368855027833
2002-11-12,13.7104141034536
2002-11-13,12.302162953259126
2002-11-14,11.204592599055736
2002-11-15,10.341408179182572
2002-11-16,9.656340122722117
2002-11-17,9.10755371408978
2002-11-18,8.74299416561152
2002-11-19,8.584156919737053
2002-11-20,8.240693685926058
2002-11-21,7.950842977490883
2002-11-22,7.7048086611151385
2002-11-23,7.4967765581815335
2002-11-24,7.319287987209035
2002-11-25,8.328682697904753
2002-11-26,15.636810609920426
2002-11-27,22.917693997846637
2002-11-28,25.583979323895914
2002-11-29,33.447108025336014
2002-11-30,29.623516202756505
2002-12-01,24.344712086159678
2002-12-02,21.91884167804474
2002-12-03,22.35749603696051
2002-12-04,20.988440791768053
2002-12-05,19.59485220919192
2002-12-06,20.513794383970005
2002-12-07,25.87309650319774
2002-12-08,30.180554077533937
2002-12-09,24.966788828487253
2002-12-10,23.330473620550766
2002-12-11,25.984497805435296
2002-12-12,31.773019224519587
2002-12-13,37.97086147067765
2002-12-14,34.300609512315326
2002-12-15,32.877656231613074
2002-12-16,33.276858184111184
2002-12-17,34.69767418634445
2002-12-18,28.567461272952304
2002-12-19,24.189109125130248
2002-12-20,21.028988207893093
2002-12-21,18.12905970358381
2002-12-22,15.922456249256363
2002-12-23,14.227237368113924
2002-12-24,12.91255765453073
2002-12-25,19.44207806456448
2002-12-26,32.22858264247901
2002-12-27,32.15423395046269
2002-12-28,31.723950845165927
2002-12-29,27.961754665617708
2002-12-30,27.16883670628027
2002-12-31,28.824321432057882
2003-01-01,30.73145274029943
2003-01-02,25.728410345316863
2003-01-03,21.78572431510041
2003-01-04,18.81077737411774
2003-01-05,16.54697966538387
2003-01-06,14.807664256837791
2003-01-07,13.458584565277478
2003-01-08,12.402243268984513
2003-01-09,11.567186881355056
2003-01-10,10.900605309462927
2003-01-11,11.096766978558891
2003-01-12,16.22515980708107
2003-01-13,38.25901524969991
2003-01-14,64.53469131890307
2003-01-15,46.09489654000672
2003-01-16,36.60488731131665
2003-01-17,33.13371165604517
2003-01-18,35.16464257213709
2003-01-19,34.66191118364521
2003-01-20,28.674383288310395
2003-01-21,26.831394676196055
2003-01-22,27.43931672926406
2003-01-23,23.303129196237318
2003-01-24,20.101782557364153
2003-01-25,20.870861117358206
2003-01-26,31.19664698221099
2003-01-27,62.24959659268033
2003-01-28,88.77952593917765
2003-01-29,60.218650540318784
2003-01-30,44.78632847148696
2003-01-31,36.31273024407981
2003-02-01,35.29811859174129
2003-02-02,41.82655562629608
2003-02-03,40.84735944749595
2003-02-04,34.18660084338102
2003-02-05,28.503198120440473
2003-02-06,24.31503856610864
2003-02-07,21.182372477943414
2003-02-08,18.74709715607305
2003-02-09,16.87710160567542
2003-02-10,15.426915750490139
2003-02-11,14.291008015777715
2003-02-12,13.392226735311448
2003-02-13,12.931654313141108
2003-02-14,13.900001830393693
2003-02-15,17.16501394609495
2003-02-16,23.49692222043784
2003-02-17,33.481140547222225
2003-02-18,37.48453953550668
2003-02-19,35.066914848820865
2003-02-20,29.583460347346243
2003-02-21,25.063956894822155
2003-02-22,21.670353341623272
2003-02-23,19.095728396780846
2003-02-24,17.12272492485609
2003-02-25,18.239656718408522
2003-02-26,22.456588708459844
2003-02-27,29.498648229051863
2003-02-28,44.364773050821235
2003-03-01,46.89484604767231
2003-03-02,43.57862608883229
2003-03-03,45.705308785161485
2003-03-04,42.35395584748776
2003-03-05,37.90032914178572
2003-03-06,39.917818253596714
2003-03-07,39.45792048468598
2003-03-08,33.985684570268006
2003-03-09,28.82764679555021
2003-03-10,25.049348254678886
2003-03-11,22.36249859179101
2003-03-12,19.858277985970503
2003-03-13,21.176510201585227
2003-03-14,24.778113698465784
2003-03-15,21.749254167645585
2003-03-16,19.309899075291735
2003-03-17,17.435725708525773
2003-03-18,17.55397229677046
2003-03-19,24.75383398693346
2003-03-20,33.26121253122424
2003-03-21,31.859681374935136
2003-03-22,28.821649316863972
2003-03-23,24.706305474966427
2003-03-24,21.554823378745358
2003-03-25,19.15659547862195
2003-03-26,17.3129248148982
2003-03-27,15.881212625672129
2003-03-28,14.75809443862091
2003-03-29,13.867950359365471
2003-03-30,13.288684736753666
2003-03-31,12.898346020735895
2003-04-01,12.537438653810893
2003-04-02,12.850243283529059
2003-04-03,14.905968202857617
2003-04-04,21.050906634932343
2003-04-05,25.45072021106037
2003-04-06,25.774642503396667
2003-04-07,28.583253547341872
2003-04-08,25.96695302828409
2003-04-09,23.373175279558627
2003-04-10,20.527090494935145
2003-04-11,18.262471650148385
2003-04-12,16.518511913818163
2003-04-13,15.162129103538334
2003-04-14,14.09662381164172
2003-04-15,13.251096260064884
2003-04-16,12.573125131515207
2003-04-17,12.023647360153026
2003-04-18,11.88410664117262
2003-04-19,12.142903359032042
2003-04-20,12.253390890395274
2003-04-21,12.768106953186802
2003-04-22,12.31440145404568
2003-04-23,11.748008272221256
2003-04-24,12.867830313998908
2003-04-25,15.148228257155687
2003-04-26,14.049509648951265
2003-04-27,13.077301419140587
2003-04-28,13.342320835688426
2003-04-29,15.878936393402993
2003-04-30,17.20059675493788
2003-05-01,16.0056814466883
2003-05-02,14.59549091731734
2003-05-03,13.6066285059539
2003-05-04,14.743719345024182
2003-05-05,16.272010215719657
2003-05-06,14.808040483300916
2003-05-07,13.777873385981835
2003-05-08,12.886249953491108
2003-05-09,12.478779833128433
2003-05-10,12.587198406873979
2003-05-11,11.872411018588862
2003-05-12,11.252844665232969
2003-05-13,13.374722131625214
2003-05-14,17.605544296257253
2003-05-15,15.793744471608113
2003-05-16,14.29126721721928
2003-05-17,13.119351082605997
2003-05-18,12.19644709221496
2003-05-19,11.46251825281468
2003-05-20,11.069345037731416
2003-05-21,11.06641564793648
2003-05-22,10.730527847043456
2003-05-23,10.415551116816617
2003-05-24,10.307304052190123
2003-05-25,11.13316202300033
2003-05-26,11.32389361195456
2003-05-27,10.731673536373478
2003-05-28,10.439537635053352
2003-05-29,10.442085530678847
2003-05-30,10.004335833669083
2003-05-31,9.611076892737964
2003-06-01,9.290656843165129
2003-06-02,9.198441552633282
2003-06-03,9.8121368369799
2003-06-04,10.591774289871656
2003-06-05,10.176737417343102
2003-06-06,9.694202418559188
2003-06-07,9.300060622762429
2003-06-08,9.214703094835423
2003-06-09,9.547177422222065
2003-06-10,9.252547396029238
2003-06-11,8.99836988474341
2003-06-12,9.031777304633593
2003-06-13,9.257785171681087
2003-06-14,14.725065621928245
2003-06-15,24.865804734557532
2003-06-16,24.44938779513758
2003-06-17,20.899623794818844
2003-06-18,17.93661944069521
2003-06-19,15.677673063612543
2003-06-20,13.943781837069862
2003-06-21,12.600657235518414
2003-06-22,11.55072390054084
2003-06-23,10.722442201940957
2003-06-24,10.062920769111175
2003-06-25,9.532749363653805
2003-06-26,9.102347975205449
2003-06-27,8.749362732425384
2003-06-28,8.456791984524886
2003-06-29,8.211626593639265
2003-06-30,8.003855622570107
2003-07-01,7.825733874369733
2003-07-02,7.67123858161365
2003-07-03,7.535663758888027
2003-07-04,7.415358624274712
2003-07-05,7.312770208960547
2003-07-06,7.339436531514064
2003-07-07,7.3425426945350445
2003-07-08,7.228510815876663
2003-07-09,8.534281080516058
2003-07-10,11.443099154578169
2003-07-11,11.260591831721738
2003-07-12,10.337308343587784
2003-07-13,9.596151744485109
2003-07-14,9.188689978154828
2003-07-15,9.214891123462928
2003-07-16,9.800069295903745
2003-07-17,11.050224409712404
2003-07-18,10.949979832231906
2003-07-19,10.063358860087764
2003-07-20,15.840628780375198
2003-07-21,28.80589059853172
2003-07-22,27.056407457752943
2003-07-23,22.50726388864094
2003-07-24,19.212887066675176
2003-07-25,16.565995012917863
2003-07-26,14.447912311142671
2003-07-27,12.820012817343086
2003-07-28,11.557680805301658
2003-07-29,10.696429252502858
2003-07-30,10.245976180196118
2003-07-31,9.765378873850816
2003-08-01,9.201104482727512
2003-08-02,8.693242057770831
2003-08-03,8.280061272877829
2003-08-04,7.941943403589292
2003-08-05,7.662423689856595
2003-08-06,7.428896654153934
2003-08-07,7.231656795326097
2003-08-08,7.063191434063822
2003-08-09,6.917655833879704
2003-08-10,6.790481074112544
2003-08-11,6.678079292379891
2003-08-12,6.6575926471699
2003-08-13,6.756364622790279
2003-08-14,6.6775121836253755
2003-08-15,6.555968740043678
2003-08-16,6.448259657571878
2003-08-17,6.370154582096995
2003-08-18,6.3002784491345905
2003-08-19,6.218082184734244
2003-08-20,6.139623344625924
2003-08-21,6.067267576643478
2003-08-22,5.999946594163863
2003-08-23,5.936801766603597
2003-08-24,5.877140650463628
2003-08-25,5.8204030072003095
2003-08-26,5.766134131543418
2003-08-27,5.713963837810762
2003-08-28,5.663589843609593
2003-08-29,5.614776037900362
2003-08-30,5.5673086076028016
2003-08-31,5.5210033245492935
2003-09-01,5.475738100438035
2003-09-02,5.50298914055314
2003-09-03,6.200949841711254
2003-09-04,6.988145955895816
2003-09-05,6.607077636194927
2003-09-06,6.340045448428291
2003-09-07,6.118891165532513
2003-09-08,5.93388312016275
2003-09-09,5.777494695268587
2003-09-10,5.643875121934865
2003-09-11,5.529252449454005
2003-09-12,5.4678020678101085
2003-09-13,5.431669438593492
2003-09-14,5.445965629758333
2003-09-15,5.461923817165091
2003-09-16,5.358770352990821
2003-09-17,5.260462407326234
2003-09-18,5.173737318004847
2003-09-19,5.096394856871044
2003-09-20,5.026687451663886
2003-09-21,4.9632218265933465
2003-09-22,4.905093968360096
2003-09-23,4.851058978366521
2003-09-24,5.255606160243656
2003-09-25,6.048156432422034
2003-09-26,6.673022513676023
2003-09-27,7.6879521365648
2003-09-28,7.031786438507926
2003-09-29,6.5530572707431824
2003-09-30,6.171163889788204
2003-10-01,6.124208720437675
2003-10-02,6.196083265696681
2003-10-03,5.88364913839807
2003-10-04,5.6164887706036355
2003-10-05,5.531886924961331
2003-10-06,5.638172036593836
2003-10-07,5.400260414266991
2003-10-08,5.2091773133683414
2003-10-09,5.086255699578258
2003-10-10,5.702653803806494
2003-10-11,7.021562920072057
2003-10-12,7.231081949168334
2003-10-13,7.146697610989308
2003-10-14,7.428848963429442
2003-10-15,6.8282637721424955
2003-10-16,6.704550000978201
2003-10-17,6.968004481051293
2003-10-18,7.429270453902041
2003-10-19,7.742159092413368
2003-10-20,7.538299069137936
2003-10-21,9.663730169948527
2003-10-22,12.979492998553626
2003-10-23,13.111601919857643
2003-10-24,12.523655329695918
2003-10-25,11.084437803718453
2003-10-26,9.729716321163883
2003-10-27,8.639026241601469
2003-10-28,7.785811387130479
2003-10-29,7.113742518883751
2003-10-30,6.580147203595204
2003-10-31,11.345798145643082
2003-11-01,21.758943771072754
2003-11-02,23.0540252820881
2003-11-03,21.80780510987896
2003-11-04,22.26698414137258
2003-11-05,23.294571603192747
2003-11-06,19.13352083509629
2003-11-07,16.05100731674767
2003-11-08,19.52943019581935
2003-11-09,25.89260979269659
2003-11-10,22.826610596219428
2003-11-11,22.40108153487159
2003-11-12,24.38016730622161
2003-11-13,31.865819450264308
2003-11-14,29.726331469341773
2003-11-15,24.417901464028347
2003-11-16,20.080807436837116
2003-11-17,16.830802083056614
2003-11-18,14.372098304378646
2003-11-19,12.49504195781244
2003-11-20,11.049398882093326
2003-11-21,9.92642470062376
2003-11-22,9.046669823207813
2003-11-23,8.351583440038093
2003-11-24,7.797667401922507
2003-11-25,7.3523626489375635
2003-11-26,6.991126299261413
2003-11-27,6.6953357144317325
2003-11-28,6.450772660864247
2003-11-29,6.246518182699255
2003-11-30,6.074140804646063
2003-12-01,5.927095968673758
2003-12-02,5.8021043714410725
2003-12-03,5.691473849165495
2003-12-04,5.593661569034193
2003-12-05,5.506496526395587
2003-12-06,5.427990914271647
2003-12-07,5.583131126313617
2003-12-08,6.894891579703543
2003-12-09,8.259828471350067
2003-12-10,8.327474666001775
2003-12-11,10.127061730658562
2003-12-12,12.343329797477068
2003-12-13,13.405122716091732
2003-12-14,15.36420862727716
2003-12-15,19.17614214029607
2003-12-16,23.93991789353342
2003-12-17,29.73378685295462
2003-12-18,27.621085675018183
2003-12-19,27.91431617539409
2003-12-20,40.1247286134041
2003-12-21,54.5827495427821
2003-12-22,41.59338610155096
2003-12-23,36.97451351817099
2003-12-24,38.939673983416036
2003-12-25,53.88609440540883
2003-12-26,54.457027365211225
2003-12-27,40.39116029470848
2003-12-28,32.646582796928065
2003-12-29,27.456567786475613
2003-12-30,22.716219647602575
2003-12-31,19.72140304025205
2004-01-01,20.825205182272544
2004-01-02,22.065926162018553
2004-01-03,19.265083266631112
2004-01-04,18.50923360990038
2004-01-05,19.730762604116748
2004-01-06,23.82181275469942
2004-01-07,33.46540287101168
2004-01-08,39.2465095112135
2004-01-09,36.27262558080634
2004-01-10,30.02924426672386
2004-01-11,31.334223586605347
2004-01-12,39.019030568603974
2004-01-13,34.65063666611265
2004-01-14,30.029825079745418
2004-01-15,24.88547434275824
2004-01-16,21.012599383992875
2004-01-17,18.093387099287863
2004-01-18,16.198344137263735
2004-01-19,16.062138297575945
2004-01-20,15.911711351954521
2004-01-21,15.561323506309394
2004-01-22,16.279794382607232
2004-01-23,16.56823118888856
2004-01-24,26.894510572506807
2004-01-25,37.710059699277046
2004-01-26,30.88530785681066
2004-01-27,25.56297865513234
2004-01-28,21.576954061070364
2004-01-29,19.967365011958226
2004-01-30,18.935291896862193
2004-01-31,17.851885269016538
2004-02-01,22.12846097537783
2004-02-02,30.333398026690805
2004-02-03,27.212817434676083
2004-02-04,26.032821602988673
2004-02-05,23.94982998230728
2004-02-06,22.44839458956402
2004-02-07,20.075903758684156
2004-02-08,17.521161603274276
2004-02-09,17.388694511060567
2004-02-10,20.557451293891535
2004-02-11,20.654168974216994
2004-02-12,19.362356224753682
2004-02-13,20.441851881141957
2004-02-14,21.709663991095397
2004-02-15,23.983912778282203
2004-02-16,23.151713422277027
2004-02-17,21.019775562672034
2004-02-18,18.376963879668697
2004-02-19,16.230830759619632
2004-02-20,14.544249399637572
2004-02-21,13.240402879453654
2004-02-22,12.220146694254074
2004-02-23,11.413815562366707
2004-02-24,10.77007686412563
2004-02-25,10.250790286637768
2004-02-26,9.827397406087954
2004-02-27,9.478359709263442
2004-02-28,9.18732318380232
2004-02-29,8.941791690181583
2004-03-01,8.732160084301157
2004-03-02,8.551004031697271
2004-03-03,8.392554541782664
2004-03-04,8.272217843861657
2004-03-05,8.173986795143188
2004-03-06,8.215509644735807
2004-03-07,8.651083494618039
2004-03-08,9.078357445613793
2004-03-09,10.543621182533682
2004-03-10,16.873355438469737
2004-03-11,19.228156669836014
2004-03-12,17.86772672651111
2004-03-13,18.171736410809416
2004-03-14,18.089177890645207
2004-03-15,16.367504087232497
2004-03-16,19.47417157186369
2004-03-17,25.22683143218489
2004-03-18,24.234614457063433
2004-03-19,24.35270724841369
2004-03-20,25.77312379946888
2004-03-21,23.141094569527926
2004-03-22,23.3544833768058
2004-03-23,23.743877374508774
2004-03-24,20.29209130694635
2004-03-25,17.54318693828447
2004-03-26,15.982788150408645
2004-03-27,15.125313184097463
2004-03-28,13.662537435452945
2004-03-29,12.488122808315003
2004-03-30,11.528916094665432
2004-03-31,10.762144806380753
2004-04-01,15.619761271644974
2004-04-02,28.299614619471452
2004-04-03,30.08182000642363
2004-04-04,26.227276220851426
2004-04-05,24.122592452612974
2004-04-06,21.53375247194519
2004-04-07,21.46804526470143
2004-04-08,20.8131416159014
2004-04-09,22.70152591803784
2004-04-10,25.325203277598963
2004-04-11,23.144908990430437
2004-04-12,23.2219109813955
2004-04-13,21.888443156923
2004-04-14,19.48415294708264
2004-04-15,18.112590794885744
2004-04-16,16.57203813373306
2004-04-17,19.182764859867124
2004-04-18,25.74368950831611
2004-04-19,23.416132989658777
2004-04-20,21.579338640579312
2004-04-21,21.62594783518362
2004-04-22,21.380909472511004
2004-04-23,22.299374182211192
2004-04-24,19.26693973173583
2004-04-25,16.863073781643852
2004-04-26,15.055077428921864
2004-04-27,13.652847139220682
2004-04-28,12.526814388430097
2004-04-29,11.644032330196753
2004-04-30,10.939493259769
2004-05-01,10.369087298948704
2004-05-02,9.905897046794705
2004-05-03,9.525777579078817
2004-05-04,9.210478026970344
2004-05-05,8.945858882278314
2004-05-06,8.721183652878247
2004-05-07,8.528184278964039
2004-05-08,8.360406724373322
2004-05-09,8.212814568676219
2004-05-10,8.081459278129293
2004-05-11,8.217174770613347
2004-05-12,8.7591413225485
2004-05-13,8.722233168966111
2004-05-14,8.469401624570763
2004-05-15,8.245529210476024
2004-05-16,8.054080211644983
2004-05-17,7.888423734858357
2004-05-18,7.761464193771648
2004-05-19,7.772192797503741
2004-05-20,7.843176888728493
2004-05-21,7.748832055255035
2004-05-22,7.593324073150825
2004-05-23,7.456859332137185
2004-05-24,7.613431967404204
2004-05-25,7.929742736876064
2004-05-26,7.740831946639297
2004-05-27,8.727682381880372
2004-05-28,10.604032573969437
2004-05-29,9.845162727557852
2004-05-30,9.212802138183887
2004-05-31,8.70481256920152
2004-06-01,8.56212970895387
2004-06-02,8.588556554332547
2004-06-03,8.215244934497683
2004-06-04,7.879971853378579
2004-06-05,7.6025670225467445
2004-06-06,7.370599259895947
2004-06-07,7.174493558562507
2004-06-08,7.006835592358794
2004-06-09,6.861855218799189
2004-06-10,6.955681444509433
2004-06-11,7.97301552568786
2004-06-12,8.957419191698628
2004-06-13,9.086263818606398
2004-06-14,9.91516107571117
2004-06-15,11.818031269570023
2004-06-16,14.017278438371493
2004-06-17,13.714278913064833
2004-06-18,13.465137799177512
2004-06-19,12.423591885025433
2004-06-20,11.270293785141162
2004-06-21,10.22321055015932
2004-06-22,9.392940203718714
2004-06-23,10.830023098193431
2004-06-24,13.662070922634468
2004-06-25,12.127947255520047
2004-06-26,10.875404051297766
2004-06-27,9.981683677636449
2004-06-28,9.357537723308775
2004-06-29,8.70906569609026
2004-06-30,8.21999103327967
2004-07-01,7.842064965163748
2004-07-02,7.478332594324694
2004-07-03,7.188385281238375
2004-07-04,6.987906929273837
2004-07-05,6.788350170110775
2004-07-06,6.596954775594582
2004-07-07,6.479940115490336
2004-07-08,6.421847098497573
2004-07-09,6.304332588425095
2004-07-10,6.1742044131821565
2004-07-11,6.06037900485483
2004-07-12,5.959692051849807
2004-07-13,6.908759778320614
2004-07-14,9.181456618618602
2004-07-15,8.905845605068707
2004-07-16,8.232992651896346
2004-07-17,7.689792939912324
2004-07-18,7.2530042296422925
2004-07-19,6.898607895429003
2004-07-20,6.608369883091259
2004-07-21,6.368362630263653
2004-07-22,6.167886480529372
2004-07-23,6.047544988679838
2004-07-24,6.158233931859496
2004-07-25,6.721882571756969
2004-07-26,7.170605226324866
2004-07-27,6.808888532203049
2004-07-28,6.5076520062958485
2004-07-29,7.576638859590415
2004-07-30,9.314817622050901
2004-07-31,8.479556021112371
2004-08-01,7.810067984224207
2004-08-02,7.276598957821793
2004-08-03,6.847993918284697
2004-08-04,6.500620366651204
2004-08-05,6.216526878663436
2004-08-06,5.98199422340369
2004-08-07,5.786477327947002
2004-08-08,5.624332903227821
2004-08-09,5.487611221615914
2004-08-10,5.366342541698185
2004-08-11,5.260639995728118
2004-08-12,5.167784830024176
2004-08-13,5.085327079522801
2004-08-14,5.011322038444342
2004-08-15,4.944220183651082
2004-08-16,4.882782373568749
2004-08-17,4.938525243630072
2004-08-18,5.284245557522127
2004-08-19,5.430807663367399
2004-08-20,5.262865252063066
2004-08-21,5.121562792684366
2004-08-22,5.000861990694637
2004-08-23,4.89664275178975
2004-08-24,4.805668773601398
2004-08-25,4.725387054729129
2004-08-26,4.65377539738718
2004-08-27,4.589225806653594
2004-08-28,4.530454892038679
2004-08-29,4.476434691439953
2004-08-30,4.750701398570633
2004-08-31,5.506215818790891
2004-09-01,5.414979156966339
2004-09-02,5.176693370480655
2004-09-03,4.987892172328958
2004-09-04,4.830104609211115
2004-09-05,4.696925496373683
2004-09-06,5.405160057668659
2004-09-07,6.542682360981694
2004-09-08,6.009901149664535
2004-09-09,5.816201530933405
2004-09-10,5.704387707006237
2004-09-11,5.397858596511722
2004-09-12,5.138631758103005
2004-09-13,4.925513561301609
2004-09-14,4.74871849311047
2004-09-15,4.600675156412321
2004-09-16,4.475495771058999
2004-09-17,4.368579939180613
2004-09-18,4.276316875950006
2004-09-19,4.195860334095587
2004-09-20,4.152221744437795
2004-09-21,4.141352854676366
2004-09-22,4.3599930071309325
2004-09-23,4.866251708233315
2004-09-24,5.477486428238372
2004-09-25,8.999762686272193
2004-09-26,12.14520071329035
2004-09-27,10.435212777606809
2004-09-28,9.0628066835792
2004-09-29,7.995037332374725
2004-09-30,7.1607069648711645
2004-10-01,6.503795125585223
2004-10-02,6.001939033252704
2004-10-03,5.623399959992734
2004-10-04,6.960431395191253
2004-10-05,9.776823001259997
2004-10-06,9.354587271016685
2004-10-07,8.495789530210278
2004-10-08,7.561303597945234
2004-10-09,6.823351071217384
2004-10-10,6.522515635496656
2004-10-11,6.8974910430142335
2004-10-12,6.753535486517193
2004-10-13,6.247630440365909
2004-10-14,5.914523217927408
2004-10-15,5.57684624782043
2004-10-16,5.409591258160774
2004-10-17,5.816199167975859
2004-10-18,6.847338236047489
2004-10-19,6.711249302257201
2004-10-20,6.318617989995494
2004-10-21,6.822498731695173
2004-10-22,8.619538916104025
2004-10-23,8.915360399154784
2004-10-24,8.299197938984081
2004-10-25,9.22429281337959
2004-10-26,11.222623432536869
2004-10-27,11.935109596942278
2004-10-28,15.067126493999014
2004-10-29,18.634165731773706
2004-10-30,17.630894793445336
2004-10-31,26.923030261645838
2004-11-01,40.9977476954655
2004-11-02,48.45048764441977
2004-11-03,51.45285542081958
2004-11-04,39.01102501891832
2004-11-05,30.81189627260491
2004-11-06,24.71092516657572
2004-11-07,20.916666826802125
2004-11-08,20.951268955821195
2004-11-09,20.92680783939166
2004-11-10,17.58753135597563
2004-11-11,14.952871044931383
2004-11-12,13.293729683130897
2004-11-13,15.075427526909108
2004-11-14,20.245802257970723
2004-11-15,22.680288300702617
2004-11-16,25.75563992257898
2004-11-17,30.333128310407044
2004-11-18,24.67644080003927
2004-11-19,20.307398815324703
2004-11-20,17.323994534065
2004-11-21,17.592969923520837
2004-11-22,21.723153919871777
2004-11-23,25.94448661424164
2004-11-24,29.03041268836013
2004-11-25,28.738939951701017
2004-11-26,23.52989828582109
2004-11-27,19.55776300752204
2004-11-28,16.571896772395828
2004-11-29,14.305806088171456
2004-11-30,14.634668580342792
2004-12-01,16.15273380751693
2004-12-02,15.55618655536522
2004-12-03,14.011319913381266
2004-12-04,13.670923183124534
2004-12-05,12.848942482936359
2004-12-06,13.639428736288735
2004-12-07,21.28367452898238
2004-12-08,31.268239876446355
2004-12-09,32.059360623227484
2004-12-10,26.633321800295736
2004-12-11,22.87451807148283
2004-12-12,20.02635440265021
2004-12-13,22.329998279239177
2004-12-14,25.161229906400504
2004-12-15,23.740613480455696
2004-12-16,26.998373096179602
2004-12-17,27.11735734921696
2004-12-18,28.108506823715107
2004-12-19,30.7829409926953
2004-12-20,27.052622395799784
2004-12-21,27.954243043889488
2004-12-22,32.95158947983655
2004-12-23,36.11872150957837
2004-12-24,33.39981373913876
2004-12-25,33.71094685876873
2004-12-26,33.156793731642374
2004-12-27,38.13711188222437
2004-12-28,34.06896970509082
2004-12-29,29.139158558805985
2004-12-30,24.21078864028709
2004-12-31,20.503573938455478
2005-01-01,17.705588516913355
2005-01-02,15.573032977112794
2005-01-03,13.93208094454989
2005-01-04,12.65748996104581
2005-01-05,12.749280367601608
2005-01-06,17.206017112661062
2005-01-07,19.25918849033268
2005-01-08,17.058137849925078
2005-01-09,15.33225280165158
2005-01-10,13.732008103684535
2005-01-11,12.483789660253834
2005-01-12,11.50458300884395
2005-01-13,10.729125401693773
2005-01-14,10.109078592052535
2005-01-15,9.60836190081668
2005-01-16,9.199848629304178
2005-01-17,8.863005463547816
2005-01-18,8.582190806780245
2005-01-19,8.367424141777516
2005-01-20,8.189762275794568
2005-01-21,8.006765609872923
2005-01-22,7.847667883380152
2005-01-23,7.7076995935114985
2005-01-24,7.583121569749857
2005-01-25,10.968470446837904
2005-01-26,16.794050661033953
2005-01-27,25.942569928340593
2005-01-28,33.747863779847115
2005-01-29,32.95178545153964
2005-01-30,35.50745362280441
2005-01-31,31.67808843376506
2005-02-01,28.14354766468338
2005-02-02,30.460821758040833
2005-02-03,46.2814566533006
2005-02-04,70.23948767929842
2005-02-05,72.67805459650208
2005-02-06,76.4380458570893
2005-02-07,51.67963770984937
2005-02-08,45.82148580199871
2005-02-09,59.64229406219258
2005-02-10,62.81567112770049
2005-02-11,45.42924028249126
2005-02-12,37.05189439297458
2005-02-13,30.59682896074548
2005-02-14,25.638138938923323
2005-02-15,21.91945492169816
2005-02-16,21.86572566143229
2005-02-17,24.911837394327875
2005-02-18,27.304340863993286
2005-02-19,30.13757079328195
2005-02-20,25.46512100742406
2005-02-21,21.815991863168964
2005-02-22,19.05572523761846
2005-02-23,16.946828546155835
2005-02-24,15.319711461676894
2005-02-25,14.05201681265307
2005-02-26,13.05461978377366
2005-02-27,12.262025164412007
2005-02-28,11.625704683921185
2005-03-01,11.109424484880146
2005-03-02,10.685935433605861
2005-03-03,10.334606835983147
2005-03-04,10.039719838642641
2005-03-05,9.824482949710097
2005-03-06,9.684353914512895
2005-03-07,9.481183795300998
2005-03-08,9.958794562024023
2005-03-09,12.11033022440825
2005-03-10,13.857840574591739
2005-03-11,13.694078483637634
2005-03-12,13.648085987481657
2005-03-13,14.153516540528068
2005-03-14,16.436728157360164
2005-03-15,20.589499069875178
2005-03-16,21.173159404125887
2005-03-17,20.983422561631283
2005-03-18,23.099310303539923
2005-03-19,24.899177728057122
2005-03-20,28.26012529342297
2005-03-21,24.704804728522266
2005-03-22,21.082079857255618
2005-03-23,20.192797359922398
2005-03-24,20.7746450259951
2005-03-25,18.648260702698543
2005-03-26,18.388545850629285
2005-03-27,18.213810600979425
2005-03-28,16.199567073682882
2005-03-29,14.58214886925385
2005-03-30,13.322728633250549
2005-03-31,12.32968889930632
2005-04-01,11.542115868362908
2005-04-02,10.911276939287873
2005-04-03,10.400786801169824
2005-04-04,9.983290574686274
2005-04-05,9.63808318673042
2005-04-06,9.349393127091377
2005-04-07,9.105134970369104
2005-04-08,8.981200526906248
2005-04-09,8.895661729931112
2005-04-10,8.710849784180187
2005-04-11,8.542845813901858
2005-04-12,8.394663325968205
2005-04-13,8.29931197980647
2005-04-14,8.207074428281954
2005-04-15,8.08850339667852
2005-04-16,7.979446830143048
2005-04-17,7.879125549164023
2005-04-18,7.785979274068534
2005-04-19,7.6987603602208665
2005-04-20,7.616467569204429
2005-04-21,7.538294615081863
2005-04-22,7.463590020156595
2005-04-23,7.3918256676569145
2005-04-24,7.333162505278481
2005-04-25,7.333973036655743
2005-04-26,7.333730638649921
2005-04-27,7.69556699608341
2005-04-28,8.89588832701775
2005-04-29,10.423509463785125
2005-04-30,11.090818750245363
2005-05-01,10.252005876573635
2005-05-02,9.566340850725542
2005-05-03,9.016948023619404
2005-05-04,8.814766784998067
2005-05-05,8.917414802011322
2005-05-06,9.516066258848966
2005-05-07,10.978921543084397
2005-05-08,10.18018772444155
2005-05-09,9.624703324411337
2005-05-10,9.035554462226989
2005-05-11,8.547264067202079
2005-05-12,8.150592197202725
2005-05-13,7.8251374730649355
2005-05-14,7.789147148288111
2005-05-15,7.941761230103165
2005-05-16,7.661730108492005
2005-05-17,8.372896517964385
2005-05-18,9.906579318960889
2005-05-19,9.196270124498536
2005-05-20,8.616356721918798
2005-05-21,8.150402226043672
2005-05-22,7.768528697385961
2005-05-23,7.455213312088752
2005-05-24,7.195567596815191
2005-05-25,6.978124151556002
2005-05-26,6.794035985445704
2005-05-27,6.636442009058013
2005-05-28,6.499994894338744
2005-05-29,6.380507514047658
2005-05-30,6.274686581739469
2005-05-31,6.291843259385101
2005-06-01,6.361896367716475
2005-06-02,6.251575967682982
2005-06-03,6.1405505074209055
2005-06-04,6.051529727234956
2005-06-05,5.970322415633202
2005-06-06,5.887438301526127
2005-06-07,5.811374683740311
2005-06-08,5.746078925794183
2005-06-09,5.683303539111754
2005-06-10,5.621057399239155
2005-06-11,5.5624153581424345
2005-06-12,5.506792361858085
2005-06-13,5.453713837498621
2005-06-14,5.402793650424877
2005-06-15,5.353716682661194
2005-06-16,5.306225015625738
2005-06-17,5.260106934811665
2005-06-18,5.21518815200469
2005-06-19,5.171324776229466
2005-06-20,5.128397668402019
2005-06-21,5.086307894424971
2005-06-22,5.044973053002432
2005-06-23,5.004395259215204
2005-06-24,4.964467160433388
2005-06-25,4.925004454965261
2005-06-26,4.886084152900348
2005-06-27,4.86723128009786
2005-06-28,4.861878569515256
2005-06-29,4.820671177089639
2005-06-30,4.777039630976614
2005-07-01,4.734911531944434
2005-07-02,4.694079321947226
2005-07-03,4.654372625724161
2005-07-04,4.615651172293885
2005-07-05,4.5777991315265805
2005-07-06,4.540720568964809
2005-07-07,4.504335787339156
2005-07-08,4.4816840344761
2005-07-09,4.463596862918454
2005-07-10,4.426166876238081
2005-07-11,4.388424165038491
2005-07-12,4.351719736477304
2005-07-13,4.3159244333685525
2005-07-14,4.280931536490842
2005-07-15,4.246652526469847
2005-07-16,4.213013692990168
2005-07-17,4.1799537689755875
2005-07-18,4.149392816999635
2005-07-19,4.119652087958264
2005-07-20,4.30973597921023
2005-07-21,4.664265842538181
2005-07-22,5.682923303640112
2005-07-23,7.095026676901971
2005-07-24,6.572995323872888
2005-07-25,6.546567580991701
2005-07-26,6.690147103827882
2005-07-27,6.409027131342518
2005-07-28,6.1564377030896615
2005-07-29,5.7389231834296845
2005-07-30,5.390883701876205
2005-07-31,5.10860039914421
2005-08-01,4.877709733439774
2005-08-02,4.717054701474748
2005-08-03,4.580768746532125
2005-08-04,4.439597309552473
2005-08-05,4.318634148710173
2005-08-06,4.215342512979792
2005-08-07,4.126228278223759
2005-08-08,4.048537160651706
2005-08-09,3.980089169160186
2005-08-10,3.9191521241364407
2005-08-11,3.864344540078713
2005-08-12,3.8145606996200656
2005-08-13,3.768912585687657
2005-08-14,3.72818524371324
2005-08-15,3.8083193377323656
2005-08-16,5.15926992084137
2005-08-17,6.628149434558421
2005-08-18,6.519526580607951
2005-08-19,7.638891271369471
2005-08-20,8.618614389388735
2005-08-21,7.8028744083057715
2005-08-22,7.21039368900387
2005-08-23,6.549803614610862
2005-08-24,5.967243580826196
2005-08-25,5.5030308540098405
2005-08-26,5.131285173089141
2005-08-27,4.831243771420394
2005-08-28,4.5871139859766155
2005-08-29,4.386810651471735
2005-08-30,4.221032915544527
2005-08-31,4.082584218288182
2005-09-01,3.965867884603681
2005-09-02,3.866510509462872
2005-09-03,3.7810790060609207
2005-09-04,3.716173928145391
2005-09-05,3.7793890843078146
2005-09-06,4.253162506956412
2005-09-07,4.666888649487226
2005-09-08,5.663243469803933
2005-09-09,7.370631304048118
2005-09-10,7.099869970338172
2005-09-11,7.080781430307408
2005-09-12,6.995482848779285
2005-09-13,8.729602735936687
2005-09-14,13.051464364930533
2005-09-15,14.175043227717856
2005-09-16,12.91620094239552
2005-09-17,10.911599236981175
2005-09-18,9.365293703429405
2005-09-19,8.26560896271389
2005-09-20,7.470040752627401
2005-09-21,7.1988109608622075
2005-09-22,8.407544556714035
2005-09-23,8.962403724587077
2005-09-24,7.928127495190869
2005-09-25,7.061358584009043
2005-09-26,6.992125085619406
2005-09-27,7.516646471958964
2005-09-28,6.7452903099632495
2005-09-29,6.320999298189329
2005-09-30,5.992454299983741
2005-10-01,5.560232535099882
2005-10-02,5.600759735570466
2005-10-03,8.871719793882184
2005-10-04,12.482519323204679
2005-10-05,11.08598479440152
2005-10-06,10.22697666387518
2005-10-07,8.88689672925218
2005-10-08,7.8291433762307925
2005-10-09,9.633546391513804
2005-10-10,13.12022752098919
2005-10-11,11.735377264185631
2005-10-12,10.35278133777312
2005-10-13,9.007579859960355
2005-10-14,7.950895851388353
2005-10-15,7.125394031297944
2005-10-16,6.475454379345556
2005-10-17,6.766973063571258
2005-10-18,8.669639824928108
2005-10-19,9.063169357374816
2005-10-20,7.99113954295122
2005-10-21,7.1590987166434985
2005-10-22,6.503988519845546
2005-10-23,5.98416517875069
2005-10-24,5.568446400957497
2005-10-25,5.2333182417793624
2005-10-26,4.960931888008678
2005-10-27,4.737654563071938
2005-10-28,4.55301279173657
2005-10-29,4.398915929816821
2005-10-30,5.570789158114199
2005-10-31,8.247620943491585
2005-11-01,9.453929475252997
2005-11-02,12.746641703946876
2005-11-03,18.46432346228745
2005-11-04,26.944819092942804
2005-11-05,33.71462406938277
2005-11-06,31.249407635960694
2005-11-07,24.89663021454322
2005-11-08,20.131341820890746
2005-11-09,16.729401055745736
2005-11-10,14.369347987226346
2005-11-11,12.237431976121123
2005-11-12,10.590790713051058
2005-11-13,9.319661938066716
2005-11-14,8.330336037624866
2005-11-15,7.554090492022259
2005-11-16,6.9401017441900805
2005-11-17,6.544796618365118
2005-11-18,6.359891632416211
2005-11-19,5.989199243031396
2005-11-20,5.679973230709904
2005-11-21,5.426721384070397
2005-11-22,6.12090754153056
2005-11-23,8.36689810991319
2005-11-24,10.009837434169349
2005-11-25,12.081621480900923
2005-11-26,13.200983967453665
2005-11-27,12.729397969825113
2005-11-28,11.015140349919056
2005-11-29,9.636929440549912
2005-11-30,8.567427925261782
2005-12-01,7.730726866047419
2005-12-02,7.134142912692055
2005-12-03,8.220935416681687
2005-12-04,10.155927439062188
2005-12-05,9.435602851202354
2005-12-06,9.953584509612842
2005-12-07,17.32712328108152
2005-12-08,25.709545367127973
2005-12-09,23.749704337688584
2005-12-10,26.661656443149834
2005-12-11,35.97410705748277
2005-12-12,37.12620412080272
2005-12-13,30.697799841830392
2005-12-14,27.32164239541405
2005-12-15,22.883541334779178
2005-12-16,19.407126468966
2005-12-17,18.966445244116105
2005-12-18,20.368192652980003
2005-12-19,19.6194578965782
2005-12-20,16.489137525955197
2005-12-21,14.079892225282045
2005-12-22,12.239750091754699
2005-12-23,10.821819266454105
2005-12-24,9.719756247671873
2005-12-25,8.855850351350755
2005-12-26,8.172820091978364
2005-12-27,7.628100738176769
2005-12-28,7.189824446906413
2005-12-29,6.8339635951722855
2005-12-30,6.542282051555766
2005-12-31,10.487426560924378
2006-01-01,17.443810554967015
2006-01-02,15.210907693188638
2006-01-03,15.794657817101728
2006-01-04,18.779265809435106
2006-01-05,15.711188313672997
2006-01-06,13.708992513059465
2006-01-07,19.733037986497088
2006-01-08,31.219883029477092
2006-01-09,30.04139085631451
2006-01-10,24.27713030789694
2006-01-11,20.017911224700658
2006-01-12,16.826960567370985
2006-01-13,14.412921308554163
2006-01-14,12.569547251364405
2006-01-15,11.149204772102214
2006-01-16,10.045126408730926
2006-01-17,9.179363696645042
2006-01-18,8.49450629474576
2006-01-19,7.947923937528582
2006-01-20,7.507719567856988
2006-01-21,7.149856683522761
2006-01-22,6.8561011841080015
2006-01-23,6.612533926412627
2006-01-24,26.326905695208353
2006-01-25,86.04889550085254
2006-01-26,81.32810943267658
2006-01-27,56.22663053233182
2006-01-28,40.450175705654196
2006-01-29,33.91324398539402
2006-01-30,32.04028371243525
2006-01-31,28.377136942538005
2006-02-01,25.12347601670484
2006-02-02,28.18775629615178
2006-02-03,31.08668809285444
2006-02-04,26.388790260770815
2006-02-05,23.883776031984187
2006-02-06,35.19020378823238
2006-02-07,55.29419966866339
2006-02-08,48.030891104720034
2006-02-09,38.898837096962765
2006-02-10,38.3242826879553
2006-02-11,48.90782866861392
2006-02-12,58.789198141783515
2006-02-13,49.75677637374647
2006-02-14,39.01023875175843
2006-02-15,31.658519713647824
2006-02-16,26.19405511605855
2006-02-17,22.1181361287336
2006-02-18,19.048547904869867
2006-02-19,16.713830707584666
2006-02-20,14.920875288068467
2006-02-21,15.201807047993235
2006-02-22,16.8220361007662
2006-02-23,15.817697407664916
2006-02-24,19.100286643735718
2006-02-25,26.695446702197373
2006-02-26,27.748615463002093
2006-02-27,23.795850106760522
2006-02-28,20.320015700853997
2006-03-01,17.688779040323954
2006-03-02,15.677520823143986
2006-03-03,14.318460393657887
2006-03-04,13.70626365549663
2006-03-05,12.914714603960961
2006-03-06,11.967812833191262
2006-03-07,11.206105725389143
2006-03-08,12.961226529419003
2006-03-09,18.560435165273017
2006-03-10,27.821031795652697
2006-03-11,39.111911182210434
2006-03-12,37.1328782477668
2006-03-13,33.3690967693733
2006-03-14,27.802333061340168
2006-03-15,26.33395610243276
2006-03-16,26.371758235493207
2006-03-17,22.40650501058975
2006-03-18,19.323098596146107
2006-03-19,16.978741819900105
2006-03-20,15.178826334626095
2006-03-21,13.783575733878598
2006-03-22,12.691597659013523
2006-03-23,13.447432229323555
2006-03-24,15.505055686528143
2006-03-25,14.084437372345148
2006-03-26,12.89916852989929
2006-03-27,12.290900121013543
2006-03-28,11.927574573458626
2006-03-29,11.213587820351606
2006-03-30,10.612767053994826
2006-03-31,10.12557091644126
2006-04-01,9.726292185205518
2006-04-02,9.39544489584328
2006-04-03,9.118165998699798
2006-04-04,9.237401435098496
2006-04-05,9.812808383738439
2006-04-06,9.52842673725418
2006-04-07,9.25209956408568
2006-04-08,13.538340616637528
2006-04-09,22.316666230823895
2006-04-10,22.05240652648594
2006-04-11,19.137270179268942
2006-04-12,16.670838114886813
2006-04-13,15.75089144800124
2006-04-14,16.493849149590307
2006-04-15,16.433459819731592
2006-04-16,16.374405033972725
2006-04-17,16.63553584823455
2006-04-18,15.482759857311338
2006-04-19,13.918814343982753
2006-04-20,13.137529755526309
2006-04-21,14.353896252931085
2006-04-22,16.21670475995525
2006-04-23,14.880784809807112
2006-04-24,13.593168374412983
2006-04-25,12.502881811400862
2006-04-26,11.677565967569286
2006-04-27,10.860224295243803
2006-04-28,10.200616703999028
2006-04-29,9.6697419810257
2006-04-30,9.238122857235398
2006-05-01,9.36615054292666
2006-05-02,9.837858161151974
2006-05-03,9.692209250195818
2006-05-04,10.014622606420149
2006-05-05,9.91120494320572
2006-05-06,10.035404966489667
2006-05-07,12.821913862565372
2006-05-08,17.41327733740135
2006-05-09,15.304745124637968
2006-05-10,14.25674623150219
2006-05-11,14.287449390061028
2006-05-12,13.589935087796468
2006-05-13,12.276632767653034
2006-05-14,11.225021853297934
2006-05-15,10.395766243389689
2006-05-16,9.735745232762373
2006-05-17,9.205396989586754
2006-05-18,8.775040453081921
2006-05-19,8.422253853181305
2006-05-20,8.143281431982713
2006-05-21,8.009543274206687
2006-05-22,7.977230703107229
2006-05-23,12.066675758105468
2006-05-24,18.920539730027198
2006-05-25,16.398307734253866
2006-05-26,14.337389223322285
2006-05-27,12.75136925507804
2006-05-28,11.519800512285704
2006-05-29,10.55488414133287
2006-05-30,9.792056813705718
2006-05-31,9.183452705532632
2006-06-01,8.693313954503228
2006-06-02,8.29473693237412
2006-06-03,7.967344156646445
2006-06-04,7.695604057233147
2006-06-05,7.606125563193635
2006-06-06,7.648821163536634
2006-06-07,7.842690954177445
2006-06-08,8.495617155395932
2006-06-09,8.761257480477143
2006-06-10,8.730253031416561
2006-06-11,8.887480814143894
2006-06-12,8.6472212576056
2006-06-13,8.332574671775296
2006-06-14,8.389898946278292
2006-06-15,8.604573980589223
2006-06-16,8.153176196523484
2006-06-17,7.760739352585233
2006-06-18,7.43923720513796
2006-06-19,7.173169197278535
2006-06-20,6.950654084231631
2006-06-21,6.762533909969409
2006-06-22,6.601712512937159
2006-06-23,6.4626638491932615
2006-06-24,6.341479416825333
2006-06-25,6.233931445594464
2006-06-26,6.137681402399077
2006-06-27,6.050687597105061
2006-06-28,5.971255859955678
2006-06-29,6.600164298841558
2006-06-30,9.02208530316002
2006-07-01,10.181884680749901
2006-07-02,9.427982673918029
2006-07-03,9.01992925232296
2006-07-04,9.56693903557609
2006-07-05,10.800848755655101
2006-07-06,9.822692978118079
2006-07-07,9.051414758812028
2006-07-08,9.482772640595957
2006-07-09,10.202275961321384
2006-07-10,9.255231783159049
2006-07-11,8.50480946012321
2006-07-12,7.9084375225793595
2006-07-13,7.43035391796775
2006-07-14,7.0453864815080935
2006-07-15,6.73042910729897
2006-07-16,6.960427050053533
2006-07-17,7.462156605959101
2006-07-18,7.074420214303298
2006-07-19,6.731519670149346
2006-07-20,6.450522156800811
2006-07-21,6.217969651677566
2006-07-22,6.0235301349675785
2006-07-23,6.145575255589574
2006-07-24,6.533078920395794
2006-07-25,6.32309516460406
2006-07-26,6.179809147038589
2006-07-27,6.007900079249745
2006-07-28,5.821490970551673
2006-07-29,5.759293579080286
2006-07-30,6.56486085916433
2006-07-31,7.619254064199029
2006-08-01,7.1095651322794815
2006-08-02,6.684534022284051
2006-08-03,6.340161039620906
2006-08-04,6.058603223476674
2006-08-05,5.826228836657356
2006-08-06,5.632563346087331
2006-08-07,5.469514369166692
2006-08-08,5.330797744804838
2006-08-09,5.257004634260235
2006-08-10,5.6356202950708365
2006-08-11,6.101476317078226
2006-08-12,5.767987650376661
2006-08-13,5.5485263407273635
2006-08-14,5.365398091375005
2006-08-15,5.211044025332097
2006-08-16,5.0796845142093465
2006-08-17,4.9666914866792515
2006-08-18,4.868436005236631
2006-08-19,4.782059973658968
2006-08-20,4.70530292800448
2006-08-21,4.6363699075530205
2006-08-22,4.573830143664502
2006-08-23,4.5165389981859025
2006-08-24,4.464023706550874
2006-08-25,4.415160479506256
2006-08-26,4.368631255954024
2006-08-27,4.3246311989896205
2006-08-28,4.282765469956261
2006-08-29,4.242708363279477
2006-08-30,4.2041935658625915
2006-08-31,4.167002712176536
2006-09-01,4.130956254021597
2006-09-02,4.095906154030454
2006-09-03,4.061730021062434
2006-09-04,4.028326389365924
2006-09-05,3.995610907913322
2006-09-06,3.963513256237499
2006-09-07,3.931974641870561
2006-09-08,3.996945959757225
2006-09-09,5.13413507014456
2006-09-10,7.517303695189628
2006-09-11,8.662843783996953
2006-09-12,7.6091869778332795
2006-09-13,7.054952572071339
2006-09-14,6.880446345086391
2006-09-15,6.262622699875888
2006-09-16,5.786604774934964
2006-09-17,5.404819777890452
2006-09-18,5.232591848840284
2006-09-19,5.2179974264479645
2006-09-20,4.954026522750405
2006-09-21,4.724319907028645
2006-09-22,4.549603488623531
2006-09-23,4.420500848433818
2006-09-24,4.592495633120858
2006-09-25,5.038913669628668
2006-09-26,4.774591083433839
2006-09-27,4.674775660735964
2006-09-28,6.102837476790565
2006-09-29,8.007266305996398
2006-09-30,7.322303425658771
2006-10-01,6.585873378755806
2006-10-02,6.006415664170361
2006-10-03,6.514952176986324
2006-10-04,7.846931155716349
2006-10-05,8.176716352859257
2006-10-06,11.342877138899041
2006-10-07,14.570490943361484
2006-10-08,13.021869420238412
2006-10-09,11.291060761194252
2006-10-10,9.718954587213162
2006-10-11,8.497084513482205
2006-10-12,7.546426915187896
2006-10-13,6.868007481495777
2006-10-14,6.469088784976564
2006-10-15,6.056271266751435
2006-10-16,6.955202672782916
2006-10-17,8.790127193785134
2006-10-18,8.503589395513728
2006-10-19,7.558247749912681
2006-10-20,6.836137004018902
2006-10-21,6.319693972760111
2006-10-22,6.1892591083839195
2006-10-23,6.597301871044851
2006-10-24,6.3209806099954085
2006-10-25,6.4068004201739805
2006-10-26,6.858493794225828
2006-10-27,6.498211519556804
2006-10-28,6.18486910522324
2006-10-29,6.33476829383681
2006-10-30,6.260012460192271
2006-10-31,5.7753075607451825
2006-11-01,5.383398050492676
2006-11-02,5.067118698571375
2006-11-03,4.809754092276558
2006-11-04,4.598529133720189
2006-11-05,4.423623401384358
2006-11-06,4.296880334954201
2006-11-07,4.232798530379193
2006-11-08,4.117528107870179
2006-11-09,4.015457888457892
2006-11-10,3.9300609606459136
2006-11-11,3.8548945905594327
2006-11-12,4.215480847823653
2006-11-13,5.100527968123049
2006-11-14,5.1847043649306785
2006-11-15,4.915427654634601
2006-11-16,4.704663567521278
2006-11-17,4.71089109577171
2006-11-18,4.832468544498789
2006-11-19,5.9829557553468495
2006-11-20,10.120746540453124
2006-11-21,13.824626518718672
2006-11-22,11.789860094719716
2006-11-23,10.847396280021037
2006-11-24,10.007382119687763
2006-11-25,8.681066018653068
2006-11-26,7.643435401466846
2006-11-27,7.545149918701857
2006-11-28,8.85510093725324
2006-11-29,11.419750856540757
2006-11-30,14.797426156656671
2006-12-01,14.13511179909978
2006-12-02,11.912159657854358
2006-12-03,11.712955191551833
2006-12-04,14.436860018220964
2006-12-05,15.194309600988683
2006-12-06,13.21259612001971
2006-12-07,15.753074470221529
2006-12-08,22.06483453321387
2006-12-09,24.74847968987295
2006-12-10,26.446036618149453
2006-12-11,24.794948634575203
2006-12-12,25.884439654550196
2006-12-13,22.765774008533878
2006-12-14,20.807705138851908
2006-12-15,20.388189168474113
2006-12-16,18.002632221295713
2006-12-17,19.932931699967178
2006-12-18,22.49050724024873
2006-12-19,20.165017950907068
2006-12-20,16.78646057117165
2006-12-21,30.58038708843269
2006-12-22,55.37089754288986
2006-12-23,49.72003461408419
2006-12-24,48.38568165025399
2006-12-25,38.8421770122603
2006-12-26,36.61817159056898
2006-12-27,31.73201837744187
2006-12-28,28.267549848907564
2006-12-29,26.83359350965111
2006-12-30,26.926130864605224
2006-12-31,30.08502556101371
2007-01-01,24.62547286954073
2007-01-02,23.52403572844058
2007-01-03,23.21573955887474
2007-01-04,19.500278557587517
2007-01-05,16.92866760311468
2007-01-06,17.511418814115917
2007-01-07,27.144844189469126
2007-01-08,39.32133930168958
2007-01-09,37.403256030139275
2007-01-10,34.72858193138118
2007-01-11,28.391925927673768
2007-01-12,23.373141729834177
2007-01-13,30.400459139866385
2007-01-14,61.33045972264759
2007-01-15,66.64314206109655
2007-01-16,51.27301268045246
2007-01-17,40.527976092171556
2007-01-18,34.877368700463
2007-01-19,31.321826418372577
2007-01-20,25.861827246073478
2007-01-21,21.732634124009053
2007-01-22,18.63221501500821
2007-01-23,16.278076525878678
2007-01-24,14.473180056928365
2007-01-25,29.442495941723962
2007-01-26,62.54855449043657
2007-01-27,50.63798400096449
2007-01-28,38.7675102290715
2007-01-29,31.4620815704061
2007-01-30,26.071660195609372
2007-01-31,22.0506576185912
2007-02-01,21.478116568069527
2007-02-02,22.842990395217413
2007-02-03,22.711856762838
2007-02-04,28.023422690781043
2007-02-05,29.038930491897602
2007-02-06,24.42037922433504
2007-02-07,20.846486275877236
2007-02-08,18.143015688291758
2007-02-09,16.07765821950959
2007-02-10,15.478747003226824
2007-02-11,15.748589832936062
2007-02-12,14.26683409181184
2007-02-13,13.064442195807368
2007-02-14,12.118020132222492
2007-02-15,11.365730947628165
2007-02-16,10.761709725952963
2007-02-17,10.271677282235009
2007-02-18,9.869829923356079
2007-02-19,9.536613463040027
2007-02-20,9.257116191788613
2007-02-21,9.019899206059446
2007-02-22,17.188685064472757
2007-02-23,32.0009543555121
2007-02-24,27.335584783280254
2007-02-25,22.9234257577638
2007-02-26,23.305164523498636
2007-02-27,31.95367268820777
2007-02-28,34.62087174570826
2007-03-01,33.200948218118874
2007-03-02,32.1658714646321
2007-03-03,30.573005113533156
2007-03-04,27.769994292609017
2007-03-05,27.234254568275773
2007-03-06,26.665928782130152
2007-03-07,25.70921211494142
2007-03-08,24.0104151242241
2007-03-09,21.831014733015184
2007-03-10,19.140115289814634
2007-03-11,16.8717543243597
2007-03-12,15.127883243727828
2007-03-13,13.916159101596604
2007-03-14,13.118150560729566
2007-03-15,12.210784541406738
2007-03-16,11.84898904421212
2007-03-17,13.6155954810572
2007-03-18,15.554759303072188
2007-03-19,14.310231784995437
2007-03-20,13.132066126269828
2007-03-21,12.159871779418298
2007-03-22,11.388177191770117
2007-03-23,10.769491910284989
2007-03-24,10.268350828936248
2007-03-25,9.85807825668155
2007-03-26,9.518474104153322
2007-03-27,9.23414491284556
2007-03-28,8.99329011891099
2007-03-29,8.786812564767676
2007-03-30,8.607661898997224
2007-03-31,8.450346567955675
2007-04-01,8.310568763441902
2007-04-02,8.184949675390985
2007-04-03,8.070821511207447
2007-04-04,7.966069190653987
2007-04-05,7.869009221895439
2007-04-06,7.77829656551722
2007-04-07,7.709090977905113
2007-04-08,8.401593605644731
2007-04-09,11.667224747061892
2007-04-10,15.298424339471891
2007-04-11,15.534775760949557
2007-04-12,13.982462288609165
2007-04-13,12.679655764561629
2007-04-14,12.288361563955595
2007-04-15,12.419616839720257
2007-04-16,12.063518280280947
2007-04-17,11.484511729603996
2007-04-18,10.634889915242896
2007-04-19,9.935495231096528
2007-04-20,9.37471326774247
2007-04-21,8.920661958934925
2007-04-22,8.54929441131488
2007-04-23,8.248401827115318
2007-04-24,8.745204734762533
2007-04-25,9.65574370215534
2007-04-26,9.200681806555977
2007-04-27,8.952750712161004
2007-04-28,8.796392365759079
2007-04-29,9.415810537097508
2007-04-30,12.163248541135303
2007-05-01,14.919117990910697
2007-05-02,21.18121593417258
2007-05-03,30.714518834857063
2007-05-04,26.081611421499545
2007-05-05,21.718245718176817
2007-05-06,18.411197947466054
2007-05-07,15.906393363819442
2007-05-08,16.865832701108385
2007-05-09,20.474565979969164
2007-05-10,17.92080376055662
2007-05-11,15.802126860507316
2007-05-12,17.66689018815288
2007-05-13,21.01124657329807
2007-05-14,18.17492243273699
2007-05-15,15.754987932991583
2007-05-16,13.900215161340633
2007-05-17,12.487206628413807
2007-05-18,14.456350898108296
2007-05-19,18.487111016618474
2007-05-20,19.78157743401845
2007-05-21,31.191516049046104
2007-05-22,39.37182480636202
2007-05-23,32.04349822759066
2007-05-24,26.234784159318213
2007-05-25,21.9181418058055
2007-05-26,18.67739267804934
2007-05-27,16.2206708904982
2007-05-28,14.34044791938333
2007-05-29,12.887969786770322
2007-05-30,11.75553439611283
2007-05-31,10.864433602997964
2007-06-01,10.156648985411392
2007-06-02,9.589067952953794
2007-06-03,9.129412863976485
2007-06-04,8.753347715905853
2007-06-05,8.766347748465277
2007-06-06,11.48198061902069
2007-06-07,14.887448467584322
2007-06-08,14.907722734425413
2007-06-09,15.917694655706482
2007-06-10,14.09333640265819
2007-06-11,12.625361289720706
2007-06-12,11.72728760078423
2007-06-13,11.464249283719274
2007-06-14,10.966208802175652
2007-06-15,10.184436706929551
2007-06-16,9.544980477610496
2007-06-17,9.030667483902894
2007-06-18,8.616426990270387
2007-06-19,8.428989036092373
2007-06-20,8.474376649868049
2007-06-21,8.31164517146044
2007-06-22,8.009072625095044
2007-06-23,7.751608122417341
2007-06-24,7.534759574859919
2007-06-25,7.983302784704971
2007-06-26,9.30114328569991
2007-06-27,8.963083807606543
2007-06-28,8.485647734640532
2007-06-29,8.094975656327575
2007-06-30,7.771726365806823
2007-07-01,7.503215208190924
2007-07-02,7.278173218475995
2007-07-03,7.08746232960592
2007-07-04,6.924002969354233
2007-07-05,6.782282777823422
2007-07-06,6.657989220802507
2007-07-07,6.5940755043516175
2007-07-08,6.631389527310721
2007-07-09,6.53659161027036
2007-07-10,6.42513043933717
2007-07-11,6.325513026930384
2007-07-12,6.235514156207899
2007-07-13,6.153365645667113
2007-07-14,6.07765713238761
2007-07-15,6.162613013714549
2007-07-16,6.434175181903563
2007-07-17,6.48805113904175
2007-07-18,6.6052770478456075
2007-07-19,6.426958982059726
2007-07-20,6.263597804652893
2007-07-21,6.123228580699563
2007-07-22,6.001246269935851
2007-07-23,5.89403797346263
2007-07-24,5.798756822928639
2007-07-25,5.713150248486298
2007-07-26,5.635428855632941
2007-07-27,5.564165803280029
2007-07-28,5.498219217273042
2007-07-29,5.436672092157049
2007-07-30,5.3787855361613
2007-07-31,5.323962245378881
2007-08-01,5.3435784205531105
2007-08-02,5.56031066251889
2007-08-03,5.876393801135119
2007-08-04,6.007218014931695
2007-08-05,5.818819572631416
2007-08-06,5.653301370827054
2007-08-07,5.512511061682235
2007-08-08,5.391422311512691
2007-08-09,5.346787846644392
2007-08-10,5.379263968239738
2007-08-11,5.273558773409801
2007-08-12,5.172590672037063
2007-08-13,5.083579116721032
2007-08-14,5.004246817787654
2007-08-15,4.932786450788605
2007-08-16,4.867758207156179
2007-08-17,4.808010880323968
2007-08-18,4.752620799831638
2007-08-19,4.700844368619251
2007-08-20,4.6520810181651875
2007-08-21,4.605844178691581
2007-08-22,4.561738442945193
2007-08-23,4.519441536142666
2007-08-24,4.478690030483345
2007-08-25,4.439267988383676
2007-08-26,4.400997904820245
2007-08-27,4.3638713682483425
2007-08-28,4.327567975296315
2007-08-29,4.29232344165398
2007-08-30,4.257754520479295
2007-08-31,4.223978052355494
2007-09-01,4.194129019589733
2007-09-02,4.160808137485605
2007-09-03,4.127497230003058
2007-09-04,4.09473626863701
2007-09-05,4.062479019351547
2007-09-06,4.030686590373368
2007-09-07,4.003202299795011
2007-09-08,3.9764838784689167
2007-09-09,3.9451570904926965
2007-09-10,3.914052609807412
2007-09-11,3.8834315747072288
2007-09-12,3.8532557613506437
2007-09-13,3.8234929746355295
2007-09-14,3.81099950739647
2007-09-15,3.818686201024588
2007-09-16,3.7852964005993606
2007-09-17,3.783633226805535
2007-09-18,5.19145349140014
2007-09-19,6.571809461807518
2007-09-20,5.800210546354106
2007-09-21,5.40715575132785
2007-09-22,5.542455171394422
2007-09-23,5.677465464914591
2007-09-24,5.2394954008587336
2007-09-25,4.922929058164846
2007-09-26,4.66565770668926
2007-09-27,4.454840736945646
2007-09-28,4.950413833367894
2007-09-29,6.110594091028993
2007-09-30,5.765023615557184
2007-10-01,5.31003178076042
2007-10-02,4.965575050099876
2007-10-03,4.751421050699483
2007-10-04,7.4923663300261465
2007-10-05,15.02432863959685
2007-10-06,18.537714941605827
2007-10-07,15.921570125378379
2007-10-08,13.230202008135953
2007-10-09,11.193053884084863
2007-10-10,11.194717372864295
2007-10-11,15.517506227881215
2007-10-12,18.05240601430402
2007-10-13,14.961150347627857
2007-10-14,13.630172236265507
2007-10-15,14.182508752211108
2007-10-16,13.010589504200645
2007-10-17,11.10523268744077
2007-10-18,9.622379090581498
2007-10-19,8.474744803612284
2007-10-20,8.59019151825685
2007-10-21,13.011482374019481
2007-10-22,17.874197501611018
2007-10-23,19.808977676505933
2007-10-24,21.526941471505996
2007-10-25,17.70539663622893
2007-10-26,14.75076702800549
2007-10-27,12.589990430674625
2007-10-28,11.562248536051895
2007-10-29,12.464292357704878
2007-10-30,12.744631387053454
2007-10-31,11.277730309071936
2007-11-01,10.489527565861227
2007-11-02,9.271478560093092
2007-11-03,8.29483702315477
2007-11-04,7.5283239040275305
2007-11-05,6.921855764082816
2007-11-06,6.438093938978543
2007-11-07,6.2735723965076176
2007-11-08,6.398735995842618
2007-11-09,6.028321247017243
2007-11-10,5.710095795705528
2007-11-11,5.449852921900135
2007-11-12,8.726945534476291
2007-11-13,15.438333261536421
2007-11-14,18.540132097945662
2007-11-15,22.604725515623446
2007-11-16,20.43145283249611
2007-11-17,17.907177054033813
2007-11-18,14.979047966166187
2007-11-19,12.738268197113856
2007-11-20,11.024891892992136
2007-11-21,9.850238299671878
2007-11-22,9.786200289217202
2007-11-23,10.725697672093576
2007-11-24,10.11779886052769
2007-11-25,9.003400166031616
2007-11-26,8.131076517105365
2007-11-27,7.44335309101099
2007-11-28,6.896697577017776
2007-11-29,6.458536208986286
2007-11-30,6.10432238651465
2007-12-01,5.81543570431273
2007-12-02,5.5776631438971345
2007-12-03,5.380092222207484
2007-12-04,5.214298220019237
2007-12-05,5.311861873322835
2007-12-06,5.749921124035059
2007-12-07,5.517226921335389
2007-12-08,5.306569899037414
2007-12-09,5.1308102475568
2007-12-10,5.142843887075092
2007-12-11,5.351494644950122
2007-12-12,5.37303983972576
2007-12-13,6.212454290530881
2007-12-14,7.463674595835603
2007-12-15,9.865843300001933
2007-12-16,13.7082593626558
2007-12-17,15.321530437978469
2007-12-18,16.61356842195958
2007-12-19,17.3847339506042
2007-12-20,15.059795911277705
2007-12-21,13.682051326585375
2007-12-22,14.02048852400677
2007-12-23,15.92547389012166
2007-12-24,13.503252826003552
2007-12-25,11.59647997794285
2007-12-26,10.13130612890755
2007-12-27,8.995974384055922
2007-12-28,8.108964570019408
2007-12-29,8.007954764412172
2007-12-30,8.47031632919577
2007-12-31,7.708037011443672
2008-01-01,7.088783607156636
2008-01-02,7.656191226293575
2008-01-03,10.56231499370268
2008-01-04,12.751071359387431
2008-01-05,12.604437076282162
2008-01-06,10.892137900204753
2008-01-07,9.584210183779515
2008-01-08,8.652315676140361
2008-01-09,10.835917812712601
2008-01-10,14.596401158839038
2008-01-11,12.861833883708348
2008-01-12,11.457843605992622
2008-01-13,11.118601415974247
2008-01-14,10.61654480896456
2008-01-15,14.146912771782155
2008-01-16,22.57845592056304
2008-01-17,22.1846817878484
2008-01-18,18.23468027486691
2008-01-19,20.53611639190009
2008-01-20,22.536356134553618
2008-01-21,18.621062935544373
2008-01-22,23.360872142103023
2008-01-23,35.24527878557638
2008-01-24,31.970956853783132
2008-01-25,29.57631907467913
2008-01-26,32.59620736073366
2008-01-27,33.47350786818339
2008-01-28,34.16888369609145
2008-01-29,27.373771925209272
2008-01-30,22.380048674274963
2008-01-31,18.65415156384756
2008-02-01,15.847118506143586
2008-02-02,13.712298317367392
2008-02-03,12.271126417256047
2008-02-04,11.384426815084149
2008-02-05,10.266911024872876
2008-02-06,9.389338745647828
2008-02-07,8.695033964106864
2008-02-08,8.1407903850476
2008-02-09,7.69428530395388
2008-02-10,7.331165259817511
2008-02-11,7.032958428381292
2008-02-12,6.785566170276444
2008-02-13,6.596434395039356
2008-02-14,6.798691094945127
2008-02-15,7.344189306991892
2008-02-16,7.422673788501116
2008-02-17,10.456459580517555
2008-02-18,16.781565207646363
2008-02-19,19.01405202329701
2008-02-20,17.21813774766377
2008-02-21,14.735156098465188
2008-02-22,12.836076064086505
2008-02-23,14.393115709846596
2008-02-24,17.89353907031167
2008-02-25,15.320086137905996
2008-02-26,13.260408703467059
2008-02-27,11.67898064667711
2008-02-28,11.67546760308584
2008-02-29,12.645750642348593
2008-03-01,12.055102796185317
2008-03-02,13.669407695288589
2008-03-03,16.05462813131546
2008-03-04,17.02464647247856
2008-03-05,17.889719757440847
2008-03-06,21.10639875959644
2008-03-07,18.429964470185244
2008-03-08,15.916101473594892
2008-03-09,14.142296263174865
2008-03-10,12.429740163677314
2008-03-11,11.081624317982305
2008-03-12,10.03090587968368
2008-03-13,9.204811656698643
2008-03-14,8.549595233859973
2008-03-15,8.025246894217409
2008-03-16,7.601761778784968
2008-03-17,10.448125465136057
2008-03-18,18.401281298731973
2008-03-19,21.29711192006224
2008-03-20,31.0383742516242
2008-03-21,49.97664503577877
2008-03-22,43.681479951437126
2008-03-23,34.49663396134994
2008-03-24,27.84348505472806
2008-03-25,22.891830253375545
2008-03-26,20.072460028133154
2008-03-27,19.25155204319009
2008-03-28,17.446180618648636
2008-03-29,16.872903309798776
2008-03-30,18.114029823194908
2008-03-31,16.798826960976164
2008-04-01,22.04314230806936
2008-04-02,31.16003787740716
2008-04-03,25.968353898489923
2008-04-04,21.606933547774407
2008-04-05,20.24219526135424
2008-04-06,20.433041566976108
2008-04-07,17.531379992227436
2008-04-08,15.229223198661861
2008-04-09,13.464365689215064
2008-04-10,12.098959872074111
2008-04-11,11.032976463527811
2008-04-12,10.193162748930131
2008-04-13,9.525417518998267
2008-04-14,9.45908931193726
2008-04-15,10.745114871315655
2008-04-16,11.75065068467327
2008-04-17,11.62651740192542
2008-04-18,10.66128696554934
2008-04-19,9.863169918444987
2008-04-20,9.227706807695236
2008-04-21,8.716982912592341
2008-04-22,8.302524707991985
2008-04-23,7.962802549724098
2008-04-24,7.801217610810617
2008-04-25,8.658151322395003
2008-04-26,12.064792722284901
2008-04-27,14.731432500965532
2008-04-28,13.063982152698408
2008-04-29,12.163967134828203
2008-04-30,13.801297718641843
2008-05-01,15.986411900552758
2008-05-02,15.745645341700943
2008-05-03,16.857024606444437
2008-05-04,16.9934620460812
2008-05-05,14.763158292674218
2008-05-06,13.004343093451745
2008-05-07,11.644538332984284
2008-05-08,10.58381011543081
2008-05-09,9.748977080194754
2008-05-10,9.085991898705945
2008-05-11,8.554621609379534
2008-05-12,8.124694703406096
2008-05-13,7.773454892295963
2008-05-14,7.861063793947394
2008-05-15,8.029888486271282
2008-05-16,7.7037898520103845
2008-05-17,7.800515557375988
2008-05-18,7.946501980295973
2008-05-19,7.612704929837694
2008-05-20,7.312688375152995
2008-05-21,7.273538527486823
2008-05-22,7.43071329343656
2008-05-23,7.171605025930298
2008-05-24,6.92932868066629
2008-05-25,6.725702888499652
2008-05-26,6.552677822879797
2008-05-27,6.404000356035159
2008-05-28,6.274789287236747
2008-05-29,6.161216671376252
2008-05-30,6.060267319412596
2008-05-31,6.0508641276754505
2008-06-01,6.0615659654895
2008-06-02,5.962722697107728
2008-06-03,5.868414641447084
2008-06-04,5.783377421131045
2008-06-05,5.705905173846808
2008-06-06,5.634636994302614
2008-06-07,5.568483225777309
2008-06-08,5.5065683455943315
2008-06-09,5.448186514942916
2008-06-10,5.392766840361882
2008-06-11,5.339846116708107
2008-06-12,5.2890473587810565
2008-06-13,5.240062830551955
2008-06-14,5.192640582890438
2008-06-15,5.166802036416524
2008-06-16,5.1555994213084695
2008-06-17,5.106651496329272
2008-06-18,5.056913435345991
2008-06-19,5.009171983237989
2008-06-20,4.963136636026804
2008-06-21,4.91856968103776
2008-06-22,4.875276033959137
2008-06-23,4.833095128774171
2008-06-24,4.791894425840801
2008-06-25,4.751564199808524
2008-06-26,4.7120133431132265
2008-06-27,4.6731659778948895
2008-06-28,4.6349587133885235
2008-06-29,4.6019477063893754
2008-06-30,4.567468149172997
2008-07-01,4.529993839391935
2008-07-02,4.538224753470597
2008-07-03,4.606489449280642
2008-07-04,4.707235169066123
2008-07-05,4.966137013698232
2008-07-06,5.178927592116899
2008-07-07,5.316982771839344
2008-07-08,5.374929602650639
2008-07-09,5.568328601628042
2008-07-10,5.390923604473767
2008-07-11,5.212693790134328
2008-07-12,5.263174527353454
2008-07-13,6.21429883371341
2008-07-14,7.165783011606224
2008-07-15,6.736461566408632
2008-07-16,6.23599761206232
2008-07-17,5.826674975436795
2008-07-18,5.496217863445342
2008-07-19,5.227151202657505
2008-07-20,5.006127885934785
2008-07-21,4.977056940724499
2008-07-22,5.102078964162693
2008-07-23,4.919056073936079
2008-07-24,4.741055487426015
2008-07-25,4.59190213219959
2008-07-26,4.465683500244383
2008-07-27,4.40190337214241
2008-07-28,5.977221959031934
2008-07-29,8.26310888208643
2008-07-30,7.312529240788552
2008-07-31,6.6639274064270495
2008-08-01,6.1869940646440815
2008-08-02,5.744771522465906
2008-08-03,5.383301957216061
2008-08-04,5.090374254205478
2008-08-05,4.851531515763628
2008-08-06,4.654640056318716
2008-08-07,4.8274569797184155
2008-08-08,5.282389489898679
2008-08-09,4.9652917103905665
2008-08-10,4.7333269230355794
2008-08-11,4.542815024314074
2008-08-12,4.7952597133162
2008-08-13,5.671539424148875
2008-08-14,5.644247922045086
2008-08-15,5.25585401972603
2008-08-16,4.950667508205507
2008-08-17,5.068958212371034
2008-08-18,5.534078212571987
2008-08-19,5.160496785580636
2008-08-20,4.8648559861117295
2008-08-21,4.623773469750637
2008-08-22,4.4255113245886255
2008-08-23,4.2610229663991905
2008-08-24,4.123299299140286
2008-08-25,4.006882753467107
2008-08-26,3.9075037747781196
2008-08-27,3.821807250505898
2008-08-28,3.747145435623461
2008-08-29,3.6814203538091466
2008-08-30,3.6229632289128255
2008-08-31,3.570441789192422
2008-09-01,3.522788664745557
2008-09-02,3.479145829735822
2008-09-03,3.438821309210287
2008-09-04,3.401255304886021
2008-09-05,3.365993586936098
2008-09-06,3.4102854652497734
2008-09-07,3.522503795746998
2008-09-08,3.462995884254367
2008-09-09,3.4646843068997053
2008-09-10,3.761893440590692
2008-09-11,4.204165480601272
2008-09-12,4.601276489811206
2008-09-13,5.544889475397716
2008-09-14,6.107639831446609
2008-09-15,5.5006999771214184
2008-09-16,5.052243788602411
2008-09-17,4.9186818356307755
2008-09-18,5.988297676501882
2008-09-19,6.6545195783847335
2008-09-20,5.899573295330144
2008-09-21,5.358448521194089
2008-09-22,4.92766021961488
2008-09-23,4.582178567844761
2008-09-24,5.314550286997988
2008-09-25,6.6667166355941445
2008-09-26,5.943330394495824
2008-09-27,5.619350694174604
2008-09-28,5.369678324191297
2008-09-29,4.942734030967987
2008-09-30,4.591898989125233
2008-10-01,4.327182258954729
2008-10-02,4.131754346701783
2008-10-03,3.9361764278097735
2008-10-04,3.8126876293165224
2008-10-05,3.766877288127029
2008-10-06,3.63438038267579
2008-10-07,3.516580904715175
2008-10-08,3.4169202267856886
2008-10-09,3.4178775518876847
2008-10-10,3.5143667124697746
2008-10-11,4.036806361764502
2008-10-12,4.969649297258278
2008-10-13,6.217845510934974
2008-10-14,9.256860510807742
2008-10-15,11.867906476097348
2008-10-16,16.517225343494434
2008-10-17,18.10227249828473
2008-10-18,16.85289000045967
2008-10-19,17.396603912317133
2008-10-20,15.660549526260771
2008-10-21,14.648528491336412
2008-10-22,14.329245040281904
2008-10-23,18.344962578226617
2008-10-24,20.406179495164466
2008-10-25,17.99715032366448
2008-10-26,14.935792831056569
2008-10-27,12.767572061671991
2008-10-28,10.836710977398992
2008-10-29,9.345594711043884
2008-10-30,8.192175619372536
2008-10-31,7.293164315639451
2008-11-01,6.587000515307582
2008-11-02,6.028028187139685
2008-11-03,5.582126879598156
2008-11-04,5.2236142187361985
2008-11-05,5.4570448519741275
2008-11-06,6.300076534259431
2008-11-07,5.791271112794077
2008-11-08,5.3815182848846606
2008-11-09,5.902433573385502
2008-11-10,9.981051215935794
2008-11-11,13.636911687039358
2008-11-12,11.549672737412644
2008-11-13,10.19681114916265
2008-11-14,9.944230117025592
2008-11-15,9.335627206157033
2008-11-16,9.309784504507496
2008-11-17,15.412762728201649
2008-11-18,24.08551754657009
2008-11-19,25.01037866352102
2008-11-20,25.410114844784946
2008-11-21,24.977273884843314
2008-11-22,22.45692578169935
2008-11-23,18.33863877269172
2008-11-24,15.457464070874181
2008-11-25,14.004472190931564
2008-11-26,12.521560834388309
2008-11-27,10.8120074148666
2008-11-28,9.481022527728829
2008-11-29,9.965831950373602
2008-11-30,12.424554035543624
2008-12-01,14.910818300059274
2008-12-02,19.430490826553644
2008-12-03,20.186062560666805
2008-12-04,17.3687802793476
2008-12-05,14.57021646488213
2008-12-06,12.429921640538515
2008-12-07,10.791236054570566
2008-12-08,14.42081186462749
2008-12-09,19.101004802837984
2008-12-10,16.004770233781574
2008-12-11,14.789255607455909
2008-12-12,14.954943197466585
2008-12-13,12.7280694445002
2008-12-14,11.053438655167119
2008-12-15,9.76260948667102
2008-12-16,8.758977286519288
2008-12-17,30.384597758645658
2008-12-18,77.62346578111297
2008-12-19,60.91057344305594
2008-12-20,47.382976132149935
2008-12-21,47.79412414416501
2008-12-22,52.02453544593161
2008-12-23,53.898998006814224
2008-12-24,47.731328673865896
2008-12-25,37.96621864147118
2008-12-26,30.69506217732281
2008-12-27,27.265303827242462
2008-12-28,25.33576430329418
2008-12-29,29.19078855481203
2008-12-30,39.627279415548806
2008-12-31,37.76299894170146
2009-01-01,36.94179331391248
2009-01-02,39.18316714968646
2009-01-03,34.20211632832733
2009-01-04,27.840459816232194
2009-01-05,51.875811654626396
2009-01-06,88.50107691635259
2009-01-07,65.12884204426251
2009-01-08,45.675439162850076
2009-01-09,36.64334817787021
2009-01-10,31.589591820813705
2009-01-11,27.41654405919351
2009-01-12,26.260186367805435
2009-01-13,35.60809896226524
2009-01-14,50.979476466227936
2009-01-15,57.560386222650386
2009-01-16,49.405290533284294
2009-01-17,38.59027131473003
2009-01-18,31.45022478750886
2009-01-19,28.476718176088607
2009-01-20,43.44994369652753
2009-01-21,65.31058864513703
2009-01-22,70.43574265256156
2009-01-23,118.08755958237732
2009-01-24,135.71018425212705
2009-01-25,93.51902810613268
2009-01-26,70.41620045368545
2009-01-27,51.4195113934962
2009-01-28,40.65404242685302
2009-01-29,33.446095793772095
2009-01-30,28.116146909057377
2009-01-31,24.4401439984251
2009-02-01,21.860463201516325
2009-02-02,19.39011111037637
2009-02-03,17.48990735293305
2009-02-04,16.019151485893442
2009-02-05,15.63565401700494
2009-02-06,15.470765890436988
2009-02-07,14.41023033495778
2009-02-08,13.566605826235543
2009-02-09,12.888483930201668
2009-02-10,13.972272765691585
2009-02-11,18.187121197645634
2009-02-12,20.234034360289346
2009-02-13,19.37191940211849
2009-02-14,18.33654503820362
2009-02-15,17.24216237436373
2009-02-16,17.19723348114293
2009-02-17,18.38237421987171
2009-02-18,17.51930457697062
2009-02-19,16.24337526288944
2009-02-20,17.43702486994022
2009-02-21,19.36815324620215
2009-02-22,21.6717178277012
2009-02-23,26.27870997318681
2009-02-24,23.000625644747895
2009-02-25,23.344926831637178
2009-02-26,27.04488010097333
2009-02-27,24.895181365731997
2009-02-28,21.673392895920056
2009-03-01,19.284935243419252
2009-03-02,17.25577118207761
2009-03-03,15.66978523855777
2009-03-04,15.79862094951062
2009-03-05,19.947284517089287
2009-03-06,32.14064866988678
2009-03-07,45.31288566600825
2009-03-08,40.03359493770373
2009-03-09,33.96835590599255
2009-03-10,30.25932067288755
2009-03-11,26.370121038145143
2009-03-12,23.800972677106973
2009-03-13,20.775629872206547
2009-03-14,18.61143768001132
2009-03-15,21.802429245663447
2009-03-16,29.801667072863804
2009-03-17,31.712892582483892
2009-03-18,30.458536749457465
2009-03-19,26.23820358928998
2009-03-20,26.398058395075065
2009-03-21,30.10404943042218
2009-03-22,26.74890634866161
2009-03-23,23.036547176353547
2009-03-24,20.18262403622744
2009-03-25,18.002882560743547
2009-03-26,18.476702895184648
2009-03-27,24.60375094274004
2009-03-28,28.822525497068085
2009-03-29,25.710944251744667
2009-03-30,22.234648740586454
2009-03-31,21.10405711491431
2009-04-01,21.41711957959306
2009-04-02,19.579458474203417
2009-04-03,22.19203891850478
2009-04-04,31.654946346929147
2009-04-05,33.83870493472689
2009-04-06,30.619264482202468
2009-04-07,26.178742834507787
2009-04-08,22.56917262106427
2009-04-09,19.835826279542903
2009-04-10,17.74481362715707
2009-04-11,16.12906252002199
2009-04-12,14.867994823797586
2009-04-13,13.873755001920145
2009-04-14,13.081761759561234
2009-04-15,12.448108819905976
2009-04-16,11.930527257533448
2009-04-17,11.502252951159633
2009-04-18,11.145585894629258
2009-04-19,10.844952592798736
2009-04-20,10.588414393807945
2009-04-21,10.605531919495688
2009-04-22,10.984460032279278
2009-04-23,10.972618615709044
2009-04-24,10.714951241189342
2009-04-25,13.874810001330248
2009-04-26,19.11310238086029
2009-04-27,17.098319686490413
2009-04-28,16.89246391097586
2009-04-29,18.007953034126015
2009-04-30,16.31369054623723
2009-05-01,15.114706592170561
2009-05-02,14.36288458737017
2009-05-03,13.998548546874384
2009-05-04,13.195999006500559
2009-05-05,12.344466482074376
2009-05-06,11.654567578529749
2009-05-07,16.02100804728556
2009-05-08,29.009743628596755
2009-05-09,32.33208207737932
2009-05-10,27.02540668683599
2009-05-11,22.902501752078805
2009-05-12,19.799591900982183
2009-05-13,17.440557608567225
2009-05-14,15.629303961276003
2009-05-15,14.225057198204793
2009-05-16,13.125746739374442
2009-05-17,12.262986808956173
2009-05-18,11.749667613610514
2009-05-19,11.37979338392094
2009-05-20,10.859722625340998
2009-05-21,10.840170775043639
2009-05-22,11.877445077331442
2009-05-23,12.502422590482515
2009-05-24,12.61045535969346
2009-05-25,12.648635836088237
2009-05-26,12.670636068366969
2009-05-27,13.097782718707322
2009-05-28,12.408416594574623
2009-05-29,13.126203448069267
2009-05-30,14.234772615654707
2009-05-31,13.840343097047201
2009-06-01,12.817942270257321
2009-06-02,11.882207123352885
2009-06-03,11.138846276726474
2009-06-04,10.8344910926234
2009-06-05,10.782677874135496
2009-06-06,10.269583799833347
2009-06-07,10.517152228499443
2009-06-08,11.363595712656938
2009-06-09,10.947248374307316
2009-06-10,10.386826576604637
2009-06-11,9.975593174379076
2009-06-12,9.6975312118041
2009-06-13,9.327943516079959
2009-06-14,9.009069424014928
2009-06-15,8.82830270339179
2009-06-16,8.841124574432419
2009-06-17,8.661452154690183
2009-06-18,8.431979679977426
2009-06-19,8.734082876782287
2009-06-20,9.353752459732084
2009-06-21,9.03454243731616
2009-06-22,8.698168374421977
2009-06-23,8.44945655448283
2009-06-24,8.359881565485603
2009-06-25,8.412706097024996
2009-06-26,8.584895703257063
2009-06-27,11.936560929742953
2009-06-28,17.547521729537067
2009-06-29,15.981576581028163
2009-06-30,14.44675514979813
2009-07-01,12.91186013614169
2009-07-02,12.025801159468273
2009-07-03,11.447143411545602
2009-07-04,10.578369972493155
2009-07-05,9.86254831774511
2009-07-06,9.289753504837826
2009-07-07,8.826991134066576
2009-07-08,8.449396530254095
2009-07-09,8.138107879507794
2009-07-10,9.747508932411227
2009-07-11,13.715148695386524
2009-07-12,13.859640098127466
2009-07-13,12.44518291782474
2009-07-14,11.27447983796691
2009-07-15,10.356170173369968
2009-07-16,9.834553322195271
2009-07-17,10.115566381380182
2009-07-18,10.532369133975982
2009-07-19,10.459752056614972
2009-07-20,10.8487079695636
2009-07-21,10.276280922765876
2009-07-22,9.630666518675582
2009-07-23,9.02236452448299
2009-07-24,8.532275687140121
2009-07-25,8.134312911955044
2009-07-26,7.8079364627248085
2009-07-27,7.5374990331011675
2009-07-28,7.311009349439867
2009-07-29,7.119226292773711
2009-07-30,6.9549903660709935
2009-07-31,6.812726943170389
2009-08-01,6.688074772308511
2009-08-02,6.577606451562755
2009-08-03,6.960900208489883
2009-08-04,11.250412018679414
2009-08-05,16.359160292774583
2009-08-06,14.224196870607608
2009-08-07,12.502311908638857
2009-08-08,11.171580120889885
2009-08-09,10.153025403065492
2009-08-10,9.342824119499932
2009-08-11,12.21612639665166
2009-08-12,17.58032712618827
2009-08-13,15.142777871055136
2009-08-14,13.20760673371152
2009-08-15,11.716955843629622
2009-08-16,10.558681581041112
2009-08-17,9.650866983952563
2009-08-18,8.93315764329256
2009-08-19,8.531712375180016
2009-08-20,8.588257941460112
2009-08-21,8.41134029664231
2009-08-22,7.95051895227964
2009-08-23,7.556800488962885
2009-08-24,7.234780981123863
2009-08-25,6.968788052036487
2009-08-26,6.746808523988335
2009-08-27,6.559582568381013
2009-08-28,6.414044537395614
2009-08-29,6.2819519663499195
2009-08-30,6.20361423067689
2009-08-31,6.208394579779664
2009-09-01,6.091416451540773
2009-09-02,5.981478141143305
2009-09-03,5.8839943400560015
2009-09-04,5.7965980026470705
2009-09-05,5.717411556218221
2009-09-06,5.644947824347592
2009-09-07,5.578002403178746
2009-09-08,5.515609545066211
2009-09-09,5.457006935877877
2009-09-10,6.5442824376488185
2009-09-11,8.82111619253479
2009-09-12,8.95777119971376
2009-09-13,9.220937739968932
2009-09-14,9.009676376405347
2009-09-15,8.500260469748655
2009-09-16,8.019889836054192
2009-09-17,7.498874709537076
2009-09-18,7.038796387476892
2009-09-19,6.666730931527674
2009-09-20,6.363245118659022
2009-09-21,6.11336723587976
2009-09-22,6.236059362703746
2009-09-23,6.754049944860774
2009-09-24,6.5744723013040955
2009-09-25,6.282011132515186
2009-09-26,6.295716858519719
2009-09-27,6.315769620069086
2009-09-28,6.051107550317372
2009-09-29,5.823188117052548
2009-09-30,5.721042351236516
2009-10-01,5.782844791693971
2009-10-02,5.605229197676316
2009-10-03,5.440672782024342
2009-10-04,5.300987854320739
2009-10-05,5.1811372063250065
2009-10-06,5.077177081183689
2009-10-07,4.986006003955598
2009-10-08,4.905174524612444
2009-10-09,4.83274031271863
2009-10-10,4.767157219809451
2009-10-11,4.925045291876313
2009-10-12,5.272901044159956
2009-10-13,5.292949652257826
2009-10-14,8.109556186768623
2009-10-15,16.558130867849847
2009-10-16,21.895647741698706
2009-10-17,19.321540746387296
2009-10-18,16.62600595000379
2009-10-19,16.051985521097887
2009-10-20,17.98893303530806
2009-10-21,18.63678134714321
2009-10-22,20.15502276716417
2009-10-23,20.743576720931916
2009-10-24,18.069117373014866
2009-10-25,15.189715840092056
2009-10-26,12.98549797495034
2009-10-27,11.297890246497898
2009-10-28,13.167688139731816
2009-10-29,18.087115439890336
2009-10-30,16.940455833081558
2009-10-31,14.382312678209823
2009-11-01,12.790360382116878
2009-11-02,11.75393792243706
2009-11-03,10.398757040878289
2009-11-04,9.521517175051306
2009-11-05,9.009366918425716
2009-11-06,8.24965246408034
2009-11-07,7.633649165647861
2009-11-08,7.795878383417782
2009-11-09,8.548242580329637
2009-11-10,7.972587586468798
2009-11-11,8.487445756770947
2009-11-12,11.14362348461166
2009-11-13,17.989461667843244
2009-11-14,24.4295481145021
2009-11-15,27.35348380977413
2009-11-16,35.17692520858086
2009-11-17,33.989147191296624
2009-11-18,27.302767725223376
2009-11-19,22.255200745080472
2009-11-20,18.49227550776662
2009-11-21,15.659220134417767
2009-11-22,13.50616101022874
2009-11-23,12.969231054935497
2009-11-24,14.371166408829678
2009-11-25,14.15968918623929
2009-11-26,16.19764155013423
2009-11-27,19.85077471799035
2009-11-28,18.814090491260814
2009-11-29,18.45286733252205
2009-11-30,16.531870499699668
2009-12-01,14.235053920168445
2009-12-02,12.461485533009776
2009-12-03,11.092494173708403
2009-12-04,10.430934021788145
2009-12-05,10.338213170650697
2009-12-06,9.52876967869788
2009-12-07,8.96346408560362
2009-12-08,8.346886193771056
2009-12-09,7.847616731108384
2009-12-10,7.44388057834956
2009-12-11,7.11429162534935
2009-12-12,6.842577293730535
2009-12-13,6.616280810269078
2009-12-14,6.425811993318227
2009-12-15,6.524004699940718
2009-12-16,6.68881190444359
2009-12-17,6.455300395773655
2009-12-18,6.26144282095773
2009-12-19,6.098451339523845
2009-12-20,6.075277611279258
2009-12-21,6.687259675625409
2009-12-22,9.576618020740534
2009-12-23,14.533633675115249
2009-12-24,18.88407122748044
2009-12-25,19.58299035814676
2009-12-26,17.08469956629001
2009-12-27,14.550190686676778
2009-12-28,12.61536608719927
2009-12-29,11.126322132856346
2009-12-30,9.97050437263473
2009-12-31,9.065722959514378
2010-01-01,10.72807845432054
2010-01-02,15.315078410060211
2010-01-03,15.846205115901421
2010-01-04,14.50595948759147
2010-01-05,12.955911900711618
2010-01-06,12.043844210979882
2010-01-07,10.704909900027282
2010-01-08,9.650722623698192
2010-01-09,8.82307886018189
2010-01-10,8.167705260523766
2010-01-11,7.6442159544381925
2010-01-12,7.2223350085419895
2010-01-13,9.455167755421138
2010-01-14,15.505989036014585
2010-01-15,19.560961418153163
2010-01-16,21.293945102068076
2010-01-17,18.895412544122728
2010-01-18,17.28706714767907
2010-01-19,14.755499770355312
2010-01-20,12.802620699005077
2010-01-21,11.300684283494187
2010-01-22,10.135452930172248
2010-01-23,9.223631641262177
2010-01-24,8.503947812621373
2010-01-25,7.930956941861603
2010-01-26,9.147523404188332
2010-01-27,14.070967225030072
2010-01-28,15.953962018487431
2010-01-29,14.945351506999357
2010-01-30,14.188215581083801
2010-01-31,14.504758454495368
2010-02-01,12.99252690566344
2010-02-02,14.570686206291198
2010-02-03,16.62830949703331
2010-02-04,14.870399518698237
2010-02-05,13.889803812536798
2010-02-06,12.736209798026495
2010-02-07,18.222805654893026
2010-02-08,33.09855215577537
2010-02-09,44.019616875399976
2010-02-10,41.089363235593666
2010-02-11,32.50597137566472
2010-02-12,28.88866676918953
2010-02-13,27.557300730674026
2010-02-14,22.72920950974871
2010-02-15,26.339860657830897
2010-02-16,35.7665156942127
2010-02-17,31.1025210868635
2010-02-18,25.411948449170357
2010-02-19,21.1349775684573
2010-02-20,20.192543358427613
2010-02-21,21.627004278730492
2010-02-22,19.709224565095063
2010-02-23,20.30580552280794
2010-02-24,24.42864659178439
2010-02-25,27.35748829531498
2010-02-26,26.249743109506202
2010-02-27,21.919854688913034
2010-02-28,18.599768359834957
2010-03-01,16.082900297560553
2010-03-02,14.159017210554632
2010-03-03,12.675018938806552
2010-03-04,11.519815125840006
2010-03-05,10.612314917536574
2010-03-06,9.892806100267173
2010-03-07,9.31695990679145
2010-03-08,8.851617299956722
2010-03-09,8.471797955745417
2010-03-10,8.15855747850588
2010-03-11,11.76988846379274
2010-03-12,23.10954207722325
2010-03-13,28.485324213570152
2010-03-14,24.774993728280407
2010-03-15,20.75504402805457
2010-03-16,17.694912647154393
2010-03-17,15.37197971594423
2010-03-18,13.591983422453405
2010-03-19,12.2154340570602
2010-03-20,11.215327387325944
2010-03-21,10.431427642154596
2010-03-22,9.734152091369495
2010-03-23,9.172287375063727
2010-03-24,8.717932884212134
2010-03-25,8.346838223523177
2010-03-26,8.040599038288056
2010-03-27,7.78516096802618
2010-03-28,7.569728757012503
2010-03-29,7.58091625060788
2010-03-30,7.892142919044255
2010-03-31,10.35846447318056
2010-04-01,16.69666017725225
2010-04-02,22.733012535285507
2010-04-03,25.22387006872862
2010-04-04,21.119469293126958
2010-04-05,17.901453870414006
2010-04-06,15.462729591065356
2010-04-07,13.599003556717577
2010-04-08,12.159501410460594
2010-04-09,12.58512481011176
2010-04-10,18.151520480935815
2010-04-11,21.94794015189304
2010-04-12,18.6682010370863
2010-04-13,16.060025676943592
2010-04-14,14.069434628143105
2010-04-15,12.537292194046088
2010-04-16,11.349217421217523
2010-04-17,10.415223599253926
2010-04-18,9.674670028693644
2010-04-19,9.083297080149254
2010-04-20,8.60658213321621
2010-04-21,8.218536519638421
2010-04-22,7.899465009157222
2010-04-23,7.634347976043035
2010-04-24,7.411663676066616
2010-04-25,7.2225243448908865
2010-04-26,7.060037928329639
2010-04-27,6.918833308752912
2010-04-28,6.794704879113471
2010-04-29,6.6843448462867885
2010-04-30,6.585140448634957
2010-05-01,6.495019507383262
2010-05-02,6.412332180722717
2010-05-03,6.335759987810589
2010-05-04,6.391643090615756
2010-05-05,7.011192514678469
2010-05-06,7.4266420037242185
2010-05-07,7.179766125447263
2010-05-08,6.930053720827259
2010-05-09,6.720782816847184
2010-05-10,6.543495889330629
2010-05-11,6.391629294796373
2010-05-12,6.260064138818226
2010-05-13,6.197930659689608
2010-05-14,6.678400740102055
2010-05-15,7.618902418674491
2010-05-16,7.562665724956029
2010-05-17,7.217524346780401
2010-05-18,7.713912500847356
2010-05-19,8.575416579675704
2010-05-20,7.991412500020129
2010-05-21,7.500754922858987
2010-05-22,7.987933751712938
2010-05-23,9.127596274163256
2010-05-24,8.664248093359111
2010-05-25,9.584475428353231
2010-05-26,10.245614985261243
2010-05-27,9.258926376077007
2010-05-28,8.482152023772844
2010-05-29,7.865947778448276
2010-05-30,7.372895269079794
2010-05-31,6.974884306729575
2010-06-01,7.571777750077422
2010-06-02,9.11045916397253
2010-06-03,9.606527673123958
2010-06-04,10.844514634709384
2010-06-05,10.108125214039752
2010-06-06,9.139281726516945
2010-06-07,8.539741324666586
2010-06-08,8.214447097689655
2010-06-09,7.649752454587582
2010-06-10,7.1701840538893045
2010-06-11,10.399667108975866
2010-06-12,16.260159030853973
2010-06-13,14.64500261112437
2010-06-14,14.978401476261814
2010-06-15,14.715692318065864
2010-06-16,13.136285848222327
2010-06-17,12.204084533869128
2010-06-18,12.006986160094465
2010-06-19,10.655615249616188
2010-06-20,9.558919266375563
2010-06-21,8.699436784573816
2010-06-22,8.03896517093431
2010-06-23,7.509709006185663
2010-06-24,7.068709350089983
2010-06-25,6.999508027933494
2010-06-26,7.063523449762099
2010-06-27,6.730625265801769
2010-06-28,6.480846871873253
2010-06-29,6.517751702325174
2010-06-30,6.510405351895073
2010-07-01,6.249501248224122
2010-07-02,6.016136258864371
2010-07-03,5.821303200046384
2010-07-04,5.65696242887849
2010-07-05,5.516868316999659
2010-07-06,5.396145264880919
2010-07-07,7.305279239771024
2010-07-08,12.49197659331155
2010-07-09,13.484688139749652
2010-07-10,11.713770070191117
2010-07-11,10.29450269304698
2010-07-12,9.192432732515941
2010-07-13,8.329622317165107
2010-07-14,7.648581688538485
2010-07-15,7.1065659292443355
2010-07-16,6.671556399436601
2010-07-17,6.321592317230727
2010-07-18,6.034772857544109
2010-07-19,5.797083491246096
2010-07-20,5.599264777504241
2010-07-21,5.433048242051061
2010-07-22,5.2918639943802726
2010-07-23,5.1706089937567095
2010-07-24,5.168169723359132
2010-07-25,5.296035411253279
2010-07-26,5.965558855446368
2010-07-27,7.217252213109616
2010-07-28,6.843907617990389
2010-07-29,7.258255592590552
2010-07-30,9.093715053991026
2010-07-31,9.482724600261157
2010-08-01,8.471018880090117
2010-08-02,7.686048549933449
2010-08-03,7.160591972210228
2010-08-04,6.836371303969649
2010-08-05,6.597906375267197
2010-08-06,6.492231898869911
2010-08-07,6.249504805041819
2010-08-08,5.916702910056043
2010-08-09,5.805448739811656
2010-08-10,7.754843154678731
2010-08-11,10.405278173587222
2010-08-12,9.199170111211014
2010-08-13,8.229942287061997
2010-08-14,7.469046142402354
2010-08-15,6.866920682920662
2010-08-16,6.3865864664854195
2010-08-17,6.044066001672792
2010-08-18,5.7866967009661785
2010-08-19,5.516847690994118
2010-08-20,5.289080291980499
2010-08-21,5.099965737534379
2010-08-22,4.9414208179189485
2010-08-23,4.8071675364323445
2010-08-24,4.692306164976222
2010-08-25,4.592994975126151
2010-08-26,4.506208558358439
2010-08-27,4.429554419821353
2010-08-28,4.361133047865697
2010-08-29,4.2994306090311465
2010-08-30,4.2432362623501065
2010-08-31,4.1932167669526486
2010-09-01,4.322228048819633
2010-09-02,4.532076650373796
2010-09-03,4.431879712587499
2010-09-04,4.331532170469887
2010-09-05,4.244429465549019
2010-09-06,4.168014417137248
2010-09-07,4.100261060742245
2010-09-08,4.039558071238507
2010-09-09,3.984619156396009
2010-09-10,3.9344138549401406
2010-09-11,3.888113851619936
2010-09-12,3.8450511506964147
2010-09-13,3.8046853545589623
2010-09-14,3.7665779648918587
2010-09-15,3.7303721234549783
2010-09-16,3.695776583697898
2010-09-17,3.662552986017912
2010-09-18,3.6305057224190413
2010-09-19,3.5994738381076163
2010-09-20,4.56053632715173
2010-09-21,6.589760628231747
2010-09-22,6.421669154098832
2010-09-23,7.03325361728162
2010-09-24,9.28880125338799
2010-09-25,9.846725868850386
2010-09-26,8.53276401044881
2010-09-27,7.526802431979724
2010-09-28,6.7348623245311465
2010-09-29,6.110690921696976
2010-09-30,5.615052955404792
2010-10-01,6.210206536900887
2010-10-02,7.725109277803302
2010-10-03,11.346215308473186
2010-10-04,20.008230327076507
2010-10-05,22.233982569673206
2010-10-06,18.81561278842513
2010-10-07,15.4744895445715
2010-10-08,12.98494800656511
2010-10-09,11.150384036574964
2010-10-10,10.565623095219731
2010-10-11,12.323878884520814
2010-10-12,12.789200156362533
2010-10-13,10.94739387487238
2010-10-14,9.498111117221535
2010-10-15,8.375736843774698
2010-10-16,7.499613911515035
2010-10-17,6.8103382503780425
2010-10-18,6.263803240172067
2010-10-19,5.827012217299077
2010-10-20,5.4751051047308685
2010-10-21,5.189227676093501
2010-10-22,4.954991481868306
2010-10-23,4.761351691424895
2010-10-24,4.5997832257465205
2010-10-25,4.463671557419334
2010-10-26,4.347859200736768
2010-10-27,4.282056509532526
2010-10-28,4.411421609853146
2010-10-29,5.441006844038586
2010-10-30,6.84885162546325
2010-10-31,6.245204859391399
2010-11-01,5.765242168647344
2010-11-02,5.380398900134273
2010-11-03,5.069344371313363
2010-11-04,4.815848970962404
2010-11-05,4.607489457859006
2010-11-06,4.43470199844876
2010-11-07,4.290084418041341
2010-11-08,4.167878493285035
2010-11-09,4.063583300447097
2010-11-10,3.9736646457314553
2010-11-11,3.8953354146128
2010-11-12,3.826388603346603
2010-11-13,3.7650697238774486
2010-11-14,4.128795423735025
2010-11-15,4.901716927884261
2010-11-16,4.657774368697231
2010-11-17,5.214076012942999
2010-11-18,6.776533464104342
2010-11-19,6.837961420395536
2010-11-20,6.17905835544067
2010-11-21,5.649406733929607
2010-11-22,5.835461288223851
2010-11-23,7.913624806770476
2010-11-24,10.474628649453159
2010-11-25,11.051928517259547
2010-11-26,10.098680440934167
2010-11-27,9.19464429843786
2010-11-28,8.04306021039357
2010-11-29,7.1384370049629275
2010-11-30,6.799864486240666
2010-12-01,6.959471901044663
2010-12-02,6.304399427281265
2010-12-03,5.812998123699109
2010-12-04,5.682583572440211
2010-12-05,6.704382014809384
2010-12-06,8.029215214853076
2010-12-07,9.585399957738893
2010-12-08,11.049570767775895
2010-12-09,9.508219635042236
2010-12-10,8.291240883869968
2010-12-11,7.344781071448679
2010-12-12,9.690358087037724
2010-12-13,14.876217975900936
2010-12-14,15.787207425079691
2010-12-15,16.060407904146526
2010-12-16,13.391368849671343
2010-12-17,11.33239146206615
2010-12-18,10.170915640667628
2010-12-19,9.664868053719674
2010-12-20,8.482015920713406
2010-12-21,7.550076207881766
2010-12-22,7.53913736774674
2010-12-23,19.626037052800303
2010-12-24,37.57722337876118
2010-12-25,30.936516368361826
2010-12-26,27.575266694402234
2010-12-27,24.28730773875036
2010-12-28,21.503389250951383
2010-12-29,21.94572778887672
2010-12-30,23.822847999389964
2010-12-31,19.504831348101476
