time,Qrouted
1980-01-01,2.3106664560535286
1980-01-02,2.6144316372764824
1980-01-03,2.413704075010576
1980-01-04,2.0585583287345544
1980-01-05,2.6231353028185853
1980-01-06,3.081886973883216
1980-01-07,2.8559510704858635
1980-01-08,2.9442501538991888
1980-01-09,2.8072630674665313
1980-01-10,2.415974137652055
1980-01-11,1.955779560727623
1980-01-12,1.9349637248083276
1980-01-13,2.1300711493472537
1980-01-14,2.4031291347469756
1980-01-15,2.355293600060793
1980-01-16,1.8710684220733296
1980-01-17,2.2885102433030617
1980-01-18,3.0973860667078856
1980-01-19,2.882860344997704
1980-01-20,2.4904646634490044
1980-01-21,2.240738022643199
1980-01-22,1.8325362785634727
1980-01-23,1.5051383904007947
1980-01-24,1.363202695017982
1980-01-25,1.3830542845298528
1980-01-26,1.394953864737696
1980-01-27,1.634317845781948
1980-01-28,2.014422149275791
1980-01-29,1.9349766693471944
1980-01-30,1.6240480064468648
1980-01-31,1.469540178042841
1980-02-01,1.2706504341753844
1980-02-02,1.1378543327853798
1980-02-03,1.216559011342628
1980-02-04,1.2349976230767705
1980-02-05,1.0838085899505938
1980-02-06,1.0611894708890168
1980-02-07,1.0422303434678508
1980-02-08,1.260840646080328
1980-02-09,1.4952201022506824
1980-02-10,1.3206125432339502
1980-02-11,1.129197190670335
1980-02-12,1.1506944975393825
1980-02-13,1.1816368407055966
1980-02-14,1.0510901281069558
1980-02-15,0.9282544135635069
1980-02-16,0.8353819579592966
1980-02-17,0.7644032061020644
1980-02-18,0.7095896787917352
1980-02-19,0.6668270364675343
1980-02-20,0.6331283084748321
1980-02-21,0.6063033336359228
1980-02-22,0.5847313531404298
1980-02-23,0.5672026772896416
1980-02-24,0.5528072092320377
1980-02-25,0.6363278481091384
1980-02-26,0.9172533532460121
1980-02-27,1.0656542250250032
1980-02-28,1.0391277326921091
1980-02-29,0.9720787670773964
1980-03-01,0.8662842806420846
1980-03-02,0.7835702843998672
1980-03-03,0.9126525416338863
1980-03-04,1.0301179738207478
1980-03-05,0.9716362620417133
1980-03-06,0.9256575314433785
1980-03-07,1.0768093982683984
1980-03-08,1.8477884190503095
1980-03-09,2.2821465052515175
1980-03-10,2.2324025867754718
1980-03-11,2.0581712330013793
1980-03-12,1.721587664828714
1980-03-13,1.418721554756581
1980-03-14,1.1975834335106534
1980-03-15,1.034213680531788
1980-03-16,0.91207331359492
1980-03-17,0.8197260309016534
1980-03-18,0.7491533936281091
1980-03-19,0.694661556819848
1980-03-20,0.6521599823143599
1980-03-21,0.6186782712300978
1980-03-22,0.6567483668145471
1980-03-23,1.0751183640712763
1980-03-24,1.3182417280774004
1980-03-25,1.121246612023154
1980-03-26,0.9748863598610754
1980-03-27,0.8650201669262724
1980-03-28,1.0105158545407493
1980-03-29,1.1516299013072178
1980-03-30,1.021776657473052
1980-03-31,1.4898980562326107
1980-04-01,2.320379895587948
1980-04-02,2.5229421710739026
1980-04-03,2.1646488388287404
1980-04-04,1.7370337261461157
1980-04-05,1.429493216517674
1980-04-06,1.2054609480506093
1980-04-07,1.0399247728530843
1980-04-08,0.9161564224931373
1980-04-09,0.8226214794190586
1980-04-10,0.751174427948088
1980-04-11,0.6960335350919705
1980-04-12,0.6530467184198604
1980-04-13,0.6191999848808014
1980-04-14,0.5922836421744538
1980-04-15,0.5706626892194769
1980-04-16,0.5844965338889396
1980-04-17,0.5971304550569458
1980-04-18,0.5734488488137491
1980-04-19,0.562456439332654
1980-04-20,0.5659523460266089
1980-04-21,0.55097894471253
1980-04-22,0.5353261045478384
1980-04-23,0.5224231782010896
1980-04-24,0.5116713850830422
1980-04-25,0.5026120320395336
1980-04-26,0.4948916045082495
1980-04-27,0.48823603063351406
1980-04-28,0.4824316405516844
1980-04-29,0.4773109762264045
1980-04-30,0.4820364336664533
1980-05-01,0.5929082421115542
1980-05-02,0.671027671075107
1980-05-03,0.6401187146891879
1980-05-04,0.6204755879751133
1980-05-05,0.5854498891190533
1980-05-06,0.5576792759775758
1980-05-07,0.5354605087289429
1980-05-08,0.5175059941435093
1980-05-09,0.5028492947238837
1980-05-10,0.4907594789183319
1980-05-11,0.4806797842624276
1980-05-12,0.4756021650835973
1980-05-13,0.4695011923927459
1980-05-14,0.4728805367388002
1980-05-15,0.5127102217514447
1980-05-16,0.5289417962991448
1980-05-17,0.5343472548695197
1980-05-18,0.5404092446668308
1980-05-19,0.5177107397266737
1980-05-20,0.4993949145268615
1980-05-21,0.4844883727094495
1980-05-22,0.4722312256328323
1980-05-23,0.46204572724144616
1980-05-24,0.45348960964705975
1980-05-25,0.4462221445567314
1980-05-26,0.44729701880563694
1980-05-27,0.44904914010043306
1980-05-28,0.44175666175762357
1980-05-29,0.43544856739823473
1980-05-30,0.4299500890259688
1980-05-31,0.4251291990983148
1980-06-01,0.4208545135989157
1980-06-02,0.41702216348023197
1980-06-03,0.4135496592699153
1980-06-04,0.41037120843842917
1980-06-05,0.42840499301587504
1980-06-06,0.45011011832409814
1980-06-07,0.43966804139656973
1980-06-08,0.4639235453424762
1980-06-09,0.5098682454411003
1980-06-10,0.5195506220568776
1980-06-11,0.5101520380760887
1980-06-12,0.4877122235802422
1980-06-13,0.46779403143035886
1980-06-14,0.4548933347629914
1980-06-15,0.4609546064201733
1980-06-16,0.48408380894410064
1980-06-17,0.4978896709383112
1980-06-18,0.563670283428529
1980-06-19,0.5950112199509424
1980-06-20,0.550958041189274
1980-06-21,0.5156230370819059
1980-06-22,0.4877477819458478
1980-06-23,0.46554990651073863
1980-06-24,0.4615306904782286
1980-06-25,0.4710122920903175
1980-06-26,0.45711239966524414
1980-06-27,0.44025265672933184
1980-06-28,0.42652879809864125
1980-06-29,0.41525585269359105
1980-06-30,0.4059020223387891
1980-07-01,0.39805953841903724
1980-07-02,0.41148617231331075
1980-07-03,0.47616540931610185
1980-07-04,0.4923564544896177
1980-07-05,0.46596037162680776
1980-07-06,0.4448986836264466
1980-07-07,0.43953464405239234
1980-07-08,0.4594322320539021
1980-07-09,0.45732577771887556
1980-07-10,0.43961047032180517
1980-07-11,0.42403235929033606
1980-07-12,0.4101872451209259
1980-07-13,0.39883022760735165
1980-07-14,0.38982283446772176
1980-07-15,0.38824984425645875
1980-07-16,0.3835175957226788
1980-07-17,0.3834297373764834
1980-07-18,0.38396246014711294
1980-07-19,0.37616564308522
1980-07-20,0.4507387759752311
1980-07-21,0.5620300651138911
1980-07-22,0.6430689912116717
1980-07-23,0.6400947740558383
1980-07-24,0.5760591836600097
1980-07-25,0.526630022098893
1980-07-26,0.4983724242668502
1980-07-27,0.48933047679347824
1980-07-28,0.6601577811814379
1980-07-29,0.7849712654093022
1980-07-30,0.7081512607033361
1980-07-31,0.6474586263393123
1980-08-01,0.678230800850018
1980-08-02,0.6833084321648825
1980-08-03,0.6091972736311969
1980-08-04,0.5514763391981508
1980-08-05,0.5067722174729852
1980-08-06,0.47183157352828536
1980-08-07,0.4442760383322874
1980-08-08,0.4223504052987037
1980-08-09,0.42979972048690923
1980-08-10,0.4425479345979922
1980-08-11,0.42607711867491266
1980-08-12,0.4113731246297283
1980-08-13,0.39700983122171146
1980-08-14,0.38381832965971885
1980-08-15,0.3726848369903697
1980-08-16,0.3634819762411379
1980-08-17,0.3557997566939239
1980-08-18,0.3493216956597489
1980-08-19,0.34380205330381686
1980-08-20,0.3390489627023621
1980-08-21,0.3357269910843768
1980-08-22,0.33239964270814387
1980-08-23,0.3289725529902933
1980-08-24,0.3274785582752043
1980-08-25,0.32580791278695037
1980-08-26,0.32345781178084265
1980-08-27,0.3209205937323119
1980-08-28,0.31978655303389175
1980-08-29,0.3186808352990978
1980-08-30,0.3161104032814132
1980-08-31,0.3137055565849264
1980-09-01,0.31148574254497663
1980-09-02,0.3094188829076552
1980-09-03,0.30747899776937493
1980-09-04,0.3056449754298581
1980-09-05,0.3040602591767584
1980-09-06,0.30243548921723246
1980-09-07,0.3117893965736123
1980-09-08,0.32112616502000324
1980-09-09,0.3159312113639941
1980-09-10,0.31145909346936984
1980-09-11,0.3075772384724225
1980-09-12,0.30417122310800937
1980-09-13,0.30115051318643754
1980-09-14,0.2984483404841626
1980-09-15,0.29761927039665786
1980-09-16,0.2976422714469104
1980-09-17,0.2952347310824004
1980-09-18,0.29274441105635957
1980-09-19,0.3014507778895062
1980-09-20,0.3121394530145773
1980-09-21,0.3133690320778719
1980-09-22,0.3126241622112685
1980-09-23,0.30691965750280603
1980-09-24,0.301912331751441
1980-09-25,0.2971699121213242
1980-09-26,0.2929094121978915
1980-09-27,0.28921466100668186
1980-09-28,0.2859762089764982
1980-09-29,0.2831074022715258
1980-09-30,0.28053932521433145
1980-10-01,0.27821693510712114
1980-10-02,0.27609609157529974
1980-10-03,0.27414126114998477
1980-10-04,0.2726794790167411
1980-10-05,0.27368688875584457
1980-10-06,0.2949837590691834
1980-10-07,0.30977909651941715
1980-10-08,0.30313287212436624
1980-10-09,0.30760292990733873
1980-10-10,0.3073701219567474
1980-10-11,0.2984066286975952
1980-10-12,0.2910470211746972
1980-10-13,0.31808128459641
1980-10-14,0.3836786358259114
1980-10-15,0.49103162557298496
1980-10-16,0.5282750461351031
1980-10-17,0.5034529051838129
1980-10-18,0.5103993579965613
1980-10-19,0.4938182255204951
1980-10-20,0.537277604524085
1980-10-21,0.5532788613499652
1980-10-22,0.49002159229687375
1980-10-23,0.4412906748221977
1980-10-24,0.40345220437567636
1980-10-25,0.37381617773687675
1980-10-26,0.35041706772073794
1980-10-27,0.3426729864697622
1980-10-28,0.3372834255026551
1980-10-29,0.32126914216200103
1980-10-30,0.3503506172653125
1980-10-31,0.41400314864798515
1980-11-01,0.51204008751875
1980-11-02,0.5386657184729436
1980-11-03,0.4785528680184517
1980-11-04,0.43138678620431087
1980-11-05,0.39470661924110395
1980-11-06,0.36593875435036444
1980-11-07,0.47029715799729704
1980-11-08,0.5681016843863577
1980-11-09,0.5160338847109803
1980-11-10,0.5363331379565139
1980-11-11,0.5462251400789412
1980-11-12,0.4833647120143998
1980-11-13,0.4348991776359335
1980-11-14,0.3972312921478964
1980-11-15,0.3677060074059273
1980-11-16,0.3443705157040809
1980-11-17,0.3257755165114663
1980-11-18,0.31244538012982753
1980-11-19,0.29990486882736594
1980-11-20,0.28979574416806037
1980-11-21,0.29196466129271476
1980-11-22,0.3154258433550742
1980-11-23,0.3429333154196899
1980-11-24,0.3722115347216774
1980-11-25,0.38935827195171185
1980-11-26,0.371382042391198
1980-11-27,0.3782162706893546
1980-11-28,0.41375723491545946
1980-11-29,0.4776089627202183
1980-11-30,0.56813141210938
1980-12-01,0.6067775963277035
1980-12-02,0.7722875520605109
1980-12-03,0.852518262206955
1980-12-04,0.805756053299198
1980-12-05,0.839174161865436
1980-12-06,0.8094714691285367
1980-12-07,0.7155295435892657
1980-12-08,0.6114200636772577
1980-12-09,0.5897969388345007
1980-12-10,0.62731669430586
1980-12-11,0.8609155593430843
1980-12-12,1.039253610181466
1980-12-13,0.911407365337634
1980-12-14,0.9745932721030642
1980-12-15,1.587995808347672
1980-12-16,1.8452475507317596
1980-12-17,1.4796781117050646
1980-12-18,1.1792221607539302
1980-12-19,0.9603579484437238
1980-12-20,0.7989544562750406
1980-12-21,0.6785613674600578
1980-12-22,0.5878032859846599
1980-12-23,0.5187041139683054
1980-12-24,0.5682354385554101
1980-12-25,0.6071691758170078
1980-12-26,1.0190343414573884
1980-12-27,1.5012838421720855
1980-12-28,1.7004863834777766
1980-12-29,1.7539948739149376
1980-12-30,1.5038152317383748
1980-12-31,1.3300820325569478
1981-01-01,1.1766475956970885
1981-01-02,0.9630769612948452
1981-01-03,0.805410976041613
1981-01-04,0.6876840329498539
1981-01-05,0.5988439364582716
1981-01-06,0.5311334983786198
1981-01-07,0.5602647234118584
1981-01-08,1.3757384011919591
1981-01-09,1.787589822571607
1981-01-10,1.474949916108578
1981-01-11,1.823536221237532
1981-01-12,3.5811428756484065
1981-01-13,5.225716650345951
1981-01-14,4.0633970648551045
1981-01-15,2.7404933086089858
1981-01-16,2.0913831873646194
1981-01-17,2.217246480466723
1981-01-18,2.2667858467859525
1981-01-19,1.8752267559888367
1981-01-20,1.483976482452965
1981-01-21,1.2018094679504683
1981-01-22,1.2930782643441205
1981-01-23,1.392101749133075
1981-01-24,1.2002389249776395
1981-01-25,0.9954641645242165
1981-01-26,0.8439324024474293
1981-01-27,0.7305388545214416
1981-01-28,0.6447760178244962
1981-01-29,0.5792552165072345
1981-01-30,0.5287157272814252
1981-01-31,0.48936881045784525
1981-02-01,0.4584569079672935
1981-02-02,0.43395332243900525
1981-02-03,0.4143549863288005
1981-02-04,0.39853776970638927
1981-02-05,0.3856543403265451
1981-02-06,0.47389450623752594
1981-02-07,0.589825026701556
1981-02-08,0.5648804656623002
1981-02-09,0.5563511662652241
1981-02-10,0.5395827034212545
1981-02-11,0.4957683263399379
1981-02-12,0.4614992553429122
1981-02-13,0.4344550030215746
1981-02-14,0.4357460651908886
1981-02-15,0.42970757768815804
1981-02-16,0.4415792882900869
1981-02-17,0.4279207341335906
1981-02-18,0.40699818374312113
1981-02-19,0.3901648120022725
1981-02-20,0.5049417458078344
1981-02-21,1.1162422959128284
1981-02-22,1.4905675226524269
1981-02-23,1.692703142062788
1981-02-24,2.0409944562795617
1981-02-25,2.2211217053979624
1981-02-26,2.05924902041913
1981-02-27,1.6166946412084624
1981-02-28,1.2991485528853204
1981-03-01,1.6017674840687823
1981-03-02,2.0896830114226064
1981-03-03,2.2231435034959657
1981-03-04,2.0912331011291747
1981-03-05,1.7064755946563424
1981-03-06,1.3819648162273703
1981-03-07,1.54138287294406
1981-03-08,1.9680240678502257
1981-03-09,1.7369952101592283
1981-03-10,1.392867896566841
1981-03-11,1.1466934239645263
1981-03-12,0.9638326302217536
1981-03-13,0.8266333289972793
1981-03-14,0.7235358495123663
1981-03-15,0.64533251761977
1981-03-16,0.5877121523235076
1981-03-17,0.5416003737298002
1981-03-18,0.5240008001214572
1981-03-19,0.5280714269660417
1981-03-20,0.5104906364773232
1981-03-21,0.47991778437267213
1981-03-22,0.45544073150370235
1981-03-23,0.4358383283815499
1981-03-24,0.41999418765195107
1981-03-25,0.40706666332372854
1981-03-26,0.3964165899303898
1981-03-27,0.38755524434368765
1981-03-28,0.38010653536820643
1981-03-29,0.37377930053976166
1981-03-30,0.36834684832975695
1981-03-31,0.36363173874178006
1981-04-01,0.3594943817917741
1981-04-02,0.3592514888889223
1981-04-03,0.3587321056670618
1981-04-04,0.46054560728116195
1981-04-05,0.5620084293762008
1981-04-06,0.5154653677180706
1981-04-07,0.4790563588666819
1981-04-08,0.4503788601590894
1981-04-09,0.42758750212188074
1981-04-10,0.40931055686278855
1981-04-11,0.39451991189172997
1981-04-12,0.3824390390862702
1981-04-13,0.37247719753205727
1981-04-14,0.36418194800234566
1981-04-15,0.3758600320891436
1981-04-16,0.38734734126356624
1981-04-17,0.37616356833878545
1981-04-18,0.3717389453835993
1981-04-19,0.36375807301790625
1981-04-20,0.355772819231474
1981-04-21,0.34904886030947063
1981-04-22,0.3433282937695746
1981-04-23,0.3384098519189757
1981-04-24,0.33478446189681293
1981-04-25,0.3317163957437805
1981-04-26,0.3283194402823505
1981-04-27,0.3987060556104813
1981-04-28,0.5011674802495228
1981-04-29,0.48631949207333575
1981-04-30,0.45076287372421736
1981-05-01,0.44196563287806834
1981-05-02,0.4608081472619538
1981-05-03,0.4528690604617827
1981-05-04,0.43651769494758086
1981-05-05,0.46324120492635773
1981-05-06,0.45932669875331755
1981-05-07,0.4284628526310314
1981-05-08,0.44861241060622975
1981-05-09,0.46502988095267583
1981-05-10,0.4331928797908209
1981-05-11,0.4267607507596896
1981-05-12,0.42092860559673123
1981-05-13,0.41214321682446003
1981-05-14,0.3987364865049243
1981-05-15,0.4096675131126404
1981-05-16,0.4155658225574108
1981-05-17,0.5148338084634647
1981-05-18,0.9019892292605801
1981-05-19,1.0521406361517178
1981-05-20,0.8761022111325397
1981-05-21,0.7450915647458644
1981-05-22,0.6466329658832977
1981-05-23,0.571872652625024
1981-05-24,0.5145515472461625
1981-05-25,0.47019111922942103
1981-05-26,0.4969708339713765
1981-05-27,0.5521833869294914
1981-05-28,0.6833007969557255
1981-05-29,0.806209835885859
1981-05-30,0.7512679650948012
1981-05-31,0.6916411463509246
1981-06-01,0.6331275904609218
1981-06-02,0.5613893146093895
1981-06-03,0.5368166757477747
1981-06-04,0.5787144746749283
1981-06-05,0.5636196609477916
1981-06-06,0.5078307650570266
1981-06-07,0.48171237490199026
1981-06-08,0.4578090361346798
1981-06-09,0.4253789881388313
1981-06-10,0.3997499568570766
1981-06-11,0.37933698089740603
1981-06-12,0.3629372903712314
1981-06-13,0.34964610536892055
1981-06-14,0.33877771784466687
1981-06-15,0.3298088152500934
1981-06-16,0.32233740533479044
1981-06-17,0.33906616797319344
1981-06-18,0.3541678390097684
1981-06-19,0.3414161595861933
1981-06-20,0.330956889526931
1981-06-21,0.32232080450548956
1981-06-22,0.3151222052311478
1981-06-23,0.3097556352809144
1981-06-24,0.32807569884828175
1981-06-25,0.34176313876864395
1981-06-26,0.33006702896177054
1981-06-27,0.3204505495493164
1981-06-28,0.32625707420752575
1981-06-29,0.34293649718635316
1981-06-30,0.3350360438694652
1981-07-01,0.32372194982194696
1981-07-02,0.33475388937427786
1981-07-03,0.3433185960823321
1981-07-04,0.32987569605048866
1981-07-05,0.3189044313116825
1981-07-06,0.3098826061393191
1981-07-07,0.3023947447642156
1981-07-08,0.2961726412143049
1981-07-09,0.290880796678494
1981-07-10,0.28633422822102794
1981-07-11,0.28240978430153646
1981-07-12,0.27898695953790037
1981-07-13,0.2759703404959136
1981-07-14,0.2745506914631977
1981-07-15,0.28974539849644815
1981-07-16,0.30120129146421043
1981-07-17,0.29401144623452546
1981-07-18,0.5013589503819179
1981-07-19,0.6921822543402092
1981-07-20,0.5962017758474836
1981-07-21,0.5232926547917062
1981-07-22,0.4675023924738846
1981-07-23,0.4244113305249875
1981-07-24,0.39082952344327104
1981-07-25,0.36443013160218407
1981-07-26,0.3437860182988371
1981-07-27,0.3271038817579745
1981-07-28,0.313541770862555
1981-07-29,0.30251258167006817
1981-07-30,0.2935716851695575
1981-07-31,0.34882617089261664
1981-08-01,0.3800816442286295
1981-08-02,0.35483883433456564
1981-08-03,0.3347568100437191
1981-08-04,0.32890074506206873
1981-08-05,0.3225412968579897
1981-08-06,0.3086537123109258
1981-08-07,0.297365691237331
1981-08-08,0.28812112613931107
1981-08-09,0.28048267549342165
1981-08-10,0.27411346307679946
1981-08-11,0.2687524342479651
1981-08-12,0.2641961440111754
1981-08-13,0.30479783510091213
1981-08-14,0.3392038294448902
1981-08-15,0.3341982476401694
1981-08-16,0.3210439290729555
1981-08-17,0.3549999574300211
1981-08-18,0.37396985106089664
1981-08-19,0.34744319502495613
1981-08-20,0.3751479741857011
1981-08-21,0.45792411419240425
1981-08-22,0.48998256607523655
1981-08-23,0.45920311420024257
1981-08-24,0.4143672849789459
1981-08-25,0.37875869558248515
1981-08-26,0.35082390032219896
1981-08-27,0.32872675004797786
1981-08-28,0.31163120034659186
1981-08-29,0.30253446268080136
1981-08-30,0.29157333500621985
1981-08-31,0.2913030323916456
1981-09-01,0.34284802011157606
1981-09-02,0.36387215722881244
1981-09-03,0.3381507936746624
1981-09-04,0.3193895986391851
1981-09-05,0.30356535940747637
1981-09-06,0.2899728590978592
1981-09-07,0.42166532088978315
1981-09-08,0.5286488580125611
1981-09-09,0.47679711658387225
1981-09-10,0.44087019521962834
1981-09-11,0.422337737843054
1981-09-12,0.4170581641039524
1981-09-13,0.4328291619719283
1981-09-14,0.4196986430914762
1981-09-15,0.38124626172853854
1981-09-16,0.35107397404704993
1981-09-17,0.35680058380226815
1981-09-18,0.3835374307372825
1981-09-19,0.3810189709843646
1981-09-20,0.35948310012305124
1981-09-21,0.3422705200338798
1981-09-22,0.3284591622662396
1981-09-23,0.308929031205026
1981-09-24,0.2932775213135154
1981-09-25,0.3069419418396353
1981-09-26,0.5129053494329906
1981-09-27,0.6526666094115956
1981-09-28,0.5898904992592545
1981-09-29,0.5196762231252217
1981-09-30,0.4576660421845861
1981-10-01,0.409880173347096
1981-10-02,0.37274446738819617
1981-10-03,0.34364359314331083
1981-10-04,0.320652980500767
1981-10-05,0.30234361989671454
1981-10-06,0.28764557930023
1981-10-07,0.2757515313294135
1981-10-08,0.2660478661781698
1981-10-09,0.25810999879860047
1981-10-10,0.34143974651797876
1981-10-11,0.40743370699424025
1981-10-12,0.3697537955661612
1981-10-13,0.3881842044066069
1981-10-14,0.5707249066521122
1981-10-15,0.6455576899449079
1981-10-16,0.6384601300251365
1981-10-17,0.6385788335882682
1981-10-18,0.5776301462947339
1981-10-19,0.9394191499129612
1981-10-20,1.170912357014372
1981-10-21,0.9505762502980293
1981-10-22,0.8448451819917934
1981-10-23,0.8912668848520163
1981-10-24,0.9722033768555552
1981-10-25,1.1172746506992532
1981-10-26,2.0963430728503196
1981-10-27,2.5630050878945876
1981-10-28,1.9446004054447352
1981-10-29,1.5955596659183466
1981-10-30,1.6243888232316748
1981-10-31,1.5865257437708313
1981-11-01,1.3113708778557482
1981-11-02,1.055581745278243
1981-11-03,0.9664495731560422
1981-11-04,1.110234731483736
1981-11-05,1.2168102667356144
1981-11-06,1.0909199241582364
1981-11-07,0.8955702701456446
1981-11-08,1.025917919375478
1981-11-09,1.3114091436108721
1981-11-10,1.418234506680528
1981-11-11,1.575679972533747
1981-11-12,1.5311093888833724
1981-11-13,2.09373529562574
1981-11-14,2.4807332512603435
1981-11-15,2.0667313943696364
1981-11-16,1.993183969955724
1981-11-17,1.812259865222291
1981-11-18,1.4281166231332794
1981-11-19,1.1509078821822223
1981-11-20,0.9482746571711688
1981-11-21,1.1573418951116168
1981-11-22,1.5595431313261472
1981-11-23,1.4741201746296195
1981-11-24,1.1865889007822432
1981-11-25,1.0861534393858243
1981-11-26,1.015689621847833
1981-11-27,0.8507745956615259
1981-11-28,0.727801876381693
1981-11-29,0.6351110837837409
1981-11-30,0.5645345556057052
1981-12-01,0.5102775047051135
1981-12-02,0.5079706678661122
1981-12-03,1.7853774853902875
1981-12-04,3.0593537471635273
1981-12-05,2.732795784112073
1981-12-06,2.163763927246262
1981-12-07,2.3722973248805075
1981-12-08,2.5561945901358825
1981-12-09,2.2872533355576237
1981-12-10,2.096267520665019
1981-12-11,1.7898091595826207
1981-12-12,1.548612711687805
1981-12-13,1.2956226284581014
1981-12-14,1.1454064725511406
1981-12-15,1.9978244322529122
1981-12-16,2.9470939545864443
1981-12-17,2.806417253643629
1981-12-18,2.6474820886929287
1981-12-19,2.6263625483843076
1981-12-20,2.639549415255705
1981-12-21,2.4511902223586266
1981-12-22,2.33456390113743
1981-12-23,2.247420779167086
1981-12-24,2.4966169813321595
1981-12-25,3.5667960971135173
1981-12-26,3.471523003238424
1981-12-27,2.532957032165322
1981-12-28,1.971293019502981
1981-12-29,1.5723488768874132
1981-12-30,1.2847515605792923
1981-12-31,1.2919094519065333
1982-01-01,1.4140307581622886
1982-01-02,1.517256369801321
1982-01-03,1.386833482560313
1982-01-04,1.2438670364206914
1982-01-05,1.1312526918414212
1982-01-06,0.9626068564608427
1982-01-07,0.8367554066245554
1982-01-08,0.7418220743831546
1982-01-09,0.6694568993889577
1982-01-10,0.7536781322227472
1982-01-11,1.0531986229366102
1982-01-12,1.2464843407382624
1982-01-13,1.1587577067776036
1982-01-14,0.9859397129786367
1982-01-15,0.8644100061058752
1982-01-16,0.76352572974859
1982-01-17,0.9088426267900175
1982-01-18,1.3049134491484276
1982-01-19,1.6684438739731233
1982-01-20,2.2065615366102844
1982-01-21,2.52654626075371
1982-01-22,2.2028246370269344
1982-01-23,1.7711651198026928
1982-01-24,1.46661533292491
1982-01-25,1.3987356796256103
1982-01-26,1.6247905721567453
1982-01-27,1.5852388846303727
1982-01-28,1.3007382879449465
1982-01-29,1.092651369837541
1982-01-30,0.9386377867034018
1982-01-31,0.8233144020323852
1982-02-01,0.7360136730169767
1982-02-02,0.6692366533550151
1982-02-03,0.6176456846852559
1982-02-04,0.5773977246986991
1982-02-05,0.5456964727107264
1982-02-06,0.5204873118684576
1982-02-07,0.5002468656575877
1982-02-08,0.48383610121017234
1982-02-09,0.4703966600538941
1982-02-10,0.4592769445034925
1982-02-11,0.44997891390291384
1982-02-12,0.4421194445115566
1982-02-13,0.43540203046334347
1982-02-14,0.4295958945235634
1982-02-15,0.4245204538248151
1982-02-16,0.49759374487979624
1982-02-17,0.7274061553184746
1982-02-18,0.772612284797915
1982-02-19,0.7137437445170334
1982-02-20,0.6465487243878525
1982-02-21,0.5946694402735411
1982-02-22,0.5542431622809014
1982-02-23,0.5224420429218761
1982-02-24,0.5156031222774092
1982-02-25,0.6197985897330754
1982-02-26,0.8472766506414683
1982-02-27,1.26124935297944
1982-02-28,1.3783476754237531
1982-03-01,1.141817513290617
1982-03-02,0.9675698263506529
1982-03-03,1.1818331420031318
1982-03-04,1.4928316476272387
1982-03-05,1.5945982195397324
1982-03-06,1.5772657870997933
1982-03-07,1.5082020620592032
1982-03-08,1.3466341094368286
1982-03-09,1.25628205289689
1982-03-10,1.6592256903835054
1982-03-11,1.7944581665842536
1982-03-12,1.4479400812850078
1982-03-13,1.1965287036133827
1982-03-14,1.0118778068241387
1982-03-15,0.9051025508236162
1982-03-16,0.9354166125916169
1982-03-17,1.4642017754476733
1982-03-18,1.9206237209460462
1982-03-19,1.726540190254198
1982-03-20,1.5313143252813222
1982-03-21,1.5015459557964839
1982-03-22,1.3708833030369316
1982-03-23,1.4780312275774286
1982-03-24,1.5451111110586158
1982-03-25,1.2708348841728423
1982-03-26,1.1026124419592722
1982-03-27,1.2868307631667146
1982-03-28,1.5812044063632433
1982-03-29,1.4863063694433087
1982-03-30,1.2337202080907101
1982-03-31,1.2198481549453082
1982-04-01,1.260041390269034
1982-04-02,1.4069047211047339
1982-04-03,1.43919652259708
1982-04-04,1.2022731966606086
1982-04-05,1.070740583307441
1982-04-06,1.080540689826469
1982-04-07,1.0098115011296263
1982-04-08,0.8783029438549511
1982-04-09,0.8821578146384482
1982-04-10,0.8911602757361717
1982-04-11,0.7887773352770484
1982-04-12,0.7108627177159109
1982-04-13,0.664205336317074
1982-04-14,0.8129233903747757
1982-04-15,0.9761969967570003
1982-04-16,0.9154038575511754
1982-04-17,0.8363637800633904
1982-04-18,0.8034378030198921
1982-04-19,0.7253086950190947
1982-04-20,0.6612786835102021
1982-04-21,0.6117430117460227
1982-04-22,0.5730468921074116
1982-04-23,0.5425274322115583
1982-04-24,0.5209008772162541
1982-04-25,0.5026023173673163
1982-04-26,0.4859590353548715
1982-04-27,0.47233618381673875
1982-04-28,0.4610768548815161
1982-04-29,0.45167249967509543
1982-04-30,0.44373217109515783
1982-05-01,0.4369534945197211
1982-05-02,0.4311012588097758
1982-05-03,0.4259915087719452
1982-05-04,0.4214796418040643
1982-05-05,0.4174514413753609
1982-05-06,0.41381628016259064
1982-05-07,0.410501937094075
1982-05-08,0.41167690005785057
1982-05-09,0.5200070187054467
1982-05-10,0.6105439785130488
1982-05-11,0.5654813330268809
1982-05-12,0.5301505491880525
1982-05-13,0.5022482944498131
1982-05-14,0.48000281348210533
1982-05-15,0.4620966283818943
1982-05-16,0.46258330913881957
1982-05-17,0.4741927360944747
1982-05-18,0.461748837752064
1982-05-19,0.44646978304034346
1982-05-20,0.4339536117493643
1982-05-21,0.44134154123516156
1982-05-22,0.5064372539130048
1982-05-23,0.5335518402783621
1982-05-24,0.5020163233664949
1982-05-25,0.47679094240980824
1982-05-26,0.4566242520751975
1982-05-27,0.44034713064039305
1982-05-28,0.4330824364696004
1982-05-29,0.42721705611468525
1982-05-30,0.42234586591133555
1982-05-31,0.42006358439085045
1982-06-01,0.4098654708973292
1982-06-02,0.4820252304769906
1982-06-03,0.857679033456573
1982-06-04,1.0920945544512632
1982-06-05,0.949349216545477
1982-06-06,0.8162378723754498
1982-06-07,0.734807750910157
1982-06-08,0.865007315333675
1982-06-09,0.9320367300167457
1982-06-10,0.8034570728701951
1982-06-11,0.706548154879974
1982-06-12,0.6328239178887506
1982-06-13,0.5761787850723067
1982-06-14,0.5322387882235194
1982-06-15,0.4978358782652703
1982-06-16,0.47065208623100885
1982-06-17,0.4489754451636674
1982-06-18,0.43153050781492647
1982-06-19,0.43065302844654374
1982-06-20,0.43035535497056165
1982-06-21,0.4159397251961457
1982-06-22,0.4041139964265976
1982-06-23,0.3943330908222788
1982-06-24,0.38616140455430864
1982-06-25,0.379263014971599
1982-06-26,0.37337733411042556
1982-06-27,0.36830108628769764
1982-06-28,0.3638748695043755
1982-06-29,0.35997306573726084
1982-06-30,0.3564962162796028
1982-07-01,0.3533652244356142
1982-07-02,0.3505169219425941
1982-07-03,0.3512536431203889
1982-07-04,0.3727586647673024
1982-07-05,0.4066569651591059
1982-07-06,0.4058316486095283
1982-07-07,0.3926719122195947
1982-07-08,0.3853943137165965
1982-07-09,0.40788453949288717
1982-07-10,0.45705289727977355
1982-07-11,0.504944341876049
1982-07-12,0.5203639347300376
1982-07-13,0.492411090344004
1982-07-14,0.459042820707126
1982-07-15,0.43269497876982604
1982-07-16,0.411938999220274
1982-07-17,0.39512208216714245
1982-07-18,0.3814034000184419
1982-07-19,0.40164019844220494
1982-07-20,0.47751993353222005
1982-07-21,0.5604398177067719
1982-07-22,0.5792962943477665
1982-07-23,0.6009260316499596
1982-07-24,0.7247545629216149
1982-07-25,0.7822982875580821
1982-07-26,1.4155220024703172
1982-07-27,2.1243392212179537
1982-07-28,1.9155246728203403
1982-07-29,1.6784703329751398
1982-07-30,1.441124250863653
1982-07-31,1.1706518831744956
1982-08-01,0.9726590139643608
1982-08-02,0.9570857028492021
1982-08-03,1.0662677949337032
1982-08-04,1.0247892312420637
1982-08-05,0.8783660879651168
1982-08-06,0.7577279208050965
1982-08-07,0.6650951230325207
1982-08-08,0.5945393074736722
1982-08-09,0.5402739191936642
1982-08-10,0.4981456489876521
1982-08-11,0.465141005952917
1982-08-12,0.51446564030465
1982-08-13,0.6415028924953495
1982-08-14,0.6481921784274113
1982-08-15,0.5861710547793987
1982-08-16,0.5345590813823623
1982-08-17,0.49282578633240987
1982-08-18,0.6551885003142205
1982-08-19,0.788875579283124
1982-08-20,0.6872301464724583
1982-08-21,0.6099825746588118
1982-08-22,0.5507806631987212
1982-08-23,0.5049775326754745
1982-08-24,0.46921466623453223
1982-08-25,0.4410395581557412
1982-08-26,0.4186441489992834
1982-08-27,0.40068364606253865
1982-08-28,0.38700699719539894
1982-08-29,0.3760149276339378
1982-08-30,0.4267464389359977
1982-08-31,0.47784722465742296
1982-09-01,0.4512887289790994
1982-09-02,0.42603312485515615
1982-09-03,0.4051708915461565
1982-09-04,0.39664795697554894
1982-09-05,0.4069666038619923
1982-09-06,0.4035917163519027
1982-09-07,0.44735687921078915
1982-09-08,0.4857181749459971
1982-09-09,0.45175470444178445
1982-09-10,0.4241585735027964
1982-09-11,0.5120547108233325
1982-09-12,0.6014165987483154
1982-09-13,0.6320458996444673
1982-09-14,0.7641217029706117
1982-09-15,0.8858116198685472
1982-09-16,0.8711018894472559
1982-09-17,0.7732772971302296
1982-09-18,0.7006731801101976
1982-09-19,0.6586270043205301
1982-09-20,0.5989897299504962
1982-09-21,0.538356352811653
1982-09-22,0.49450192176088253
1982-09-23,0.45923532946653856
1982-09-24,0.4792059601056103
1982-09-25,0.49861317322530835
1982-09-26,0.49429080873041514
1982-09-27,0.52653725179868
1982-09-28,0.5249132536249307
1982-09-29,0.48473006890656484
1982-09-30,0.448834032836791
1982-10-01,0.4205911787356044
1982-10-02,0.39815901303265955
1982-10-03,0.42508879558312435
1982-10-04,0.7949224832730044
1982-10-05,1.1573830350097367
1982-10-06,1.3602235572072514
1982-10-07,1.5715143447098574
1982-10-08,1.457206734300058
1982-10-09,1.2009272786953538
1982-10-10,1.2281527018020661
1982-10-11,1.2567050403711801
1982-10-12,1.0905487408399404
1982-10-13,0.926996365173752
1982-10-14,0.7878911411585204
1982-10-15,0.6834966576270416
1982-10-16,0.6043450236699667
1982-10-17,0.6059125271727106
1982-10-18,0.6125126665365421
1982-10-19,0.5499209224027436
1982-10-20,0.5015563741936043
1982-10-21,0.4638775191807658
1982-10-22,0.4342607475757109
1982-10-23,0.4107754120687006
1982-10-24,0.3919880036105506
1982-10-25,0.3768252315960933
1982-10-26,0.3644772421613555
1982-10-27,0.35432851079653643
1982-10-28,0.3459080263416998
1982-10-29,0.3388530614247991
1982-10-30,0.33288260391460933
1982-10-31,0.3277777203759959
1982-11-01,0.3233669357905618
1982-11-02,0.3195152723835759
1982-11-03,0.3161159777977403
1982-11-04,0.3130842440145298
1982-11-05,0.31035240987802076
1982-11-06,0.30786627636949565
1982-11-07,0.305582261565522
1982-11-08,0.3034651928891879
1982-11-09,0.3064147403289511
1982-11-10,0.311828997148134
1982-11-11,0.30807800630425863
1982-11-12,0.3047649767008406
1982-11-13,0.30181358383000817
1982-11-14,0.29915728008469994
1982-11-15,0.2967427456383233
1982-11-16,0.29452709583857906
1982-11-17,0.32198670885063163
1982-11-18,0.3534281560768305
1982-11-19,0.3401441606579942
1982-11-20,0.36388557991266607
1982-11-21,0.38738627470207404
1982-11-22,0.623361267489408
1982-11-23,0.9494496510673781
1982-11-24,0.9715547473702527
1982-11-25,0.8587572984432105
1982-11-26,0.9754609456112341
1982-11-27,1.1064314034081222
1982-11-28,1.0834163645011319
1982-11-29,1.0061173083806751
1982-11-30,1.0826310218124187
1982-12-01,1.2073188573891067
1982-12-02,1.0499007070916186
1982-12-03,0.8815780654486476
1982-12-04,0.7595495343484427
1982-12-05,0.6560838214661467
1982-12-06,0.645493634807722
1982-12-07,0.638689285110508
1982-12-08,0.5644010336959413
1982-12-09,0.5073886654927212
1982-12-10,0.4632538828853086
1982-12-11,0.4287830331622211
1982-12-12,0.40162531669802304
1982-12-13,0.380044902029471
1982-12-14,0.3627488377579442
1982-12-15,0.3487662187601957
1982-12-16,0.3373624390881582
1982-12-17,0.32797774011241726
1982-12-18,0.3201827621360724
1982-12-19,0.3136461157057191
1982-12-20,0.3256912519416324
1982-12-21,0.3404435853406735
1982-12-22,0.32949750508504205
1982-12-23,0.320467811364372
1982-12-24,0.3161882566414608
1982-12-25,0.3156732052975852
1982-12-26,0.30869291509149727
1982-12-27,0.30280727487836895
1982-12-28,0.3680006786267418
1982-12-29,0.6942071743100721
1982-12-30,0.9463951379711394
1982-12-31,1.0230204594579957
1983-01-01,1.137866656026053
1983-01-02,1.065225878707018
1983-01-03,0.8811587306089218
1983-01-04,0.7444614460704423
1983-01-05,0.6418641897246317
1983-01-06,0.5640669831039123
1983-01-07,0.5045020462361823
1983-01-08,0.45847460397174794
1983-01-09,0.42259116310266726
1983-01-10,0.3943735010970495
1983-01-11,0.37199452219458035
1983-01-12,0.3540952496411738
1983-01-13,0.3396565641590397
1983-01-14,0.32790834415290815
1983-01-15,0.3182644555579896
1983-01-16,0.3137017438184537
1983-01-17,0.31217551750044625
1983-01-18,0.3608357812597576
1983-01-19,0.40597641592452643
1983-01-20,0.37955892165778327
1983-01-21,0.3585413013701304
1983-01-22,0.34170151965351886
1983-01-23,0.32809443249567566
1983-01-24,0.4007593709554227
1983-01-25,0.5976212000163208
1983-01-26,0.6527238225293183
1983-01-27,0.6929958011617184
1983-01-28,0.9350695843715567
1983-01-29,0.9821840373525149
1983-01-30,0.8172053979658428
1983-01-31,0.6941745123481353
1983-02-01,0.6015037543845785
1983-02-02,0.5309990937456429
1983-02-03,0.5228341539169251
1983-02-04,0.8711297984176501
1983-02-05,1.3894089817604074
1983-02-06,2.25129728465599
1983-02-07,2.5347501121439264
1983-02-08,1.9381141759338618
1983-02-09,1.5166105776323902
1983-02-10,1.213779287711563
1983-02-11,0.9932221920409675
1983-02-12,0.83057303197339
1983-02-13,0.7092427876398685
1983-02-14,0.61776345220426
1983-02-15,0.5480961320251216
1983-02-16,0.5341975264694659
1983-02-17,0.5537084087436712
1983-02-18,0.5165182299481151
1983-02-19,0.46993481768174966
1983-02-20,0.5381587720332152
1983-02-21,0.6088215681456964
1983-02-22,0.5615314948741067
1983-02-23,0.5044305250447653
1983-02-24,0.46023238566202535
1983-02-25,0.4257162632816082
1983-02-26,0.39852636754032594
1983-02-27,0.5238066887340208
1983-02-28,0.9503751792380583
1983-03-01,1.1196630517782793
1983-03-02,1.0019230437460032
1983-03-03,0.8942872384853368
1983-03-04,0.7567968518018787
1983-03-05,0.6535859548401448
1983-03-06,0.5753305558755178
1983-03-07,0.5154162101081046
1983-03-08,0.4691165039960716
1983-03-09,0.4330161888441815
1983-03-10,0.40462188609085775
1983-03-11,0.38384358232940624
1983-03-12,0.375824037465964
1983-03-13,0.36585567480886766
1983-03-14,0.35203530820175394
1983-03-15,0.6945230149365306
1983-03-16,1.3072925722465552
1983-03-17,1.4527422469993285
1983-03-18,1.2484332769057216
1983-03-19,1.151359844751948
1983-03-20,1.0707502471360442
1983-03-21,1.0329079018955485
1983-03-22,1.0191583488070657
1983-03-23,0.9145645238438723
1983-03-24,1.1044861430610788
1983-03-25,1.3085292086853033
1983-03-26,1.2032820957830828
1983-03-27,1.5358542093801437
1983-03-28,1.7562750434061039
1983-03-29,1.405345141944325
1983-03-30,1.138368863165338
1983-03-31,0.9428695848031547
1983-04-01,0.7979878504590538
1983-04-02,0.6894116050238077
1983-04-03,0.6071888152216964
1983-04-04,0.544305975189546
1983-04-05,0.49575948029997297
1983-04-06,0.46134371826595816
1983-04-07,0.456752281503029
1983-04-08,0.4354303485302838
1983-04-09,0.4312811817008633
1983-04-10,0.43619997982706343
1983-04-11,0.4104202974893154
1983-04-12,0.38986129726800417
1983-04-13,0.37334527808688867
1983-04-14,0.3629839555606045
1983-04-15,0.36246813833045444
1983-04-16,0.41581167958590126
1983-04-17,0.4579589936742546
1983-04-18,0.5523657937659924
1983-04-19,0.7175362814704594
1983-04-20,0.6925347225634387
1983-04-21,0.6068828716593172
1983-04-22,0.5414486604765724
1983-04-23,0.49102522774858076
1983-04-24,0.4518145626919566
1983-04-25,0.4210528167020296
1983-04-26,0.39670897229876695
1983-04-27,0.3772769618997088
1983-04-28,0.36163055086858026
1983-04-29,0.3489209164946822
1983-04-30,0.33850361790680306
1983-05-01,0.3302368443184087
1983-05-02,0.40475150001688925
1983-05-03,0.551930764172954
1983-05-04,0.5922257592024531
1983-05-05,0.6926477581957498
1983-05-06,0.748948910320753
1983-05-07,0.6473864559608811
1983-05-08,0.5702915485358461
1983-05-09,0.5112561843085369
1983-05-10,0.46562715030327345
1983-05-11,0.43004216074914076
1983-05-12,0.4020464756370203
1983-05-13,0.37983072465359013
1983-05-14,0.36204936134295784
1983-05-15,0.4683952426028828
1983-05-16,0.5598332351133479
1983-05-17,0.5022563946386949
1983-05-18,0.46536260557146614
1983-05-19,0.4351294293499494
1983-05-20,0.5403114479394681
1983-05-21,0.6759405355663336
1983-05-22,0.6264250466447432
1983-05-23,0.5860568682072838
1983-05-24,0.8068779585895002
1983-05-25,1.1185128301360852
1983-05-26,1.202790657203731
1983-05-27,1.0763496537660262
1983-05-28,0.8919356172068745
1983-05-29,0.7547254771919883
1983-05-30,0.6517316443487154
1983-05-31,0.5736230616867725
1983-06-01,0.5138096231849726
1983-06-02,0.4675804099093708
1983-06-03,0.43153017691260337
1983-06-04,0.4031720898366073
1983-06-05,0.3806727005481358
1983-06-06,0.3626683165415017
1983-06-07,0.348278537572837
1983-06-08,0.5966137958987824
1983-06-09,0.9029643669841202
1983-06-10,1.0432396217059756
1983-06-11,1.0808518862582026
1983-06-12,0.9460226698958132
1983-06-13,0.8385073157081311
1983-06-14,0.9916484349063001
1983-06-15,1.080560910746353
1983-06-16,0.8955873155168312
1983-06-17,0.7857434348776953
1983-06-18,0.7561518915398676
1983-06-19,0.6858745208744534
1983-06-20,0.601911714146089
1983-06-21,0.5368211038713073
1983-06-22,0.4861615918274664
1983-06-23,0.4467823533690532
1983-06-24,0.41590073406037903
1983-06-25,0.39147251409303735
1983-06-26,0.4160975924437453
1983-06-27,0.4364395093279359
1983-06-28,0.4071984024800715
1983-06-29,0.3884891476223547
1983-06-30,0.3710746736933923
1983-07-01,0.3619202151664694
1983-07-02,0.4128159304817336
1983-07-03,0.466169081709549
1983-07-04,0.4560385100608162
1983-07-05,0.5094244203090416
1983-07-06,0.5821582619428556
1983-07-07,1.340640341788984
1983-07-08,1.9496839440727332
1983-07-09,1.5428486090366171
1983-07-10,1.2724799281501493
1983-07-11,1.1368603186013695
1983-07-12,0.9825847905270303
1983-07-13,0.8237092904284994
1983-07-14,0.7424189415842215
1983-07-15,0.6916851836957488
1983-07-16,0.607762877225971
1983-07-17,0.5413873742423666
1983-07-18,0.4902663225627584
1983-07-19,0.4505346811486571
1983-07-20,0.43762667614343576
1983-07-21,0.4379771868154932
1983-07-22,0.4129109497702057
1983-07-23,0.3893655994133782
1983-07-24,0.37054464390746417
1983-07-25,0.35710416765278924
1983-07-26,0.3450875699601583
1983-07-27,0.3345764632636982
1983-07-28,0.3258889803587966
1983-07-29,0.31864064898620253
1983-07-30,0.31253397678997247
1983-07-31,0.30733746055461825
1983-08-01,0.3028699804792143
1983-08-02,0.29898911641600917
1983-08-03,0.2955823423663185
1983-08-04,0.2925603485491801
1983-08-05,0.289851946905151
1983-08-06,0.35982980247701096
1983-08-07,0.5777945010231983
1983-08-08,0.6580541968548458
1983-08-09,0.5749960681553742
1983-08-10,0.514419877038007
1983-08-11,0.46590081443080006
1983-08-12,0.42724292631059585
1983-08-13,0.3969578379043473
1983-08-14,0.37302567599379605
1983-08-15,0.353950844612056
1983-08-16,0.34570906103075805
1983-08-17,0.4062938338267472
1983-08-18,0.44220632460492676
1983-08-19,0.5013415642520954
1983-08-20,0.6323935946023939
1983-08-21,0.8556599978133881
1983-08-22,0.9281791623675003
1983-08-23,0.7857712885580233
1983-08-24,0.75356982920588
1983-08-25,0.8350080083366548
1983-08-26,0.8302148833665096
1983-08-27,0.7109052400554311
1983-08-28,0.6150608269318177
1983-08-29,0.542225685478978
1983-08-30,0.5083524755954604
1983-08-31,0.5271331243175212
1983-09-01,0.509011627453069
1983-09-02,0.4605616157217552
1983-09-03,0.4227862277190249
1983-09-04,0.39316170088242514
1983-09-05,0.4147437632768252
1983-09-06,0.5539846376488596
1983-09-07,0.6087211577139029
1983-09-08,0.5718233692790554
1983-09-09,0.5360466736040705
1983-09-10,0.48080144304684874
1983-09-11,0.4595668784989766
1983-09-12,0.45843191635772285
1983-09-13,0.45056634605811724
1983-09-14,0.430701276690949
1983-09-15,0.3986084822122036
1983-09-16,0.3732822825953483
1983-09-17,0.35567801335934796
1983-09-18,0.3408703690785882
1983-09-19,0.32703410167966
1983-09-20,0.31576456652739976
1983-09-21,0.3065086032106072
1983-09-22,0.2988370409964992
1983-09-23,0.29241889160678164
1983-09-24,0.2869973711101062
1983-09-25,0.28237215087857365
1983-09-26,0.27838612295257825
1983-09-27,0.3518043478689834
1983-09-28,0.4184678204141432
1983-09-29,0.3881583392817127
1983-09-30,0.3634343684978561
1983-10-01,0.397122014861526
1983-10-02,0.4232842966494243
1983-10-03,0.3898841982374763
1983-10-04,0.36355363944130376
1983-10-05,0.34265102482400295
1983-10-06,0.32591894222214957
1983-10-07,0.3124129721161473
1983-10-08,0.3953994207003338
1983-10-09,0.5398960877467529
1983-10-10,0.5394289018499427
1983-10-11,0.4793418446576543
1983-10-12,0.43276809824941803
1983-10-13,0.46263864352867295
1983-10-14,0.501368011412152
1983-10-15,0.4870401603563482
1983-10-16,0.4920389891888712
1983-10-17,0.49969141946815293
1983-10-18,0.4773216576331801
1983-10-19,0.43209180799871416
1983-10-20,0.39552985604336993
1983-10-21,0.390556026776605
1983-10-22,0.5113633738145201
1983-10-23,0.9793770044599158
1983-10-24,1.3741768394662746
1983-10-25,1.2404925900219548
1983-10-26,1.0034631557634726
1983-10-27,0.8291913125225742
1983-10-28,0.723976652510037
1983-10-29,0.6519773638538833
1983-10-30,0.5662306096065818
1983-10-31,0.5008180870874049
1983-11-01,0.45046890180457266
1983-11-02,0.41136796971784256
1983-11-03,0.3808128902766692
1983-11-04,0.35745477375458773
1983-11-05,0.3834776639945288
1983-11-06,0.4108188081923836
1983-11-07,0.6914077729511918
1983-11-08,0.910395812064161
1983-11-09,0.7602729350439791
1983-11-10,0.6478784506199141
1983-11-11,0.6354401414344618
1983-11-12,1.0409558545152469
1983-11-13,1.255089594687065
1983-11-14,1.0538406306825738
1983-11-15,0.8680978696133055
1983-11-16,0.7302684805786605
1983-11-17,0.6268780905988894
1983-11-18,0.548523612362892
1983-11-19,0.5767432675574485
1983-11-20,0.937568376492728
1983-11-21,1.1009594544940433
1983-11-22,1.0794615398355165
1983-11-23,1.06658875319887
1983-11-24,1.1747065059971333
1983-11-25,1.3099314792561547
1983-11-26,1.1293430615701074
1983-11-27,0.9269551507161634
1983-11-28,0.8064842937008224
1983-11-29,1.0284154574393176
1983-11-30,1.3676070230873716
1983-12-01,1.3578696237856525
1983-12-02,1.1332910334140862
1983-12-03,0.9926712278856807
1983-12-04,1.0580911551474907
1983-12-05,1.0312279239969857
1983-12-06,0.884142559947736
1983-12-07,0.7749270197856046
1983-12-08,0.6661839619620833
1983-12-09,0.5838887124596092
1983-12-10,0.520993982143037
1983-12-11,0.4724749101973021
1983-12-12,1.4434587872100053
1983-12-13,2.210518490318838
1983-12-14,1.9775360759392944
1983-12-15,1.9135773269327767
1983-12-16,1.8461341881459556
1983-12-17,1.4552010378878706
1983-12-18,1.1732566796977917
1983-12-19,0.9672840394076729
1983-12-20,0.8149581910451533
1983-12-21,0.7010241241052197
1983-12-22,0.6149009665450987
1983-12-23,0.5491492397388424
1983-12-24,0.49847262510241963
1983-12-25,0.45905716734796403
1983-12-26,0.4281272619836967
1983-12-27,0.4036431721349864
1983-12-28,0.3840923240367471
1983-12-29,0.3683435992717636
1983-12-30,0.355544487639104
1983-12-31,0.34504774806821975
1984-01-01,0.3363586103516884
1984-01-02,0.32909642389290394
1984-01-03,0.4383893580199274
1984-01-04,0.8837688354296512
1984-01-05,2.0303570160529643
1984-01-06,2.4296944091290054
1984-01-07,2.2591461622474456
1984-01-08,2.5922990126989913
1984-01-09,2.6871445030710572
1984-01-10,2.0725924290040645
1984-01-11,1.6222809233857791
1984-01-12,1.2996284536672247
1984-01-13,1.0650645853788137
1984-01-14,0.8924243085876156
1984-01-15,0.7638628485742479
1984-01-16,0.6670761924947017
1984-01-17,0.5934605167431778
1984-01-18,0.5369212360603619
1984-01-19,0.4930897669637612
1984-01-20,0.4588003951588004
1984-01-21,0.4317358614781101
1984-01-22,0.4101840777729004
1984-01-23,0.6394093107960818
1984-01-24,0.8414152387646748
1984-01-25,0.7244294688093441
1984-01-26,0.6360736761149399
1984-01-27,0.5686660148281772
1984-01-28,1.1855438729456618
1984-01-29,1.4360470468339896
1984-01-30,1.426175239549569
1984-01-31,1.2549162110255025
1984-02-01,1.032911696261395
1984-02-02,0.9858656725571842
1984-02-03,0.9244583001633976
1984-02-04,0.7886022224969095
1984-02-05,0.6865429445349092
1984-02-06,1.151111783652233
1984-02-07,2.7014704977511705
1984-02-08,2.9389906608618968
1984-02-09,2.518059076756105
1984-02-10,2.937925343395585
1984-02-11,4.124259294325175
1984-02-12,3.7003961972433754
1984-02-13,2.886969326576386
1984-02-14,2.4868957203092457
1984-02-15,2.1557690788906485
1984-02-16,2.023562489208516
1984-02-17,1.713380719348261
1984-02-18,2.5207334319520496
1984-02-19,3.2940761891926194
1984-02-20,3.8892915719791326
1984-02-21,4.197376614787982
1984-02-22,3.282374047662799
1984-02-23,3.421205718756625
1984-02-24,3.5257979056961335
1984-02-25,3.0609889301513693
1984-02-26,2.874995137282624
1984-02-27,2.6048297549521306
1984-02-28,2.150336064183326
1984-02-29,1.7088628323801134
1984-03-01,1.3918872935969928
1984-03-02,1.1611550760094953
1984-03-03,1.0445729447676053
1984-03-04,1.0181695278384144
1984-03-05,0.931101642412049
1984-03-06,0.8472266452262639
1984-03-07,0.7899963091227699
1984-03-08,0.7183916546781681
1984-03-09,0.882083112400815
1984-03-10,1.3063743643256707
1984-03-11,2.0226358607474135
1984-03-12,3.1354442320888327
1984-03-13,3.740167824356064
1984-03-14,3.121718165732671
1984-03-15,2.631866896611626
1984-03-16,2.5183034719656443
1984-03-17,2.443792872174644
1984-03-18,2.3749577302478744
1984-03-19,3.1084772914099457
1984-03-20,4.483588818617483
1984-03-21,4.126422415714915
1984-03-22,3.759450658361865
1984-03-23,3.5598887059625905
1984-03-24,2.8054136783564254
1984-03-25,2.2109257416283676
1984-03-26,1.7867704502922646
1984-03-27,1.5000028441931965
1984-03-28,1.3701648324314204
1984-03-29,1.2259751656878344
1984-03-30,1.0552305494948222
1984-03-31,0.9277232484652642
1984-04-01,0.8314632005334893
1984-04-02,0.7580070229542816
1984-04-03,0.7013687909437566
1984-04-04,0.6620046676384042
1984-04-05,0.6384913314482309
1984-04-06,0.6075318130468743
1984-04-07,0.582795246883392
1984-04-08,0.646489644576964
1984-04-09,0.8635471565185674
1984-04-10,0.9993614999256941
1984-04-11,0.9434587962951925
1984-04-12,0.8400882311223743
1984-04-13,0.7614073131978701
1984-04-14,0.7009287185659754
1984-04-15,0.653968920262567
1984-04-16,0.6171418712441888
1984-04-17,0.5879743459015159
1984-04-18,0.5646426441347105
1984-04-19,0.5457901233496257
1984-04-20,0.5303992854726198
1984-04-21,0.5177011452887825
1984-04-22,0.5071103715266965
1984-04-23,0.49817843775956083
1984-04-24,0.4905594859427583
1984-04-25,0.48398524866139675
1984-04-26,0.47824648395263786
1984-04-27,0.47317913149431057
1984-04-28,0.47141286313455266
1984-04-29,0.46865084340567315
1984-04-30,0.46424102292969033
1984-05-01,0.46176426315884805
1984-05-02,0.4859915564713934
1984-05-03,0.5391541565413299
1984-05-04,0.5546238280116336
1984-05-05,0.5698671342798107
1984-05-06,0.576928058528997
1984-05-07,0.548913190443365
1984-05-08,0.5410816009967944
1984-05-09,0.539130699353181
1984-05-10,0.5193480996335321
1984-05-11,0.5187445693608197
1984-05-12,0.5462190551357632
1984-05-13,0.6029061324088092
1984-05-14,0.6148291029048669
1984-05-15,0.5759109780679351
1984-05-16,0.5460295914762994
1984-05-17,0.521770999232237
1984-05-18,0.5019295277881485
1984-05-19,0.4942364744638752
1984-05-20,0.48434675847037156
1984-05-21,0.4711697087187358
1984-05-22,0.4602513387976029
1984-05-23,0.5823601442670714
1984-05-24,0.6920703904081339
1984-05-25,0.632507870363959
1984-05-26,0.5862731378453748
1984-05-27,0.6818110389899011
1984-05-28,0.7599609236399267
1984-05-29,0.7040351680802757
1984-05-30,0.7216792493117935
1984-05-31,0.7583167897288575
1984-06-01,0.7440128438105077
1984-06-02,0.7489215496318362
1984-06-03,0.9068240927075051
1984-06-04,0.9572808071722557
1984-06-05,0.8392926421626976
1984-06-06,0.8608724326816417
1984-06-07,0.8512741036979827
1984-06-08,0.7640451987115685
1984-06-09,0.7535619713201896
1984-06-10,0.7236024757331561
1984-06-11,0.8479031726949927
1984-06-12,0.9427321368307378
1984-06-13,0.8208113327266474
1984-06-14,0.7286692707113708
1984-06-15,0.6583892170609257
1984-06-16,0.6042463289906655
1984-06-17,0.5621301812513132
1984-06-18,0.529057454928157
1984-06-19,0.5081466681809035
1984-06-20,0.48865668404285545
1984-06-21,0.511859516683264
1984-06-22,0.8448378820592177
1984-06-23,1.1245985170479236
1984-06-24,2.101956858782691
1984-06-25,4.220327822901566
1984-06-26,4.12599565157839
1984-06-27,2.862324803084429
1984-06-28,2.342055834364158
1984-06-29,1.9280907008529367
1984-06-30,1.5470692967624249
1984-07-01,1.2718188897310156
1984-07-02,1.0703409255844234
1984-07-03,0.9210312776068524
1984-07-04,0.8409149341973999
1984-07-05,0.8030076093287929
1984-07-06,0.7301710900100918
1984-07-07,0.8781156420265462
1984-07-08,1.00852944292065
1984-07-09,0.8774049706784943
1984-07-10,0.7755293845752605
1984-07-11,0.6981008196676252
1984-07-12,0.6386486467605731
1984-07-13,0.5969694606769701
1984-07-14,0.5617902716070194
1984-07-15,0.5412651987612905
1984-07-16,0.5298137923364895
1984-07-17,0.5198628008837839
1984-07-18,0.7393913483291968
1984-07-19,0.9403069706625198
1984-07-20,0.838689630104953
1984-07-21,0.7439741889508612
1984-07-22,0.6753520031073811
1984-07-23,0.7191233222205748
1984-07-24,0.7813510986736679
1984-07-25,0.7244748342781638
1984-07-26,0.6562965526573323
1984-07-27,0.6036837859218012
1984-07-28,0.5672380417683217
1984-07-29,0.536010576224316
1984-07-30,0.6254178360429391
1984-07-31,0.6944738041211576
1984-08-01,0.7677278824234751
1984-08-02,0.8551320358372784
1984-08-03,0.7929098618603311
1984-08-04,0.8866237431897153
1984-08-05,1.0107721145377224
1984-08-06,0.9343110373232939
1984-08-07,0.8330487101672701
1984-08-08,0.778832845016002
1984-08-09,0.7294517478306992
1984-08-10,0.7246985315071836
1984-08-11,0.742604583585745
1984-08-12,0.6990419410978569
1984-08-13,0.6346914272260876
1984-08-14,0.5904403185235159
1984-08-15,0.5754450616555873
1984-08-16,0.550248353171308
1984-08-17,0.5185788906698064
1984-08-18,0.49342239695134404
1984-08-19,0.47326559626955494
1984-08-20,0.4569605802369452
1984-08-21,0.44750469094235296
1984-08-22,0.43953729689206456
1984-08-23,0.42907816845612445
1984-08-24,0.42033000735022985
1984-08-25,0.4129425082972553
1984-08-26,0.4066361114015317
1984-08-27,0.4014992193057107
1984-08-28,0.3968238284728569
1984-08-29,0.39256685310913153
1984-08-30,0.3887744132644812
1984-08-31,0.3853595877823135
1984-09-01,0.38225305940526666
1984-09-02,0.379399324769536
1984-09-03,0.49522204722086527
1984-09-04,0.6008095458325707
1984-09-05,0.5519685236921062
1984-09-06,0.513809089798772
1984-09-07,0.7934960165086561
1984-09-08,1.105402621573634
1984-09-09,1.2944994258367264
1984-09-10,1.3942542793485089
1984-09-11,1.305181133955524
1984-09-12,1.1830719950540929
1984-09-13,1.2806694848451852
1984-09-14,1.3276584020994242
1984-09-15,1.0985926618720947
1984-09-16,0.9957611413658585
1984-09-17,1.0132350323892327
1984-09-18,0.9417670901971343
1984-09-19,0.8130493058723266
1984-09-20,0.7160584677401517
1984-09-21,0.6422477948615091
1984-09-22,0.5855177952158113
1984-09-23,0.5414972868245219
1984-09-24,0.5640973940616342
1984-09-25,0.6128816381158911
1984-09-26,0.7509527036700813
1984-09-27,1.5917349270980508
1984-09-28,2.8270429979720215
1984-09-29,2.9484459649130415
1984-09-30,2.29655237121755
1984-10-01,1.8000414540718441
1984-10-02,1.4455732848385097
1984-10-03,1.1888800371378008
1984-10-04,1.0005365497559453
1984-10-05,0.8606613330746398
1984-10-06,0.7556049930638208
1984-10-07,0.6758597527714589
1984-10-08,0.6147144856095162
1984-10-09,0.611033543387309
1984-10-10,0.6132880335630632
1984-10-11,0.6055630140385805
1984-10-12,0.9946989625625974
1984-10-13,1.3921182805632595
1984-10-14,1.3677764534862333
1984-10-15,1.4889047687644617
1984-10-16,1.5034436726491878
1984-10-17,1.3280044902378882
1984-10-18,1.9081289265917099
1984-10-19,2.4199813383292104
1984-10-20,2.412689847346722
1984-10-21,2.185996408830882
1984-10-22,1.7272083752044134
1984-10-23,1.398401791473279
1984-10-24,1.1595234478689658
1984-10-25,0.9837242963053142
1984-10-26,0.8527943755058399
1984-10-27,0.7541886867198925
1984-10-28,0.6791412434221403
1984-10-29,0.6214466989423476
1984-10-30,0.7213436047316559
1984-10-31,0.8896034401588758
1984-11-01,0.8553119481553266
1984-11-02,0.7592221506468806
1984-11-03,0.6874626129843356
1984-11-04,0.7175461869462688
1984-11-05,0.743307224190414
1984-11-06,0.8941382393438376
1984-11-07,1.006154455087809
1984-11-08,0.8682437026531559
1984-11-09,0.7645055022636719
1984-11-10,0.9522121320088871
1984-11-11,1.382460509497081
1984-11-12,1.4076935473741907
1984-11-13,1.1655479307475842
1984-11-14,0.9873560681208035
1984-11-15,1.1232083191762545
1984-11-16,1.2995174328780525
1984-11-17,1.5658602788404758
1984-11-18,1.6593990245240533
1984-11-19,1.3504938841511818
1984-11-20,1.1253411106970799
1984-11-21,0.9592557096980397
1984-11-22,0.8352899376839312
1984-11-23,0.7417360766681664
1984-11-24,0.6703925658866098
1984-11-25,0.7546162783137754
1984-11-26,0.8582199621136306
1984-11-27,0.8149871595628144
1984-11-28,0.749827655501946
1984-11-29,0.675965836851936
1984-11-30,0.6191453775339987
1984-12-01,0.5750189282204086
1984-12-02,0.540422830889489
1984-12-03,0.5130419525956197
1984-12-04,0.4911661664980147
1984-12-05,0.47352122166974914
1984-12-06,0.4591499375739574
1984-12-07,0.4546413683626041
1984-12-08,0.9441094599564189
1984-12-09,1.3362536094457529
1984-12-10,1.1211486419292203
1984-12-11,1.0056501164955467
1984-12-12,0.9015747115950873
1984-12-13,0.8386409166539526
1984-12-14,0.7851090043301552
1984-12-15,0.7005347440909383
1984-12-16,0.6358273716808863
1984-12-17,0.5858307221084923
1984-12-18,0.5468295609452055
1984-12-19,0.5161185895798404
1984-12-20,0.808866201709506
1984-12-21,1.708177445174357
1984-12-22,1.6145368853366433
1984-12-23,1.527328341656089
1984-12-24,1.7485596395651406
1984-12-25,1.7890873741633024
1984-12-26,1.5647000324521063
1984-12-27,1.3496829907336065
1984-12-28,1.1590266181560127
1984-12-29,1.4306377512602764
1984-12-30,1.6162199034864442
1984-12-31,1.3188247462170861
1985-01-01,1.1017314850911908
1985-01-02,0.9413823441537734
1985-01-03,0.8215516459845339
1985-01-04,0.7310136570869951
1985-01-05,0.6618935756678016
1985-01-06,0.6085968801603369
1985-01-07,0.5671025792842607
1985-01-08,0.5344895381245631
1985-01-09,0.5086145464713033
1985-01-10,0.4878906760820149
1985-01-11,0.4711328493296674
1985-01-12,0.4574490363796908
1985-01-13,0.6588968392751791
1985-01-14,0.8368666040054739
1985-01-15,0.7398427624328082
1985-01-16,0.6659812346100505
1985-01-17,0.6091866736490316
1985-01-18,0.68942120374204
1985-01-19,0.7663507552449569
1985-01-20,0.7082763025815044
1985-01-21,0.6827757792947792
1985-01-22,0.8620813627677681
1985-01-23,1.033869836301614
1985-01-24,1.3780392670950075
1985-01-25,1.6393274026703546
1985-01-26,1.4198685720882176
1985-01-27,1.1763365769417244
1985-01-28,1.0569075886376222
1985-01-29,1.0448395799516368
1985-01-30,1.506514621948825
1985-01-31,2.264962925190809
1985-02-01,2.2382166207258947
1985-02-02,1.7972995165586279
1985-02-03,1.4852576457675444
1985-02-04,1.233518384220608
1985-02-05,1.039437305057677
1985-02-06,0.8954525074736134
1985-02-07,0.828519066853611
1985-02-08,0.7808403256465805
1985-02-09,0.7254060138293825
1985-02-10,0.6751990308540764
1985-02-11,0.7047319334511415
1985-02-12,1.2693118695585623
1985-02-13,1.4851548198635378
1985-02-14,1.223859273268433
1985-02-15,1.032148637615548
1985-02-16,0.8898937372984808
1985-02-17,0.7831234283770011
1985-02-18,0.7021201897258526
1985-02-19,0.6400338164893487
1985-02-20,0.5919757163228673
1985-02-21,0.554417605346304
1985-02-22,0.5806497991903959
1985-02-23,0.8312816652946893
1985-02-24,0.9971736338848444
1985-02-25,0.8623734147931978
1985-02-26,0.9735728027729401
1985-02-27,1.8074104606100836
1985-02-28,2.2564320516668404
1985-03-01,2.1967323369444776
1985-03-02,1.7775520612734683
1985-03-03,1.437506178624491
1985-03-04,1.1908146237314423
1985-03-05,1.0094985689547677
1985-03-06,0.8746167713733323
1985-03-07,0.9261538460350391
1985-03-08,1.0143039158090197
1985-03-09,0.994121837197397
1985-03-10,0.9721367036987036
1985-03-11,0.8992603040832101
1985-03-12,0.8239272394860365
1985-03-13,0.7396436208580232
1985-03-14,0.6702324175005461
1985-03-15,0.6167163675326223
1985-03-16,0.5750530894455899
1985-03-17,0.5423068795065669
1985-03-18,0.5163244730056914
1985-03-19,0.49551191709105186
1985-03-20,0.4786791699449373
1985-03-21,0.46493065593709115
1985-03-22,0.45909513972652244
1985-03-23,0.4915541517461333
1985-03-24,0.5074527446836937
1985-03-25,0.4867143647647105
1985-03-26,0.742524503995456
1985-03-27,1.0431178390756009
1985-03-28,0.9670759766841915
1985-03-29,0.8386691086387376
1985-03-30,0.7418628482998261
1985-03-31,0.6681467044642212
1985-04-01,0.6114498998644994
1985-04-02,0.5674202511385861
1985-04-03,0.5329034955803073
1985-04-04,0.5055904715606583
1985-04-05,0.4837748841351713
1985-04-06,0.4661849633075945
1985-04-07,0.45186514811292416
1985-04-08,0.44009205332054036
1985-04-09,0.4303141979797381
1985-04-10,0.42210837911146126
1985-04-11,0.4151478215307995
1985-04-12,0.4091787369405988
1985-04-13,0.404002940782408
1985-04-14,0.39946486897169997
1985-04-15,0.39544181528066485
1985-04-16,0.3918365435426057
1985-04-17,0.38857166318254466
1985-04-18,0.3855853226692116
1985-04-19,0.5009444444313013
1985-04-20,0.6463842687983048
1985-04-21,0.6324784411835939
1985-04-22,0.5933289063422876
1985-04-23,0.5471380590990609
1985-04-24,0.5110235580016637
1985-04-25,0.4825395926973535
1985-04-26,0.45986690472839603
1985-04-27,0.44165267181681306
1985-04-28,0.4268826020222228
1985-04-29,0.44261799371337224
1985-04-30,0.45866142202495475
1985-05-01,0.4630546699273374
1985-05-02,0.46880641485268554
1985-05-03,0.447312771908231
1985-05-04,0.4299953244484269
1985-05-05,0.41593182934257417
1985-05-06,0.4044011934359837
1985-05-07,0.394853996575049
1985-05-08,0.3868688299087409
1985-05-09,0.38012044924099575
1985-05-10,0.3743563559504894
1985-05-11,0.36937944274063805
1985-05-12,0.3679511730636518
1985-05-13,0.38702258380093796
1985-05-14,0.4011076474081243
1985-05-15,0.3925751951271004
1985-05-16,0.38520044833362227
1985-05-17,0.43755036985901724
1985-05-18,0.47835742377590207
1985-05-19,0.5297569348426523
1985-05-20,0.6638514534751633
1985-05-21,0.6789046594040723
1985-05-22,0.6052940130667233
1985-05-23,0.5487763109621551
1985-05-24,0.5050111419785747
1985-05-25,0.4708057062931155
1985-05-26,0.44382790392392774
1985-05-27,0.42235790947913326
1985-05-28,0.405116112588863
1985-05-29,0.39114255161445777
1985-05-30,0.379711510176961
1985-05-31,0.3702704083763671
1985-06-01,0.3623956642093218
1985-06-02,0.35576053060580776
1985-06-03,0.3501114646852841
1985-06-04,0.34525063071450174
1985-06-05,0.341022849852757
1985-06-06,0.33730579942224886
1985-06-07,0.3340026046558302
1985-06-08,0.3310362044330157
1985-06-09,0.33547284588660914
1985-06-10,0.36690131947347915
1985-06-11,0.4438004276723471
1985-06-12,0.5013651643379177
1985-06-13,0.4915357224759729
1985-06-14,0.4705623280134974
1985-06-15,0.5609553547477995
1985-06-16,0.6790089983021265
1985-06-17,0.6867951821578494
1985-06-18,0.6232593721823331
1985-06-19,0.5569260419711181
1985-06-20,0.5353055153097646
1985-06-21,0.5296450370613989
1985-06-22,0.49644786238987554
1985-06-23,0.46289599953070754
1985-06-24,0.44336194214550506
1985-06-25,0.5698598297491924
1985-06-26,0.9150623594935747
1985-06-27,1.04856570185888
1985-06-28,0.8797038161102804
1985-06-29,0.7508062367867697
1985-06-30,0.6538525100341971
1985-07-01,0.5801748393840223
1985-07-02,0.5236392771791735
1985-07-03,0.47985274095374403
1985-07-04,0.4456341192409281
1985-07-05,0.5001257346005191
1985-07-06,0.5754510723275422
1985-07-07,0.5405664969311829
1985-07-08,0.4954850794385532
1985-07-09,0.4674666835033981
1985-07-10,0.4456022746989059
1985-07-11,0.4195373353683518
1985-07-12,0.4289866691690662
1985-07-13,0.4358707580107935
1985-07-14,0.41030891156922217
1985-07-15,0.38947627987674754
1985-07-16,0.37275328819384784
1985-07-17,0.3592104462212072
1985-07-18,0.34814409983768085
1985-07-19,0.33901778693400725
1985-07-20,0.3314197999023996
1985-07-21,0.3277097383096374
1985-07-22,0.323488234746051
1985-07-23,0.31814609942734123
1985-07-24,0.31355514880783036
1985-07-25,0.3095726652949345
1985-07-26,0.3061153700452442
1985-07-27,0.3039196600662077
1985-07-28,0.30128433642178726
1985-07-29,0.2986058315964608
1985-07-30,0.3285748023559048
1985-07-31,0.3958731303140844
1985-08-01,0.41062725231174607
1985-08-02,0.3892302339981251
1985-08-03,0.37599268745701275
1985-08-04,0.36533650532619255
1985-08-05,0.3566474074728738
1985-08-06,0.3463542478049761
1985-08-07,0.33391052638169305
1985-08-08,0.33058092117851307
1985-08-09,0.3333586468100927
1985-08-10,0.40776595423915185
1985-08-11,0.4495255928699684
1985-08-12,0.4158823776895105
1985-08-13,0.39197358823470435
1985-08-14,0.3766795699467152
1985-08-15,0.3644254318712819
1985-08-16,0.35797613703566505
1985-08-17,0.35033425023839865
1985-08-18,0.33825667659184466
1985-08-19,0.3426631960766753
1985-08-20,0.3844800368558457
1985-08-21,0.3976758898854622
1985-08-22,0.3838151845994601
1985-08-23,0.36759102427632806
1985-08-24,0.3500029399478419
1985-08-25,0.3349041967384154
1985-08-26,0.3220768252496376
1985-08-27,0.3116069385123436
1985-08-28,0.3029854215325036
1985-08-29,0.2958211528838647
1985-08-30,0.2898118071140783
1985-08-31,0.28472234262818474
1985-09-01,0.28036903165995336
1985-09-02,0.2766075197526297
1985-09-03,0.2733238378205693
1985-09-04,0.27267427831927465
1985-09-05,0.2741547976268737
1985-09-06,0.2715382723563004
1985-09-07,0.2684430907169869
1985-09-08,0.2657020950497267
1985-09-09,0.2632514569998694
1985-09-10,0.2610384675268362
1985-09-11,0.2610925576064979
1985-09-12,0.2606960110405099
1985-09-13,0.2584147407657115
1985-09-14,0.25634091306979706
1985-09-15,0.25444101432631355
1985-09-16,0.2541086435849489
1985-09-17,0.25368222596787154
1985-09-18,0.2754145396798259
1985-09-19,0.2906120069374442
1985-09-20,0.28172309631626996
1985-09-21,0.28480456411246186
1985-09-22,0.28708122156758287
1985-09-23,0.27842228873604474
1985-09-24,0.27125127775475844
1985-09-25,0.2652654438179678
1985-09-26,0.2602218865648758
1985-09-27,0.25593111597517965
1985-09-28,0.25224452605536724
1985-09-29,0.2490449924195823
1985-09-30,0.24685373307857653
1985-10-01,0.2576058101148256
1985-10-02,0.3298500942537373
1985-10-03,0.36146635083319123
1985-10-04,0.3361358163253226
1985-10-05,0.3160334682834886
1985-10-06,0.29970517841818606
1985-10-07,0.2865586117028508
1985-10-08,0.27588733211697164
1985-10-09,0.2671519974049553
1985-10-10,0.2599433839591124
1985-10-11,0.2587702260324993
1985-10-12,0.25790933692116574
1985-10-13,0.2520073267897775
1985-10-14,0.24703640987153763
1985-10-15,0.24281474367476363
1985-10-16,0.2391946369063478
1985-10-17,0.24906941531628
1985-10-18,0.32310152693622324
1985-10-19,0.3668414671520314
1985-10-20,0.4632190370079993
1985-10-21,0.766978277892279
1985-10-22,0.8822423678330438
1985-10-23,0.7304377155342544
1985-10-24,0.6169468836917885
1985-10-25,0.5764821001635818
1985-10-26,0.5458414534954731
1985-10-27,0.4773319654460269
1985-10-28,0.42471393023063375
1985-10-29,0.38396745580422315
1985-10-30,0.36293847656340744
1985-10-31,0.3502784945408362
1985-11-01,0.3288458497766264
1985-11-02,0.34211982393401624
1985-11-03,0.44290665572110705
1985-11-04,0.48571782492482524
1985-11-05,0.4308385095399003
1985-11-06,0.3883504944235497
1985-11-07,0.3552136634399626
1985-11-08,0.32915718098889685
1985-11-09,0.3468437359314933
1985-11-10,0.4480348074466641
1985-11-11,0.4754392196007187
1985-11-12,0.5592484444210721
1985-11-13,0.6022986015943798
1985-11-14,0.5198953509172876
1985-11-15,0.45701624907452604
1985-11-16,0.4085990130019311
1985-11-17,0.6990482866173222
1985-11-18,0.7835081927487404
1985-11-19,0.6572646607681337
1985-11-20,0.5874473043017251
1985-11-21,0.5380424877114484
1985-11-22,0.527997578021831
1985-11-23,0.5183890850388655
1985-11-24,0.45688837534354493
1985-11-25,0.4572342463424273
1985-11-26,0.45885561529175184
1985-11-27,0.41075239860689744
1985-11-28,0.3733559535578803
1985-11-29,0.40504939683273133
1985-11-30,0.4312878534402736
1985-12-01,0.5401505420705672
1985-12-02,0.9398604677040275
1985-12-03,1.7086169548598542
1985-12-04,3.614051786253578
1985-12-05,4.184384540628073
1985-12-06,2.7489631170747244
1985-12-07,2.072267039558813
1985-12-08,1.6029034955799872
1985-12-09,1.2671744447338766
1985-12-10,1.023658977221219
1985-12-11,0.8447708449347328
1985-12-12,0.7118167038500905
1985-12-13,0.9359749694307756
1985-12-14,1.0990511828255036
1985-12-15,0.9589367772641295
1985-12-16,0.9582905323041947
1985-12-17,0.8890242868747462
1985-12-18,0.7464111182925937
1985-12-19,0.6788914796075471
1985-12-20,0.8259741972162057
1985-12-21,0.8697595165832442
1985-12-22,0.9940044798322809
1985-12-23,1.0708625068761415
1985-12-24,0.98935644553592
1985-12-25,0.9652630273458085
1985-12-26,0.8740067526829342
1985-12-27,1.0682696371327987
1985-12-28,1.1277388443836245
1985-12-29,0.926229069002216
1985-12-30,1.580544690722841
1985-12-31,2.3967123443253127
1986-01-01,2.2426735205246513
1986-01-02,1.9060234949915251
1986-01-03,1.6593296974581204
1986-01-04,1.3184623400618516
1986-01-05,1.1894100075601017
1986-01-06,1.0960774417918124
1986-01-07,0.9094637277962101
1986-01-08,0.7700121443398457
1986-01-09,0.6653798245209791
1986-01-10,0.5860580675032634
1986-01-11,0.525334244485855
1986-01-12,0.47841273892894365
1986-01-13,0.441829005169501
1986-01-14,0.4130541981186715
1986-01-15,0.39022478147612877
1986-01-16,0.37195529415565365
1986-01-17,0.357207195667689
1986-01-18,0.3451960031079235
1986-01-19,0.33532487920709775
1986-01-20,0.32713669105581766
1986-01-21,0.3204312552940805
1986-01-22,0.33089430422778987
1986-01-23,0.34225854529502087
1986-01-24,0.3319402131258389
1986-01-25,0.32339654401236234
1986-01-26,0.335182316581146
1986-01-27,0.38476352328072183
1986-01-28,0.5231677799950462
1986-01-29,0.7267179978047825
1986-01-30,1.3043065536229224
1986-01-31,1.677585154042576
1986-02-01,1.3962500745595305
1986-02-02,1.1264914619363464
1986-02-03,0.9291133400617703
1986-02-04,0.7829561592052928
1986-02-05,0.6735085324309611
1986-02-06,0.5906893235112844
1986-02-07,0.6051461945928341
1986-02-08,0.6174754060942934
1986-02-09,0.5479215221429907
1986-02-10,0.49440700643679225
1986-02-11,0.4550450785601257
1986-02-12,0.42361181460165015
1986-02-13,0.6567263714959265
1986-02-14,0.8479464597833412
1986-02-15,0.7219800173544489
1986-02-16,0.6271385939392328
1986-02-17,0.5553783431859838
1986-02-18,0.5002851093902926
1986-02-19,0.4572314072594121
1986-02-20,0.42357668657206077
1986-02-21,0.42673139441807956
1986-02-22,0.4320733104714334
1986-02-23,0.4046043460705732
1986-02-24,0.38150547039322574
1986-02-25,0.3630725608460988
1986-02-26,0.34823201049521774
1986-02-27,0.3362598317105167
1986-02-28,0.44665184997313406
1986-03-01,0.8000147524772286
1986-03-02,0.9215415820706988
1986-03-03,0.7755659056553369
1986-03-04,0.6661381052107606
1986-03-05,0.5833387985688147
1986-03-06,0.5200708676630007
1986-03-07,0.4712742114663257
1986-03-08,0.4508467383599648
1986-03-09,0.4492771076327678
1986-03-10,0.42311587838557757
1986-03-11,0.39527086200705447
1986-03-12,0.37316033144148647
1986-03-13,0.35546251945142493
1986-03-14,0.34117477687599423
1986-03-15,0.3295391405142443
1986-03-16,0.3592630385156019
1986-03-17,0.38369372118710715
1986-03-18,0.3629789094445903
1986-03-19,0.3930840332788254
1986-03-20,0.4193046131986858
1986-03-21,0.390641445959326
1986-03-22,0.36789511382181656
1986-03-23,0.3753474180423471
1986-03-24,0.39211738541882474
1986-03-25,0.3724370264365883
1986-03-26,0.363428270303284
1986-03-27,0.39483642899008536
1986-03-28,0.46501931767843896
1986-03-29,0.625378190718945
1986-03-30,0.7088144510791398
1986-03-31,0.6291526754111775
1986-04-01,0.5516704540371402
1986-04-02,0.49233508828067163
1986-04-03,0.44649310399090053
1986-04-04,0.4107622897960061
1986-04-05,0.4215989101310571
1986-04-06,0.4484635952577493
1986-04-07,0.4245857456514639
1986-04-08,0.39324206261090194
1986-04-09,0.368473536911061
1986-04-10,0.3487492043428549
1986-04-11,0.33290956475727523
1986-04-12,0.39494960046262856
1986-04-13,0.5430882652243513
1986-04-14,0.557158633792341
1986-04-15,0.4951940152087382
1986-04-16,0.447353357967139
1986-04-17,0.4101280864489801
1986-04-18,0.38091308604273627
1986-04-19,0.35779088861784697
1986-04-20,0.3393919683118401
1986-04-21,0.32455184940185194
1986-04-22,0.31248588792662113
1986-04-23,0.3026084998191662
1986-04-24,0.2944508662870204
1986-04-25,0.28765191104861154
1986-04-26,0.2819318750444942
1986-04-27,0.3725931711386969
1986-04-28,0.5517920740889382
1986-04-29,0.5867627696734777
1986-04-30,0.5245481738099759
1986-05-01,0.5971205474915469
1986-05-02,0.7524980773118619
1986-05-03,0.8631586658059902
1986-05-04,0.8729384541596974
1986-05-05,0.8618711405576412
1986-05-06,0.9208494128798015
1986-05-07,0.8980459975496659
1986-05-08,0.9077752506095762
1986-05-09,0.8578109885127382
1986-05-10,0.7387123288583758
1986-05-11,0.7118737819248301
1986-05-12,0.6776918054521631
1986-05-13,0.5870785244403542
1986-05-14,0.5196225294521554
1986-05-15,0.49516336235866637
1986-05-16,0.46335610775272323
1986-05-17,0.42257039278364483
1986-05-18,0.5108674684811886
1986-05-19,0.6259696496465404
1986-05-20,0.6033358864678839
1986-05-21,0.544207000847964
1986-05-22,0.48511628700680354
1986-05-23,0.4393143110762827
1986-05-24,0.47092439878073233
1986-05-25,0.5016534878986569
1986-05-26,0.45201150777662114
1986-05-27,0.4447849344263179
1986-05-28,0.4337511951315862
1986-05-29,0.39888311436003737
1986-05-30,0.3714464720685124
1986-05-31,0.35782046247783317
1986-06-01,0.4359315491641156
1986-06-02,0.5210086546825855
1986-06-03,0.4885806037269233
1986-06-04,0.44097839630660923
1986-06-05,0.40392022834727515
1986-06-06,0.3748451823634092
1986-06-07,0.35184080933176726
1986-06-08,0.3334873043858276
1986-06-09,0.3187217483408668
1986-06-10,0.3067421761872249
1986-06-11,0.3041794408977719
1986-06-12,0.32142235631410326
1986-06-13,0.32435543399023753
1986-06-14,0.3106189934278771
1986-06-15,0.29943439643466596
1986-06-16,0.2902640981172216
1986-06-17,0.28267793657486756
1986-06-18,0.2763443631393911
1986-06-19,0.2710063019171182
1986-06-20,0.2975026675031954
1986-06-21,0.3284484165229003
1986-06-22,0.31389221039282394
1986-06-23,0.3007724790316126
1986-06-24,0.29009453322275985
1986-06-25,0.28132867137537254
1986-06-26,0.27406853817965243
1986-06-27,0.26952135826848567
1986-06-28,0.2646408259428216
1986-06-29,0.2603974346427181
1986-06-30,0.25650297526905574
1986-07-01,0.25294737382713006
1986-07-02,0.25094454595047316
1986-07-03,0.25097606702201486
1986-07-04,0.25170594097977284
1986-07-05,0.25182784091212596
1986-07-06,0.25525888790165185
1986-07-07,0.25554952420723887
1986-07-08,0.2961826237937179
1986-07-09,0.32706308482609325
1986-07-10,0.30839083451779736
1986-07-11,0.29338950567761707
1986-07-12,0.2812644464483423
1986-07-13,0.2713823115282011
1986-07-14,0.26325948367105056
1986-07-15,0.2674475697756915
1986-07-16,0.27558121610396963
1986-07-17,0.26786027130771956
1986-07-18,0.2618925425856803
1986-07-19,0.2591915766369543
1986-07-20,0.25324043220182574
1986-07-21,0.24755117839120847
1986-07-22,0.24275279532936012
1986-07-23,0.2386673527865194
1986-07-24,0.23515502787135842
1986-07-25,0.23210541072378396
1986-07-26,0.22943091754284817
1986-07-27,0.22706177005080577
1986-07-28,0.22494214701280021
1986-07-29,0.22302721820879834
1986-07-30,0.22128084675527138
1986-07-31,0.2196738004740805
1986-08-01,0.218182353055379
1986-08-02,0.21678718522271267
1986-08-03,0.21547251791661862
1986-08-04,0.21422542575226153
1986-08-05,0.21303529116791495
1986-08-06,0.21196439109685986
1986-08-07,0.2123916403784681
1986-08-08,0.22457933317433068
1986-08-09,0.23056891990060904
1986-08-10,0.23008957634251137
1986-08-11,0.24190721889258224
1986-08-12,0.27756863795307163
1986-08-13,0.2843525386030904
1986-08-14,0.3050398656819992
1986-08-15,0.35088210303027473
1986-08-16,0.3562466094414367
1986-08-17,0.33850528252252143
1986-08-18,0.31614769025830436
1986-08-19,0.3839491653723261
1986-08-20,0.4295582492349275
1986-08-21,0.3980700341237087
1986-08-22,0.5551228016656283
1986-08-23,0.6738898518670132
1986-08-24,0.6555518986191023
1986-08-25,0.8546958443289294
1986-08-26,1.2354217879190252
1986-08-27,1.3051052159436365
1986-08-28,1.0716545952943388
1986-08-29,0.8677599041327083
1986-08-30,0.7170409486931625
1986-08-31,0.6044084248449881
1986-09-01,0.5479428461790854
1986-09-02,0.5042987338387971
1986-09-03,0.4430607786023411
1986-09-04,0.3994883621575585
1986-09-05,0.3860334573564894
1986-09-06,0.37415445776942224
1986-09-07,0.3433763159044762
1986-09-08,0.31789624308129344
1986-09-09,0.29768568319448796
1986-09-10,0.28152826515776824
1986-09-11,0.2685091762041389
1986-09-12,0.25793524826752756
1986-09-13,0.2495406219775759
1986-09-14,0.24245602962639248
1986-09-15,0.30787881009740514
1986-09-16,0.3753835499228148
1986-09-17,0.3473342314328102
1986-09-18,0.3199517158798055
1986-09-19,0.2983998503437151
1986-09-20,0.2826345530492881
1986-09-21,0.2736762409263071
1986-09-22,0.2638407410202084
1986-09-23,0.25315908546590177
1986-09-24,0.24441690894193893
1986-09-25,0.23720777604272728
1986-09-26,0.23121260731457868
1986-09-27,0.22618348961956078
1986-09-28,0.22192675188742372
1986-09-29,0.21829031834364995
1986-09-30,0.21515419439923256
1986-10-01,0.2124232636302944
1986-10-02,0.21002180158248943
1986-10-03,0.2078892733316349
1986-10-04,0.20597709696198543
1986-10-05,0.20424613812091863
1986-10-06,0.25203968747434996
1986-10-07,0.29358626194011866
1986-10-08,0.2748405900356982
1986-10-09,0.25980234314718037
1986-10-10,0.2476749207104395
1986-10-11,0.23781863106784504
1986-10-12,0.22974459399407587
1986-10-13,0.22307676949348162
1986-10-14,0.21752415703271646
1986-10-15,0.21286027920460235
1986-10-16,0.20890792787924609
1986-10-17,0.20552774307710753
1986-10-18,0.3524756947593681
1986-10-19,0.48060853544993337
1986-10-20,0.41924252837143
1986-10-21,0.3783510188970369
1986-10-22,0.3502704551704751
1986-10-23,0.31823349781936733
1986-10-24,0.29304060545466704
1986-10-25,0.5406123205309109
1986-10-26,0.8862687737102991
1986-10-27,0.847585378683163
1986-10-28,0.7031573295644069
1986-10-29,0.6232416792205355
1986-10-30,0.5459798130670204
1986-10-31,0.47026254542200413
1986-11-01,0.4123559694065397
1986-11-02,0.36768710958968603
1986-11-03,0.488756989527946
1986-11-04,0.618948154664495
1986-11-05,0.5577712535708002
1986-11-06,0.47972834012989624
1986-11-07,0.4200795917565187
1986-11-08,0.37409818378815024
1986-11-09,0.34724676677008165
1986-11-10,0.3300231350240686
1986-11-11,0.30375396245761693
1986-11-12,0.28295021471713305
1986-11-13,0.2663544362433142
1986-11-14,0.25301328973565557
1986-11-15,0.2526991407275561
1986-11-16,0.25904971298121077
1986-11-17,0.42747517880994024
1986-11-18,0.5615394204310958
1986-11-19,0.5410293914152032
1986-11-20,0.5248973532150525
1986-11-21,0.46738000036032984
1986-11-22,1.2158729511512576
1986-11-23,2.0191562679832895
1986-11-24,1.7587552500981871
1986-11-25,1.3650426933256752
1986-11-26,1.0814191349660052
1986-11-27,0.8744388466680801
1986-11-28,0.7215491221994458
1986-11-29,0.8266079770613198
1986-11-30,0.8376913289416645
1986-12-01,0.6972623744134476
1986-12-02,0.5898472798528945
1986-12-03,0.5085643768793875
1986-12-04,0.6174223926569542
1986-12-05,1.0584540462080156
1986-12-06,1.3130194968856692
1986-12-07,1.146477417465608
1986-12-08,0.9254826597368647
1986-12-09,0.7626024720308701
1986-12-10,0.6412141635809623
1986-12-11,0.5497899742213729
1986-12-12,0.48025292838215
1986-12-13,0.42687108290632075
1986-12-14,0.3855287182179119
1986-12-15,0.8239296032667781
1986-12-16,1.332618806021372
1986-12-17,1.409466830558256
1986-12-18,1.755299030646121
1986-12-19,1.627657087976715
1986-12-20,1.2815814642219876
1986-12-21,1.0288533338345307
1986-12-22,0.8435424140796769
1986-12-23,0.7060509553132571
1986-12-24,0.6029207762707237
1986-12-25,0.5247748150266992
1986-12-26,0.5991620795290219
1986-12-27,0.6580818476458282
1986-12-28,0.5669198422325458
1986-12-29,0.4974944830538503
1986-12-30,0.4441722780246318
1986-12-31,0.4028521571383011
1987-01-01,0.3705571128786234
1987-01-02,0.34510448380930275
1987-01-03,0.32487917654259757
1987-01-04,0.3086757991494769
1987-01-05,0.29558753032220103
1987-01-06,0.2849270699228999
1987-01-07,0.4222823306039371
1987-01-08,0.776187566194107
1987-01-09,1.0597959480495267
1987-01-10,1.5917529484608313
1987-01-11,1.8381106383653627
1987-01-12,1.4817680700102664
1987-01-13,1.1773218283208864
1987-01-14,0.9556815679479054
1987-01-15,0.7923237249068578
1987-01-16,0.6932232259356801
1987-01-17,0.9418541539215841
1987-01-18,1.2597985956786528
1987-01-19,1.2294452562225588
1987-01-20,1.030175188190157
1987-01-21,0.8493674716276608
1987-01-22,0.761343880648488
1987-01-23,0.6994171228506648
1987-01-24,0.603480524955899
1987-01-25,0.5799043448338063
1987-01-26,0.6554828088746757
1987-01-27,0.6518733431513791
1987-01-28,0.566699839537668
1987-01-29,0.682064874534845
1987-01-30,0.9499747981845584
1987-01-31,1.0056084987642755
1987-02-01,1.0282436252458755
1987-02-02,0.9862478374940428
1987-02-03,0.9652810640288934
1987-02-04,1.2027443678901575
1987-02-05,1.5197954257980815
1987-02-06,1.860141141969587
1987-02-07,1.9544766963286022
1987-02-08,1.782443335911973
1987-02-09,2.2068987426182454
1987-02-10,2.747531409054645
1987-02-11,2.3893258009068785
1987-02-12,1.9367098929885505
1987-02-13,1.6682204652375512
1987-02-14,1.4400799179933166
1987-02-15,1.2342636025298892
1987-02-16,1.012416124424961
1987-02-17,0.847898686204111
1987-02-18,0.7251890336069967
1987-02-19,0.632674298961814
1987-02-20,0.5999176192285248
1987-02-21,0.5771608273673566
1987-02-22,0.5195197343339633
1987-02-23,0.4748646014096137
1987-02-24,0.439977851143927
1987-02-25,0.4124814085073815
1987-02-26,0.3906198393692222
1987-02-27,0.37308596529427634
1987-02-28,0.35889846080392585
1987-03-01,0.34731502222818844
1987-03-02,0.33777015872649957
1987-03-03,0.3298302097533819
1987-03-04,0.32316053595064104
1987-03-05,0.31750139378400916
1987-03-06,0.329502519082312
1987-03-07,0.3591934357647026
1987-03-08,0.745222736407702
1987-03-09,1.1429457137667736
1987-03-10,1.044340321577407
1987-03-11,1.0398191373977164
1987-03-12,1.0920244297348851
1987-03-13,0.9853981663783585
1987-03-14,0.8551460360445512
1987-03-15,0.8682703124988063
1987-03-16,0.8739834808279099
1987-03-17,0.8170486612873926
1987-03-18,0.773922152610031
1987-03-19,0.6681677630234959
1987-03-20,0.5879897110576662
1987-03-21,0.5942532608984058
1987-03-22,0.670478552128645
1987-03-23,0.68184882201867
1987-03-24,0.6187585955507816
1987-03-25,0.5502395751113295
1987-03-26,0.4974409353354416
1987-03-27,0.4564496289157447
1987-03-28,0.4243403527960446
1987-03-29,0.3989675954602472
1987-03-30,0.3787432130907323
1987-03-31,0.362481539193152
1987-04-01,0.3492903112361749
1987-04-02,0.3384930586720769
1987-04-03,0.32957333909848563
1987-04-04,0.3221343069829213
1987-04-05,0.3879118812278817
1987-04-06,0.5755939339317465
1987-04-07,0.6877536638759021
1987-04-08,0.6700924100071893
1987-04-09,0.5903833110625908
1987-04-10,0.5260930231314721
1987-04-11,0.47653327331641826
1987-04-12,0.43798229702514474
1987-04-13,0.40773013003270103
1987-04-14,0.38378441678209624
1987-04-15,0.3646671039665766
1987-04-16,0.34927244290266696
1987-04-17,0.33676672031563776
1987-04-18,0.3269086611748497
1987-04-19,0.3185693813414994
1987-04-20,0.31139108961884293
1987-04-21,0.30534272841393645
1987-04-22,0.30319821965586796
1987-04-23,0.307389736346953
1987-04-24,0.35556344327793465
1987-04-25,0.42472756744460494
1987-04-26,0.40037335123681994
1987-04-27,0.3754236043654615
1987-04-28,0.3555584029322542
1987-04-29,0.3396057691439882
1987-04-30,0.3266840397600168
1987-05-01,0.346799571318764
1987-05-02,0.37676916019685125
1987-05-03,0.3572300125898477
1987-05-04,0.34012350956849247
1987-05-05,0.3263106569380115
1987-05-06,0.3150601353812332
1987-05-07,0.30581499935080597
1987-05-08,0.2981482557859938
1987-05-09,0.29173048436826593
1987-05-10,0.2863060405912769
1987-05-11,0.2816754311991888
1987-05-12,0.27768216590935096
1987-05-13,0.307634471422029
1987-05-14,0.38693393810998405
1987-05-15,0.46688498863857947
1987-05-16,0.5888412646598618
1987-05-17,0.6361663431430024
1987-05-18,0.5642837340988401
1987-05-19,0.49909229517819037
1987-05-20,0.4489117418451216
1987-05-21,0.4099523097628917
1987-05-22,0.37944140266588167
1987-05-23,0.36983517423379975
1987-05-24,0.3635029398313141
1987-05-25,0.3425822852390397
1987-05-26,0.32575962928434127
1987-05-27,0.31218085343365193
1987-05-28,0.3011268505913925
1987-05-29,0.2920496577432239
1987-05-30,0.2845289440276236
1987-05-31,0.2782402691271663
1987-06-01,0.27293173854845143
1987-06-02,0.2684067024756471
1987-06-03,0.26451084080762344
1987-06-04,0.2611224565992612
1987-06-05,0.2581451338408385
1987-06-06,0.2555021498152123
1987-06-07,0.25826233772125146
1987-06-08,0.2601643535973284
1987-06-09,0.2583622608682032
1987-06-10,0.25927345176404915
1987-06-11,0.25631275873904463
1987-06-12,0.25300872032797267
1987-06-13,0.262773619061105
1987-06-14,0.2726137950328014
1987-06-15,0.26589093985429674
1987-06-16,0.27767062815554133
1987-06-17,0.28686870901805933
1987-06-18,0.27696743484263203
1987-06-19,0.2688122763921599
1987-06-20,0.2620499147249333
1987-06-21,0.2563903084235016
1987-06-22,0.25160826259368624
1987-06-23,0.24752795138239148
1987-06-24,0.24401137137281095
1987-06-25,0.2409496673975997
1987-06-26,0.23825657334198705
1987-06-27,0.23586342144807715
1987-06-28,0.23371532275108683
1987-06-29,0.2317682275777444
1987-06-30,0.22998665141234922
1987-07-01,0.22834190672263588
1987-07-02,0.22681072164339244
1987-07-03,0.2253741559987593
1987-07-04,0.22401674699659532
1987-07-05,0.22272583316924607
1987-07-06,0.22149101727595588
1987-07-07,0.22030373800869077
1987-07-08,0.21915692724023605
1987-07-09,0.2180447347922554
1987-07-10,0.21696230669964187
1987-07-11,0.2159056060138044
1987-07-12,0.21487126754941524
1987-07-13,0.21385647980625633
1987-07-14,0.21285888871704453
1987-07-15,0.21187651897891732
1987-07-16,0.21090770959268657
1987-07-17,0.2099510609147198
1987-07-18,0.20900539106305102
1987-07-19,0.2080696999439771
1987-07-20,0.2071431395024553
1987-07-21,0.2062249890680035
1987-07-22,0.20531463488216262
1987-07-23,0.20441155306528436
1987-07-24,0.2035152954183416
1987-07-25,0.20262547756656582
1987-07-26,0.20174176904145025
1987-07-27,0.20086388497032462
1987-07-28,0.1999915791016826
1987-07-29,0.19912463794244203
1987-07-30,0.19828099319357526
1987-07-31,0.1974303371896906
1987-08-01,0.196575871506397
1987-08-02,0.19572651862650592
1987-08-03,0.19488211636647942
1987-08-04,0.1968397640595084
1987-08-05,0.19505402039038108
1987-08-06,0.19397329221904128
1987-08-07,0.19293562406781115
1987-08-08,0.19193564008320743
1987-08-09,0.19096775492635673
1987-08-10,0.1900273497039798
1987-08-11,0.1891105950071462
1987-08-12,0.18821430815039422
1987-08-13,0.1873358376376085
1987-08-14,0.18647307901661656
1987-08-15,0.18598971071178608
1987-08-16,0.18551885995509784
1987-08-17,0.18459438380698653
1987-08-18,0.18369473998767463
1987-08-19,0.18291906036592062
1987-08-20,0.1821421304968555
1987-08-21,0.181274980483594
1987-08-22,0.18042597288741322
1987-08-23,0.17959302612749203
1987-08-24,0.1787741827008804
1987-08-25,0.17824181027069952
1987-08-26,0.17775351545260518
1987-08-27,0.17689099741460915
1987-08-28,0.17604905966387893
1987-08-29,0.17522533279239885
1987-08-30,0.17441748689597167
1987-08-31,0.17362357357511624
1987-09-01,0.17284195986357306
1987-09-02,0.17207127419240695
1987-09-03,0.17131036208299824
1987-09-04,0.17055824972715483
1987-09-05,0.1700233661659956
1987-09-06,0.1740969293715631
1987-09-07,0.19807550502640012
1987-09-08,0.18987281114780408
1987-09-09,0.18454194778016078
1987-09-10,0.18100243379253722
1987-09-11,0.17822702095248769
1987-09-12,0.2010528700609201
1987-09-13,0.20320292923732264
1987-09-14,0.19792035191526772
1987-09-15,0.19342621195425846
1987-09-16,0.18883249078248376
1987-09-17,0.1840573529496199
1987-09-18,0.17990994124388915
1987-09-19,0.17637683208200172
1987-09-20,0.17336534281107643
1987-09-21,0.17077505033135798
1987-09-22,0.16852624835008934
1987-09-23,0.1665553980261995
1987-09-24,0.18362245923098028
1987-09-25,0.18520976244192774
1987-09-26,0.18004513067582237
1987-09-27,0.17571949830537126
1987-09-28,0.17207421542042114
1987-09-29,0.1689757689812279
1987-09-30,0.1663187019196863
1987-10-01,0.16401933467060478
1987-10-02,0.16211623052382995
1987-10-03,0.19069771209477546
1987-10-04,0.19670156102060835
1987-10-05,0.18853692667519897
1987-10-06,0.1818276541138225
1987-10-07,0.17628584652584708
1987-10-08,0.17167248042623814
1987-10-09,0.1678009493847974
1987-10-10,0.16611573087133766
1987-10-11,0.16482923323659934
1987-10-12,0.162017128375279
1987-10-13,0.15969404265778755
1987-10-14,0.15745832215148273
1987-10-15,0.15550628669940006
1987-10-16,0.15378683944306973
1987-10-17,0.1522580616036451
1987-10-18,0.15088614214593138
1987-10-19,0.14964371380862615
1987-10-20,0.1485085509765307
1987-10-21,0.1474625461898617
1987-10-22,0.14649090226649153
1987-10-23,0.14558149204526652
1987-10-24,0.14472434902005066
1987-10-25,0.14418746790933523
1987-10-26,0.14381347334066313
1987-10-27,0.14297455973300302
1987-10-28,0.1421774336644989
1987-10-29,0.14454874748296445
1987-10-30,0.14740112616934087
1987-10-31,0.14567407154139592
1987-11-01,0.14414306838202104
1987-11-02,0.14277602991632607
1987-11-03,0.14154421467444286
1987-11-04,0.1404242963479598
1987-11-05,0.13939728284040379
1987-11-06,0.1384476636638619
1987-11-07,0.13756273471900524
1987-11-08,0.13673206148538689
1987-11-09,0.13594705067275129
1987-11-10,0.13520060721145577
1987-11-11,0.13448685865157997
1987-11-12,0.13497797731755168
1987-11-13,0.14221591836366415
1987-11-14,0.143776402317581
1987-11-15,0.14575590150716264
1987-11-16,0.15154150563861277
1987-11-17,0.14899755297463466
1987-11-18,0.14549315219546974
1987-11-19,0.14252901605514748
1987-11-20,0.14000327932323484
1987-11-21,0.13966409997509147
1987-11-22,0.13957121226295352
1987-11-23,0.1373316125909917
1987-11-24,0.13539304189309365
1987-11-25,0.13370147653630168
1987-11-26,0.1322121074168818
1987-11-27,0.13088882853755882
1987-11-28,0.12970244326466454
1987-11-29,0.12862926232848396
1987-11-30,0.13028042440743118
1987-12-01,0.1354985981523573
1987-12-02,0.14232795462259418
1987-12-03,0.14920068501398007
1987-12-04,0.1622919183384432
1987-12-05,0.16069958686305277
1987-12-06,0.15370022475180287
1987-12-07,0.14795551013900762
1987-12-08,0.14320713808653016
1987-12-09,0.13925373480460448
1987-12-10,0.13593747520287067
1987-12-11,0.32637957586663807
1987-12-12,0.5150889078739063
1987-12-13,0.5084704093853285
1987-12-14,0.5235914901197243
1987-12-15,0.6280740622334774
1987-12-16,0.6460384828399696
1987-12-17,0.6751943625359806
1987-12-18,0.6469659807639634
1987-12-19,0.5305043022672012
1987-12-20,0.4427929993943249
1987-12-21,0.38278032316946126
1987-12-22,0.8149569189282525
1987-12-23,1.3864937585152015
1987-12-24,1.3094144725003494
1987-12-25,1.0872471753690374
1987-12-26,1.3602041403636231
1987-12-27,1.536628315651341
1987-12-28,1.2501585208444226
1987-12-29,0.9816477884817331
1987-12-30,0.7853964565102473
1987-12-31,0.6402644129403322
1988-01-01,0.5317597667407995
1988-01-02,0.4498181218385846
1988-01-03,0.3873545263705907
1988-01-04,0.380698763840632
1988-01-05,0.5470509043303643
1988-01-06,1.163825108332516
1988-01-07,1.440490899165481
1988-01-08,1.1233990127516094
1988-01-09,0.8929488841025791
1988-01-10,0.7235239819262672
1988-01-11,0.6168202540257112
1988-01-12,0.5938390684665347
1988-01-13,0.7263709922690117
1988-01-14,0.80673480994539
1988-01-15,0.732408193276684
1988-01-16,0.9243842543822852
1988-01-17,1.0987834754470125
1988-01-18,0.9844999686919791
1988-01-19,0.8223695539523357
1988-01-20,0.674510838960339
1988-01-21,0.5639877990930728
1988-01-22,0.4812456608191149
1988-01-23,0.4191352074278372
1988-01-24,0.36971623023357103
1988-01-25,0.33139651609210913
1988-01-26,0.30144098046898177
1988-01-27,0.4190540502015865
1988-01-28,0.5367330679655379
1988-01-29,0.5239067831724126
1988-01-30,0.4843742146198092
1988-01-31,0.5848833768926672
1988-02-01,0.6756370488806086
1988-02-02,0.7062141188430063
1988-02-03,0.7141940539653481
1988-02-04,1.1194773096595592
1988-02-05,1.5783289745690452
1988-02-06,1.4221088117555245
1988-02-07,1.2270291746507018
1988-02-08,1.0638743469760115
1988-02-09,0.8583385913008561
1988-02-10,0.7663700603374818
1988-02-11,0.6977090836892078
1988-02-12,0.5867036776510102
1988-02-13,0.5096245507030607
1988-02-14,0.5569572824848489
1988-02-15,0.9544142605016811
1988-02-16,1.2423882647519575
1988-02-17,1.0695387969167238
1988-02-18,0.8650615252599695
1988-02-19,0.7139766075304599
1988-02-20,0.6588098239443528
1988-02-21,0.683828764744482
1988-02-22,0.8083176531430477
1988-02-23,0.8078156575003984
1988-02-24,0.800524564207728
1988-02-25,0.7895268715428752
1988-02-26,0.8463355490396037
1988-02-27,1.047635684352439
1988-02-28,1.1342284967592395
1988-02-29,1.0318274195477046
1988-03-01,0.8428667881605519
1988-03-02,0.7011681220059316
1988-03-03,0.6084685210430184
1988-03-04,0.5384547036180755
1988-03-05,0.49400771957523854
1988-03-06,0.4616011839373832
1988-03-07,0.4122405161285892
1988-03-08,0.37389054263995547
1988-03-09,0.35282402709916544
1988-03-10,0.4315726571005381
1988-03-11,0.5373487845469755
1988-03-12,0.9874217941852269
1988-03-13,1.3766236303853008
1988-03-14,1.3586940025596859
1988-03-15,1.325798111047569
1988-03-16,1.6155068048603727
1988-03-17,1.6962922228244626
1988-03-18,1.6207297286004856
1988-03-19,1.91096983712169
1988-03-20,1.9536965501680388
1988-03-21,1.8831956172497446
1988-03-22,2.123502042363038
1988-03-23,2.2493282364631497
1988-03-24,2.2995357818026267
1988-03-25,2.6512583492758797
1988-03-26,2.414656210896346
1988-03-27,1.9697203813640503
1988-03-28,1.6715930298571804
1988-03-29,1.3705186760103822
1988-03-30,1.1227179079891865
1988-03-31,0.9235465921172571
1988-04-01,0.7760604953781627
1988-04-02,1.014992461277995
1988-04-03,1.2262124305049389
1988-04-04,1.238051587115543
1988-04-05,1.431063441785307
1988-04-06,1.7789001047010053
1988-04-07,1.8409739904892597
1988-04-08,2.161269115889122
1988-04-09,2.5059800742479115
1988-04-10,2.091588353569661
1988-04-11,1.6314230607051676
1988-04-12,1.3932089608069715
1988-04-13,1.2489476707672111
1988-04-14,1.1163220408602168
1988-04-15,1.1685155675207441
1988-04-16,1.1498812493002328
1988-04-17,1.1184150187452333
1988-04-18,1.146096368308009
1988-04-19,1.070530558448638
1988-04-20,1.1435287486299095
1988-04-21,1.203570555734019
1988-04-22,1.0209890276946243
1988-04-23,0.8584611354869341
1988-04-24,0.7371555310494391
1988-04-25,0.6456599442162371
1988-04-26,0.5759418101491373
1988-04-27,0.5419230268456572
1988-04-28,0.6299960496490568
1988-04-29,0.6679244034154368
1988-04-30,0.5926317369253283
1988-05-01,0.5348076251721343
1988-05-02,0.4900293984214957
1988-05-03,0.4550350443324462
1988-05-04,0.4489702517411678
1988-05-05,0.4441964982411882
1988-05-06,0.4185684230668121
1988-05-07,0.3980957800219733
1988-05-08,0.38161881937265846
1988-05-09,0.3682368200262423
1988-05-10,0.656309936271783
1988-05-11,0.9472441906755703
1988-05-12,0.8102282991419306
1988-05-13,0.6986307165168478
1988-05-14,0.6141942556535419
1988-05-15,0.5496822358258994
1988-05-16,0.5813192136978412
1988-05-17,0.6482366071026363
1988-05-18,0.5945776191573082
1988-05-19,0.6076726836425111
1988-05-20,1.2132380660726956
1988-05-21,1.6253090986766876
1988-05-22,1.3029088421524273
1988-05-23,1.1550885523447638
1988-05-24,1.0873279701318583
1988-05-25,0.9250978946073195
1988-05-26,0.7863196492944501
1988-05-27,0.6821389150133651
1988-05-28,0.6031299529487789
1988-05-29,0.6428759228145982
1988-05-30,0.7589877789144431
1988-05-31,0.776823338867929
1988-06-01,0.7454543347700878
1988-06-02,0.6995371838585553
1988-06-03,0.6328387413306964
1988-06-04,0.5654416507858001
1988-06-05,0.5135010115755938
1988-06-06,0.47311831492850476
1988-06-07,0.44143794217821325
1988-06-08,0.4163632648410969
1988-06-09,0.3963408291368084
1988-06-10,0.38797693080963525
1988-06-11,0.405132821180167
1988-06-12,0.423111956603053
1988-06-13,0.42142381215396235
1988-06-14,0.4012142740918075
1988-06-15,0.536743087771632
1988-06-16,0.7139584056689768
1988-06-17,0.7781381517709697
1988-06-18,0.8456448421890216
1988-06-19,0.8415719954797839
1988-06-20,0.7574091310479675
1988-06-21,0.658191628970508
1988-06-22,0.6225817245324662
1988-06-23,0.592635411029265
1988-06-24,0.5325215397196895
1988-06-25,0.48600155932681194
1988-06-26,0.4497061791394306
1988-06-27,0.4211356769358597
1988-06-28,0.39844767439380674
1988-06-29,0.3802722170206368
1988-06-30,0.3655822227408207
1988-07-01,0.35360174124733784
1988-07-02,0.3437403353656647
1988-07-03,0.33554570561016367
1988-07-04,0.3384127287184105
1988-07-05,0.33878660920675
1988-07-06,0.33090078370756165
1988-07-07,0.3242621036323187
1988-07-08,0.3186264889180459
1988-07-09,0.3137927717304456
1988-07-10,0.3096031159813376
1988-07-11,0.3059330753113955
1988-07-12,0.3026840737480856
1988-07-13,0.2997776840896032
1988-07-14,0.29715124912919316
1988-07-15,0.3114255008972771
1988-07-16,0.32814096876772086
1988-07-17,0.32014378673055854
1988-07-18,0.31309503757645835
1988-07-19,0.30715266700535965
1988-07-20,0.30209150727238754
1988-07-21,0.2977356326660357
1988-07-22,0.29394687424832017
1988-07-23,0.2906161830147074
1988-07-24,0.28765709288315133
1988-07-25,0.28500074265090436
1988-07-26,0.2825920631400466
1988-07-27,0.2803868407526918
1988-07-28,0.2783494441999797
1988-07-29,0.29151831413991375
1988-07-30,0.32918752760391207
1988-07-31,0.33271243531608646
1988-08-01,0.3202029520025654
1988-08-02,0.30998012414999104
1988-08-03,0.3015608444859167
1988-08-04,0.2945599334645495
1988-08-05,0.2886806575862271
1988-08-06,0.2836930198358155
1988-08-07,0.27941772588820024
1988-08-08,0.27571425174784914
1988-08-09,0.2724718999410035
1988-08-10,0.26960305046031185
1988-08-11,0.26863410657230335
1988-08-12,0.26988512956223526
1988-08-13,0.2680292123895332
1988-08-14,0.2651997997518833
1988-08-15,0.2626694435754712
1988-08-16,0.2603854693686615
1988-08-17,0.258303469351215
1988-08-18,0.25638772909958024
1988-08-19,0.2597733278919228
1988-08-20,0.2647197809127854
1988-08-21,0.26162824336659957
1988-08-22,0.25856942627228163
1988-08-23,0.25619803685080256
1988-08-24,0.26184641360982236
1988-08-25,0.2631682885283864
1988-08-26,0.31834405302617697
1988-08-27,0.39294333544546634
1988-08-28,0.4023749744882816
1988-08-29,0.3697044202402979
1988-08-30,0.3439814359427719
1988-08-31,0.32412532860347104
1988-09-01,0.30839661634856186
1988-09-02,0.3110085836208197
1988-09-03,0.3136335776852842
1988-09-04,0.2989551765024901
1988-09-05,0.28705776680521217
1988-09-06,0.27734257408100566
1988-09-07,0.26934030149705085
1988-09-08,0.26268996968280606
1988-09-09,0.2731406824270914
1988-09-10,0.3100841376703167
1988-09-11,0.3209369461878071
1988-09-12,0.31275339623831416
1988-09-13,0.29895346203478157
1988-09-14,0.2858278046182982
1988-09-15,0.2795369859342711
1988-09-16,0.27528569739458764
1988-09-17,0.26647885268864513
1988-09-18,0.25907285411490394
1988-09-19,0.2529017505296242
1988-09-20,0.24771239563931188
1988-09-21,0.24330729767623005
1988-09-22,0.23953157304649594
1988-09-23,0.2362631508695514
1988-09-24,0.23340537031804123
1988-09-25,0.23088135172484706
1988-09-26,0.22862969144105125
1988-09-27,0.22944345164324373
1988-09-28,0.23039166924551382
1988-09-29,0.2277883660484565
1988-09-30,0.22547219820826148
1988-10-01,0.22941605856688296
1988-10-02,0.2448198218908263
1988-10-03,0.2564444498151644
1988-10-04,0.31210822140679095
1988-10-05,0.37047595238161946
1988-10-06,0.42358164219839334
1988-10-07,0.49340854028716313
1988-10-08,0.9781624554816643
1988-10-09,1.3721059888857459
1988-10-10,1.229453616548501
1988-10-11,1.0657303861000456
1988-10-12,0.8713642068648358
1988-10-13,0.721872824566207
1988-10-14,0.6101149762906052
1988-10-15,0.5257075920596851
1988-10-16,0.46135463849592867
1988-10-17,0.41185653975154635
1988-10-18,0.3733902453203917
1988-10-19,0.3462999275798415
1988-10-20,0.3447218002885009
1988-10-21,0.3356327618915355
1988-10-22,0.39946578531542637
1988-10-23,0.4485877186641543
1988-10-24,0.4015447134294851
1988-10-25,0.36492011832399446
1988-10-26,0.5066642301608635
1988-10-27,0.6333115149087474
1988-10-28,0.5593884218096203
1988-10-29,0.4867563814525155
1988-10-30,0.431082267877966
1988-10-31,0.3880519413448818
1988-11-01,0.3559197427000886
1988-11-02,0.32926396431082683
1988-11-03,0.30810187197657724
1988-11-04,0.3433197644170309
1988-11-05,0.5003147736242369
1988-11-06,0.6393302968156139
1988-11-07,0.6178778382588953
1988-11-08,0.6445974524020122
1988-11-09,0.6887832045854204
1988-11-10,0.8874215307073287
1988-11-11,1.3301062002243613
1988-11-12,1.4210233688226024
1988-11-13,1.5116556136768422
1988-11-14,1.5487270085620664
1988-11-15,1.2597945752452822
1988-11-16,1.0120998579677407
1988-11-17,0.8303361338012639
1988-11-18,0.7540345417114674
1988-11-19,0.6990009156697473
1988-11-20,0.6316799334354507
1988-11-21,0.6752318941675148
1988-11-22,0.7330807682814483
1988-11-23,0.6876129603729356
1988-11-24,1.0084829778252968
1988-11-25,1.2391263686418903
1988-11-26,1.134626366336643
1988-11-27,1.1353871924311332
1988-11-28,0.994897374098236
1988-11-29,1.0748178593943614
1988-11-30,1.419877310966654
1988-12-01,1.5035136126144486
1988-12-02,1.452196175509578
1988-12-03,1.314458988736253
1988-12-04,1.0585432894844684
1988-12-05,1.564576610795658
1988-12-06,2.1149242243610993
1988-12-07,1.9382683606196656
1988-12-08,1.621110274600191
1988-12-09,1.2850100076435809
1988-12-10,1.0412163645344423
1988-12-11,0.862134978747496
1988-12-12,0.7626204600009426
1988-12-13,0.6934133747948402
1988-12-14,0.6021578306316056
1988-12-15,0.5326488264343238
1988-12-16,0.5332822009008474
1988-12-17,0.5365315923942676
1988-12-18,0.4821272341921583
1988-12-19,0.4399276979187679
1988-12-20,0.40692566124839075
1988-12-21,0.3808936404419688
1988-12-22,0.36018424016165856
1988-12-23,0.4397746404248253
1988-12-24,0.6025502293925283
1988-12-25,0.6183463706986965
1988-12-26,0.5440463722675181
1988-12-27,0.48703889336931994
1988-12-28,0.4523130241807412
1988-12-29,0.5145983436602912
1988-12-30,0.7812049147551866
1988-12-31,1.1046036687383238
1989-01-01,1.4662111602113421
1989-01-02,1.6767363969363498
1989-01-03,1.4719877834144084
1989-01-04,1.1791975370825378
1989-01-05,1.0611710791891802
1989-01-06,0.9728398517088174
1989-01-07,1.2379708243579088
1989-01-08,1.4197792496534827
1989-01-09,1.143350595444413
1989-01-10,1.0714853488454734
1989-01-11,1.0488716085184078
1989-01-12,1.0450476209861308
1989-01-13,1.139347575950714
1989-01-14,1.11848696412426
1989-01-15,1.0965467047385662
1989-01-16,1.0207272519974435
1989-01-17,0.9753779865311198
1989-01-18,0.9452908604620925
1989-01-19,0.7967946060352386
1989-01-20,0.685655483561912
1989-01-21,0.6015940182883535
1989-01-22,0.537378348488288
1989-01-23,0.4878569845964545
1989-01-24,0.44931818409584584
1989-01-25,0.4190592618195168
1989-01-26,0.42781778844312585
1989-01-27,0.5517764925486751
1989-01-28,0.7347713843606649
1989-01-29,0.774912292800133
1989-01-30,0.7442634840377308
1989-01-31,0.7779021745077892
1989-02-01,0.7364168754552555
1989-02-02,0.6497901906290231
1989-02-03,0.5736069273981413
1989-02-04,0.5152445298084317
1989-02-05,0.47011252054715036
1989-02-06,0.45394164105706053
1989-02-07,0.4955651259806524
1989-02-08,0.6982931817015179
1989-02-09,0.9796332974299912
1989-02-10,1.164177941057342
1989-02-11,1.1029353586462067
1989-02-12,0.9196741944842649
1989-02-13,0.7777104677454281
1989-02-14,0.6934850586828966
1989-02-15,0.6485535931243392
1989-02-16,0.7885669612943972
1989-02-17,0.8457363838194766
1989-02-18,0.7227276646568814
1989-02-19,0.6299500812749487
1989-02-20,0.559324336159026
1989-02-21,0.5050419235217577
1989-02-22,0.46293443627640424
1989-02-23,0.42997786263452326
1989-02-24,0.40395633631795747
1989-02-25,0.3832310464757591
1989-02-26,0.36657948525894163
1989-02-27,0.3530823605288728
1989-02-28,0.34204320397540994
1989-03-01,0.33293066146182854
1989-03-02,0.32533668614978434
1989-03-03,0.31894599206562463
1989-03-04,0.3135135552675938
1989-03-05,0.30884791682414603
1989-03-06,0.30479870300370915
1989-03-07,0.30124723468504194
1989-03-08,0.2980994163111176
1989-03-09,0.2952803185985016
1989-03-10,0.4697867695029106
1989-03-11,0.6338295863488216
1989-03-12,0.5581532494702373
1989-03-13,0.598184877551933
1989-03-14,0.6733067787182541
1989-03-15,1.9352690626242497
1989-03-16,2.975886830486523
1989-03-17,2.5264023866577374
1989-03-18,2.31418309868579
1989-03-19,2.546003527943802
1989-03-20,2.4616280146888565
1989-03-21,1.8949498836836784
1989-03-22,1.4926530626991357
1989-03-23,1.228385645424994
1989-03-24,1.2286506850141243
1989-03-25,1.2438304810241716
1989-03-26,1.0847735767541946
1989-03-27,0.9169532743410502
1989-03-28,0.7805428820440832
1989-03-29,0.9444196080354802
1989-03-30,1.3579535361956487
1989-03-31,1.4244412605123769
1989-04-01,1.5651447723464607
1989-04-02,1.6712812097195524
1989-04-03,1.6394846816735695
1989-04-04,1.572516274365552
1989-04-05,1.3378527393622142
1989-04-06,1.0955076141215199
1989-04-07,0.9173146946609587
1989-04-08,0.784778503512916
1989-04-09,0.685524035778045
1989-04-10,0.6788593072929757
1989-04-11,0.686490998244676
1989-04-12,0.7030712173543555
1989-04-13,0.7064655893534342
1989-04-14,0.6953663014575423
1989-04-15,0.6791747617331784
1989-04-16,0.6046226915350594
1989-04-17,0.7030073965887498
1989-04-18,0.7830362946239448
1989-04-19,0.6834127980789303
1989-04-20,0.6076466487431332
1989-04-21,0.6109007992642889
1989-04-22,0.6304373884336005
1989-04-23,0.5698352045252306
1989-04-24,0.5200742254371885
1989-04-25,0.48285737464060857
1989-04-26,0.452675542335923
1989-04-27,0.4281398843252627
1989-04-28,0.4085205253975339
1989-04-29,0.39269036788664385
1989-04-30,0.3797999620341527
1989-05-01,0.3692044058032491
1989-05-02,0.36041072407727
1989-05-03,0.367806482662487
1989-05-04,0.38625979654338344
1989-05-05,0.3756387414672959
1989-05-06,0.3647121490768257
1989-05-07,0.3556653677798623
1989-05-08,0.3481010987470428
1989-05-09,0.3417121989931609
1989-05-10,0.3362598541075317
1989-05-11,0.33155736934702906
1989-05-12,0.3274580473760545
1989-05-13,0.32384606152071854
1989-05-14,0.32062954077900374
1989-05-15,0.3177352991796746
1989-05-16,0.31510479564801464
1989-05-17,0.31338071907562937
1989-05-18,0.3113238123422771
1989-05-19,0.30910178452003023
1989-05-20,0.30702687382342453
1989-05-21,0.30507439093925
1989-05-22,0.303224232834548
1989-05-23,0.3365934398744232
1989-05-24,0.4372824504907418
1989-05-25,0.47224226368372363
1989-05-26,0.4366961511794809
1989-05-27,0.4080414978162488
1989-05-28,0.3853309568043162
1989-05-29,0.37929222874348567
1989-05-30,0.5120942140606619
1989-05-31,0.5957275480781706
1989-06-01,0.6447062369639103
1989-06-02,0.8401729399253249
1989-06-03,0.8884553364316051
1989-06-04,0.7614574579216412
1989-06-05,0.6570312082803577
1989-06-06,0.5778742731802065
1989-06-07,0.5279129148538501
1989-06-08,0.4909992807250359
1989-06-09,0.45068576157600204
1989-06-10,0.418485916820952
1989-06-11,0.393937811547496
1989-06-12,0.37424178241195255
1989-06-13,0.3576824185976573
1989-06-14,0.3442700438516432
1989-06-15,0.3359167863767596
1989-06-16,0.328404432743074
1989-06-17,0.3502415391052979
1989-06-18,0.39349326458960315
1989-06-19,0.3922706720405416
1989-06-20,0.44443727613881445
1989-06-21,0.563641116738821
1989-06-22,0.6004431113566921
1989-06-23,0.5359163062651842
1989-06-24,0.48252905384132183
1989-06-25,0.44112082821664084
1989-06-26,0.40872672805708704
1989-06-27,0.44390723207162774
1989-06-28,0.47188787531682624
1989-06-29,0.4345551120703324
1989-06-30,0.40396114184669374
1989-07-01,0.44111220005546364
1989-07-02,0.47436602343659046
1989-07-03,0.475550401898071
1989-07-04,0.5021842984439987
1989-07-05,0.504044974443145
1989-07-06,0.5900877744771246
1989-07-07,0.6259619834140596
1989-07-08,0.5503411547592426
1989-07-09,0.492350264401644
1989-07-10,0.45438175233527517
1989-07-11,0.4221334856585986
1989-07-12,0.4306825001411753
1989-07-13,0.44869709382466044
1989-07-14,0.4150555775240649
1989-07-15,0.3866559662587765
1989-07-16,0.36415269653590615
1989-07-17,0.3461712128909436
1989-07-18,0.33430584661878476
1989-07-19,0.32318986927845306
1989-07-20,0.31290004004913435
1989-07-21,0.30440864881591007
1989-07-22,0.2973366564140449
1989-07-23,0.2931444352985825
1989-07-24,0.2893491273555706
1989-07-25,0.28449138769067134
1989-07-26,0.2803113487805477
1989-07-27,0.27668140485970133
1989-07-28,0.2734963474958088
1989-07-29,0.2706726063502179
1989-07-30,0.26814351538842407
1989-07-31,0.2658556780816331
1989-08-01,0.2637661615950382
1989-08-02,0.261840319940912
1989-08-03,0.26005009698242004
1989-08-04,0.2583726974573019
1989-08-05,0.2567895416718407
1989-08-06,0.2552854398964142
1989-08-07,0.2538479376976607
1989-08-08,0.2536308816246237
1989-08-09,0.25311042273253537
1989-08-10,0.25152891943946165
1989-08-11,0.25002890415199885
1989-08-12,0.24859947553137937
1989-08-13,0.24722960344298073
1989-08-14,0.24591021493431467
1989-08-15,0.2446338267739044
1989-08-16,0.2433942508301761
1989-08-17,0.24218635705937028
1989-08-18,0.2410058822258437
1989-08-19,0.23984927505601436
1989-08-20,0.238713570517094
1989-08-21,0.23786108373961556
1989-08-22,0.23695880873600306
1989-08-23,0.23581088100504566
1989-08-24,0.23468491732046795
1989-08-25,0.233578977795026
1989-08-26,0.2324906904044428
1989-08-27,0.23141806713672197
1989-08-28,0.23035943808476222
1989-08-29,0.22931339742588294
1989-08-30,0.22827875903479913
1989-08-31,0.22725451992545356
1989-09-01,0.22623983007213744
1989-09-02,0.22523396744207266
1989-09-03,0.22423631729593288
1989-09-04,0.22324635499191328
1989-09-05,0.22226363167245025
1989-09-06,0.22135655063414483
1989-09-07,0.22132489648420048
1989-09-08,0.24089931124075412
1989-09-09,0.2551355549317116
1989-09-10,0.26683879622276524
1989-09-11,0.27933333115122744
1989-09-12,0.30532512140469914
1989-09-13,0.3912888968341544
1989-09-14,0.42160803917502715
1989-09-15,0.37996689381653176
1989-09-16,0.3763463507111453
1989-09-17,0.44065604253405805
1989-09-18,0.466144750608481
1989-09-19,0.4226138182590062
1989-09-20,0.3796312714985186
1989-09-21,0.3461443333126639
1989-09-22,0.3198459319998459
1989-09-23,0.299025569469669
1989-09-24,0.28276209963353877
1989-09-25,0.2704472873963213
1989-09-26,0.42678281195543044
1989-09-27,0.5792047634330385
1989-09-28,0.5359006821710613
1989-09-29,0.4965317701360766
1989-09-30,0.456036373411425
1989-10-01,0.4052480871753483
1989-10-02,0.3658699693250856
1989-10-03,0.33509454222321117
1989-10-04,0.37002554512964264
1989-10-05,0.4765130812722405
1989-10-06,0.4847754882696384
1989-10-07,0.42731625365470455
1989-10-08,0.382916478873961
1989-10-09,0.348348949929089
1989-10-10,0.32121474537564926
1989-10-11,0.29974443211297913
1989-10-12,0.2826213287286156
1989-10-13,0.2811013141152538
1989-10-14,0.2820508949129229
1989-10-15,0.26820253912862846
1989-10-16,0.2569756120271199
1989-10-17,0.24781040259644194
1989-10-18,0.24026682065994207
1989-10-19,0.23400550897994168
1989-10-20,0.22876323589917616
1989-10-21,0.22433468053908243
1989-10-22,0.2205588513420488
1989-10-23,0.2173088895932264
1989-10-24,0.21448436446925734
1989-10-25,0.22213509725691208
1989-10-26,0.23108113439677821
1989-10-27,0.27077612115654387
1989-10-28,0.31752457018250485
1989-10-29,0.30546771119745225
1989-10-30,0.29275803419350177
1989-10-31,0.2838038373262984
1989-11-01,0.2675029558713116
1989-11-02,0.25438534216792924
1989-11-03,0.24375263119953586
1989-11-04,0.23506573023185792
1989-11-05,0.2279109967477704
1989-11-06,0.2219690665499087
1989-11-07,0.21699192153787628
1989-11-08,0.21278588953926106
1989-11-09,0.21437133385617102
1989-11-10,0.21797853105608012
1989-11-11,0.25836280578714715
1989-11-12,0.36758617426119394
1989-11-13,0.4015271776763791
1989-11-14,0.3593456489840811
1989-11-15,0.3279300750397009
1989-11-16,0.30095098384938623
1989-11-17,0.2796184076740151
1989-11-18,0.26262374684591294
1989-11-19,0.24898107916873338
1989-11-20,0.23794507594176714
1989-11-21,0.24036393276192813
1989-11-22,0.3070358543872104
1989-11-23,0.5169688560291555
1989-11-24,0.6293682849743011
1989-11-25,0.5463497119483475
1989-11-26,0.47756556880276585
1989-11-27,0.4277394729316139
1989-11-28,0.3785386052483834
1989-11-29,0.3403781527211888
1989-11-30,0.3105438999236216
1989-12-01,0.29727833834136347
1989-12-02,0.28951271806828893
1989-12-03,0.2702776843905115
1989-12-04,0.26828620167522527
1989-12-05,0.267173498832234
1989-12-06,0.25226494495573093
1989-12-07,0.24023609287693895
1989-12-08,0.23046336802682707
1989-12-09,0.4705780516354185
1989-12-10,0.6629780656420806
1989-12-11,0.5574561354783081
1989-12-12,0.4775369581187696
1989-12-13,0.4165291192734855
1989-12-14,0.36954235692308823
1989-12-15,0.333047756364618
1989-12-16,0.3044720990127821
1989-12-17,0.28192087396212245
1989-12-18,0.263986745917094
1989-12-19,0.24961555914570388
1989-12-20,0.2380115709346733
1989-12-21,0.22856974840308641
1989-12-22,0.22082694103704292
1989-12-23,0.21446188036173364
1989-12-24,0.29032962233153775
1989-12-25,0.43292381468888835
1989-12-26,0.45259301244210065
1989-12-27,0.3965762915768507
1989-12-28,0.3533039327584171
1989-12-29,0.490479521003976
1989-12-30,0.5903227551318906
1989-12-31,0.50206859896062
1990-01-01,0.4348511606096714
1990-01-02,0.3832480582303974
1990-01-03,0.34329084529562853
1990-01-04,0.38394763287199524
1990-01-05,0.47411981156330213
1990-01-06,0.7431146755947422
1990-01-07,0.9828203924149562
1990-01-08,1.000281241432597
1990-01-09,0.9365303904894607
1990-01-10,0.7883218927300639
1990-01-11,0.6530934036969751
1990-01-12,1.053780313381007
1990-01-13,1.380119175126179
1990-01-14,1.0956847982615023
1990-01-15,0.8828296240421013
1990-01-16,0.7257850449647564
1990-01-17,0.608610855667212
1990-01-18,0.5202729193806216
1990-01-19,0.45302696986945357
1990-01-20,0.4013686531689454
1990-01-21,0.3613400566139078
1990-01-22,0.3300646938804529
1990-01-23,0.38301807098188245
1990-01-24,0.6778812857152462
1990-01-25,0.9600312334046365
1990-01-26,0.9370621470112047
1990-01-27,0.7884204105551467
1990-01-28,0.6567616381451622
1990-01-29,0.5579347088826537
1990-01-30,0.48300550263861214
1990-01-31,0.4970482985442146
1990-02-01,0.615117408098777
1990-02-02,0.5882509408979434
1990-02-03,0.8279523673254907
1990-02-04,1.2558001854869654
1990-02-05,1.264062182053599
1990-02-06,1.0388034531616508
1990-02-07,1.0427787952759358
1990-02-08,1.0277903577587053
1990-02-09,0.9041067889721424
1990-02-10,0.811897227524437
1990-02-11,1.2427925154469144
1990-02-12,1.588919965987759
1990-02-13,1.4209762499879484
1990-02-14,1.9924135995126306
1990-02-15,2.6871046393585174
1990-02-16,2.4325291907569784
1990-02-17,2.4692635447550475
1990-02-18,2.45166745402456
1990-02-19,2.682149452761943
1990-02-20,2.8978409085657346
1990-02-21,2.268052111050593
1990-02-22,1.7462664692273693
1990-02-23,1.4266847086182992
1990-02-24,1.2113474963763524
1990-02-25,0.9886223887180926
1990-02-26,0.8730700713337899
1990-02-27,0.7860289737395215
1990-02-28,0.6720288166455708
1990-03-01,0.5858542802850636
1990-03-02,0.5200908769827478
1990-03-03,0.46943231314964234
1990-03-04,0.4300572255661875
1990-03-05,0.39918449373963755
1990-03-06,0.5018684574801461
1990-03-07,0.5877543395920085
1990-03-08,0.5210676833556758
1990-03-09,0.4696646948228378
1990-03-10,0.44042973956706516
1990-03-11,0.41973592251878106
1990-03-12,0.3905102010697852
1990-03-13,0.3751978337148845
1990-03-14,0.44105518099394736
1990-03-15,0.483159420045528
1990-03-16,0.4401053787935076
1990-03-17,0.5145624610951077
1990-03-18,0.8889776538512563
1990-03-19,1.0489055498479698
1990-03-20,0.8907956316780509
1990-03-21,1.022897976142698
1990-03-22,1.2087526064590486
1990-03-23,1.105495386366863
1990-03-24,1.678327768642052
1990-03-25,2.0675271129640667
1990-03-26,1.608563335278238
1990-03-27,1.2796061721985348
1990-03-28,1.0407712593083944
1990-03-29,0.865149782856672
1990-03-30,0.8491204224030677
1990-03-31,1.5267924089739162
1990-04-01,1.8833415082993676
1990-04-02,1.480116665744309
1990-04-03,1.467695038271435
1990-04-04,1.46332290345136
1990-04-05,1.1785529733333846
1990-04-06,0.9704816699728251
1990-04-07,0.8166732718949848
1990-04-08,0.7016763814061061
1990-04-09,0.6147807584556935
1990-04-10,0.5484602680503362
1990-04-11,0.6455453707406981
1990-04-12,0.7385064451932514
1990-04-13,0.6766167957880903
1990-04-14,0.9168316464013068
1990-04-15,1.0443095778996907
1990-04-16,0.8720507979351564
1990-04-17,0.7436750655054274
1990-04-18,0.6470606722744404
1990-04-19,0.5736022574729617
1990-04-20,0.5172059448987748
1990-04-21,0.47350475491746846
1990-04-22,0.4393348119155156
1990-04-23,0.4123806252288828
1990-04-24,0.3909316801998716
1990-04-25,0.37371335969501
1990-04-26,0.3597681598199014
1990-04-27,0.3483713550860997
1990-04-28,0.338970530496578
1990-04-29,0.33750644505180044
1990-04-30,0.3360026798675016
1990-05-01,0.32832704377021144
1990-05-02,0.3221499342028176
1990-05-03,0.3167262680069874
1990-05-04,0.3119365961302099
1990-05-05,0.3077836316365386
1990-05-06,0.304144489299662
1990-05-07,0.3018089349236193
1990-05-08,0.34088648516415326
1990-05-09,0.3771885469329777
1990-05-10,0.3594073340160378
1990-05-11,0.35883465713239565
1990-05-12,0.5274574973557495
1990-05-13,0.7276120188862921
1990-05-14,0.7140319752851668
1990-05-15,0.6216747284933577
1990-05-16,0.5489171585577324
1990-05-17,0.4930882243784438
1990-05-18,0.4498529810081495
1990-05-19,0.416650378828348
1990-05-20,0.39015300954839965
1990-05-21,0.37790429728413444
1990-05-22,0.3932067221893177
1990-05-23,0.4265604303395359
1990-05-24,0.6183693883575802
1990-05-25,0.7926759299427483
1990-05-26,0.8096885367412532
1990-05-27,0.7739684101906472
1990-05-28,0.6687465655932393
1990-05-29,0.5842053118880173
1990-05-30,0.5196475020021867
1990-05-31,0.4698902868188353
1990-06-01,0.4311944258251104
1990-06-02,0.4008372119679699
1990-06-03,0.3768167714297555
1990-06-04,0.3576479092129566
1990-06-05,0.3422194929843378
1990-06-06,0.3296937317761136
1990-06-07,0.3194343150262909
1990-06-08,0.31095465284536405
1990-06-09,0.303880261606491
1990-06-10,0.29792120010178286
1990-06-11,0.2928517117815765
1990-06-12,0.2884950778064267
1990-06-13,0.2847122684535787
1990-06-14,0.2813933843256395
1990-06-15,0.27845116131869685
1990-06-16,0.2758160126348969
1990-06-17,0.2734322229265637
1990-06-18,0.27125501132861657
1990-06-19,0.27460676053615546
1990-06-20,0.27595222092763905
1990-06-21,0.2728218266608687
1990-06-22,0.2703237110401517
1990-06-23,0.26955069236057844
1990-06-24,0.2673726751639798
1990-06-25,0.26496138301251254
1990-06-26,0.2627704592707854
1990-06-27,0.26076090071346064
1990-06-28,0.25890121048377396
1990-06-29,0.2591138454400758
1990-06-30,0.2599817303137941
1990-07-01,0.25799327959107166
1990-07-02,0.270332820346194
1990-07-03,0.2791589621701371
1990-07-04,0.2730194806899881
1990-07-05,0.26783122994894487
1990-07-06,0.2634134567079351
1990-07-07,0.28675395592134656
1990-07-08,0.3071420508785747
1990-07-09,0.3102940761995992
1990-07-10,0.36829391772664394
1990-07-11,0.38704603252562064
1990-07-12,0.35761575466095347
1990-07-13,0.33448344691331783
1990-07-14,0.3160678356341547
1990-07-15,0.3018559274872901
1990-07-16,0.2900026442675184
1990-07-17,0.2801010070393071
1990-07-18,0.2719510961645255
1990-07-19,0.26518282491360246
1990-07-20,0.25951000697609283
1990-07-21,0.2547100548797984
1990-07-22,0.25060890372052763
1990-07-23,0.24706973499758314
1990-07-24,0.24398448569887135
1990-07-25,0.241267413873864
1990-07-26,0.23885019320152504
1990-07-27,0.23667815186393384
1990-07-28,0.2347073731769088
1990-07-29,0.2329024490447008
1990-07-30,0.23123473074846412
1990-07-31,0.22968096064367213
1990-08-01,0.22822219708521632
1990-08-02,0.2268429661801532
1990-08-03,0.2325711457842425
1990-08-04,0.23554719682444822
1990-08-05,0.23252628045971735
1990-08-06,0.22986961735558545
1990-08-07,0.2275145535237065
1990-08-08,0.22540542634085112
1990-08-09,0.22349766513931343
1990-08-10,0.22178781369206169
1990-08-11,0.2201896946618571
1990-08-12,0.21869156592321348
1990-08-13,0.21728859701656322
1990-08-14,0.21596511121935794
1990-08-15,0.21470829149165913
1990-08-16,0.21350762794778835
1990-08-17,0.2250952947166839
1990-08-18,0.24022783547726936
1990-08-19,0.2381654004201246
1990-08-20,0.2524011804497253
1990-08-21,0.27371227282551164
1990-08-22,0.26986099454100726
1990-08-23,0.25763483794178754
1990-08-24,0.24769872018665554
1990-08-25,0.23956424354499026
1990-08-26,0.2328477057000525
1990-08-27,0.22725313359840885
1990-08-28,0.2225508542393458
1990-08-29,0.21856163808978138
1990-08-30,0.215144878274149
1990-08-31,0.21218971641125597
1990-09-01,0.20960833643847418
1990-09-02,0.20733086509496412
1990-09-03,0.20530147122896356
1990-09-04,0.20347536541529262
1990-09-05,0.20181647985098683
1990-09-06,0.20133272533640503
1990-09-07,0.2006761997408435
1990-09-08,0.19909079138588073
1990-09-09,0.19763128766084978
1990-09-10,0.196277628517884
1990-09-11,0.19501213110864993
1990-09-12,0.19382035084450133
1990-09-13,0.19269045354090475
1990-09-14,0.19161271627065513
1990-09-15,0.19057912906424848
1990-09-16,0.18958307595232182
1990-09-17,0.18861907867670571
1990-09-18,0.18768259008705956
1990-09-19,0.18676982707195763
1990-09-20,0.18587763505609992
1990-09-21,0.18500337778502754
1990-09-22,0.18414484743209925
1990-09-23,0.18445895264888412
1990-09-24,0.18490815481553266
1990-09-25,0.18374244524564384
1990-09-26,0.18264145780749078
1990-09-27,0.18233454730423337
1990-09-28,0.18202666729495465
1990-09-29,0.18099106379816374
1990-09-30,0.1799700923515971
1990-10-01,0.1788968000703763
1990-10-02,0.17787712644375442
1990-10-03,0.17690298304797591
1990-10-04,0.17596740124265073
1990-10-05,0.18307454263165
1990-10-06,0.18628067828173442
1990-10-07,0.18272039615356514
1990-10-08,0.1804374726867274
1990-10-09,0.17842744507906197
1990-10-10,0.17664191514480254
1990-10-11,0.17504033747311679
1990-10-12,0.17359005542680395
1990-10-13,0.1722646709656155
1990-10-14,0.17104277170131996
1990-10-15,0.17137699305029538
1990-10-16,0.17182650548569403
1990-10-17,0.24759467417262904
1990-10-18,0.2759892025606154
1990-10-19,0.25882664178888254
1990-10-20,0.2406033778965003
1990-10-21,0.22604877454003072
1990-10-22,0.21434133416274717
1990-10-23,0.20485632628476666
1990-10-24,0.19711883691243792
1990-10-25,0.19074175877709265
1990-10-26,0.18545267373176255
1990-10-27,0.1810302751973926
1990-10-28,0.17730135466851338
1990-10-29,0.1741297738693144
1990-10-30,0.17140801164602137
1990-10-31,0.16905075907198355
1990-11-01,0.16699003709050397
1990-11-02,0.16517145343446907
1990-11-03,0.16355131738926135
1990-11-04,0.23370472275862797
1990-11-05,0.29077167330921183
1990-11-06,0.28634754478935726
1990-11-07,0.26366501224567584
1990-11-08,0.24279109063018944
1990-11-09,0.25633753194310793
1990-11-10,0.2586741047624389
1990-11-11,0.23875895469960975
1990-11-12,0.22288511225208432
1990-11-13,0.210151378546123
1990-11-14,0.1998624764498581
1990-11-15,0.19903986233689963
1990-11-16,0.19860593632329238
1990-11-17,0.19033351591295378
1990-11-18,0.18759185628811084
1990-11-19,0.18570452398387263
1990-11-20,0.17961992293277262
1990-11-21,0.17518620539550045
1990-11-22,0.17104085709530115
1990-11-23,0.16738594674048168
1990-11-24,0.16435804061887996
1990-11-25,0.20540907186842172
1990-11-26,0.258792334775747
1990-11-27,0.2596322453363291
1990-11-28,0.23823507357066764
1990-11-29,0.23949982450983828
1990-11-30,0.2622736215578552
1990-12-01,0.25886663775438384
1990-12-02,0.23748374109703585
1990-12-03,0.22052094013039672
1990-12-04,0.20694538201022047
1990-12-05,0.19600321988740718
1990-12-06,0.1871205860410274
1990-12-07,0.17985768887237674
1990-12-08,0.17387536611902454
1990-12-09,0.16891051320678316
1990-12-10,0.16475789184857495
1990-12-11,0.23060865785663895
1990-12-12,0.28392488218207484
1990-12-13,0.2616838975121569
1990-12-14,0.23901647405492163
1990-12-15,0.22103999330100454
1990-12-16,0.21611304276664275
1990-12-17,0.2231414853877677
1990-12-18,0.21587166764215046
1990-12-19,0.20242804411798856
1990-12-20,0.191589155137501
1990-12-21,0.18279165710414377
1990-12-22,0.17559982211433245
1990-12-23,0.2469023203854177
1990-12-24,0.2955496655540398
1990-12-25,0.26517680229713353
1990-12-26,0.24127382297150915
1990-12-27,0.22235203119948707
1990-12-28,0.20726590197288972
1990-12-29,0.19515276980936472
1990-12-30,0.185358163990504
1990-12-31,0.1773821197801112
1991-01-01,0.17084022213991323
1991-01-02,0.1674816921477422
1991-01-03,0.17788117167756065
1991-01-04,0.34878615358389403
1991-01-05,0.5065951451261942
1991-01-06,0.5629805279425122
1991-01-07,0.6499892742314854
1991-01-08,0.6534873887536177
1991-01-09,0.539437626067741
1991-01-10,0.4534290098467076
1991-01-11,0.3879894575737926
1991-01-12,0.33775753752283527
1991-01-13,0.29887644750392084
1991-01-14,0.2685419885872707
1991-01-15,0.24469508986163338
1991-01-16,0.22580994477893798
1991-01-17,0.2107462746262869
1991-01-18,0.19864516057517032
1991-01-19,0.2498126711671207
1991-01-20,0.28083173408109247
1991-01-21,0.25600131020842926
1991-01-22,0.2345574196490308
1991-01-23,0.2175221741851406
1991-01-24,0.20389221502832935
1991-01-25,0.2706298874237601
1991-01-26,0.2943366602621752
1991-01-27,0.29943391728905433
1991-01-28,0.27731804513994995
1991-01-29,0.25125626789437017
1991-01-30,0.23067103263621327
1991-01-31,0.21429773657240062
1991-02-01,0.20118151893249947
1991-02-02,0.19059986804428355
1991-02-03,0.18200219751174793
1991-02-04,0.17496614459798307
1991-02-05,0.16916568756651193
1991-02-06,0.16434769547174846
1991-02-07,0.16031454766552086
1991-02-08,0.15691115881410742
1991-02-09,0.15401522668834497
1991-02-10,0.15152985503438537
1991-02-11,0.14937793909793634
1991-02-12,0.14749786799125109
1991-02-13,0.1458402170481912
1991-02-14,0.14436518889470004
1991-02-15,0.1430406239828775
1991-02-16,0.14184044659497777
1991-02-17,0.14074344556775423
1991-02-18,0.13973231356051838
1991-02-19,0.13879288696281503
1991-02-20,0.23807554581587012
1991-02-21,0.3477250010790888
1991-02-22,0.3216253078469387
1991-02-23,0.36175524750079674
1991-02-24,0.3814986655853952
1991-02-25,0.33058175530056605
1991-02-26,0.32846538379218354
1991-02-27,0.3242666637256041
1991-02-28,0.3040789034022175
1991-03-01,0.28803995335143134
1991-03-02,0.2581338480285271
1991-03-03,0.3240240821975572
1991-03-04,0.47997795058108256
1991-03-05,0.5827632681787067
1991-03-06,0.6329467531749094
1991-03-07,0.9655045750413067
1991-03-08,1.0954503468567014
1991-03-09,0.8673843138981049
1991-03-10,0.8447790804922399
1991-03-11,0.756030023451865
1991-03-12,0.6181094424932273
1991-03-13,0.5156692585590701
1991-03-14,0.47942505382857986
1991-03-15,0.5181202596480624
1991-03-16,0.5011580862776847
1991-03-17,0.42631061732352743
1991-03-18,0.3909585499436438
1991-03-19,0.3979549264216485
1991-03-20,0.374468464068303
1991-03-21,0.3292516467550306
1991-03-22,0.2941056639020692
1991-03-23,0.2665865791662175
1991-03-24,0.24487560392178823
1991-03-25,0.2276200781456602
1991-03-26,0.2150142743078073
1991-03-27,0.2041497628000832
1991-03-28,0.19481866463908928
1991-03-29,0.18719200472430056
1991-03-30,0.18664115165255593
1991-03-31,0.23747472556778304
1991-04-01,0.3024255695996328
1991-04-02,0.3026376012673984
1991-04-03,0.2727028966257901
1991-04-04,0.31182422087385575
1991-04-05,0.3463633224301712
1991-04-06,0.30689236096528905
1991-04-07,0.2804766444239314
1991-04-08,0.2590632231216154
1991-04-09,0.2383865011902814
1991-04-10,0.22192180262842257
1991-04-11,0.20872335638335401
1991-04-12,0.198127082310099
1991-04-13,0.19623947688459797
1991-04-14,0.191005742249958
1991-04-15,0.19818618423483103
1991-04-16,0.20591803652832652
1991-04-17,0.2177373666251138
1991-04-18,0.23137964759158502
1991-04-19,0.21576094186804942
1991-04-20,0.20320450266323145
1991-04-21,0.195660918623356
1991-04-22,0.21595181701129454
1991-04-23,0.2741791141919588
1991-04-24,0.30713606007078526
1991-04-25,0.28422927703347795
1991-04-26,0.2573217703941075
1991-04-27,0.23607265048922246
1991-04-28,0.2224245772699075
1991-04-29,0.20984606376148343
1991-04-30,0.19812451808048362
1991-05-01,0.18862431891804624
1991-05-02,0.18087157205977653
1991-05-03,0.20663616696059584
1991-05-04,0.23036421261197718
1991-05-05,0.21424421263783153
1991-05-06,0.20128799729976343
1991-05-07,0.19183577477190428
1991-05-08,0.19050390792358543
1991-05-09,0.18408853581402543
1991-05-10,0.1767290067922537
1991-05-11,0.17066602198718595
1991-05-12,0.16563635950196534
1991-05-13,0.16143141684523343
1991-05-14,0.157887654104621
1991-05-15,0.15487622479291271
1991-05-16,0.15257734971536435
1991-05-17,0.15038718105331242
1991-05-18,0.14838774088167753
1991-05-19,0.14663047158051032
1991-05-20,0.145392643387109
1991-05-21,0.14406921155682023
1991-05-22,0.14274811996544404
1991-05-23,0.1415493591192388
1991-05-24,0.14045211259518184
1991-05-25,0.13943939063486763
1991-05-26,0.13849728605938202
1991-05-27,0.13778476449306168
1991-05-28,0.1626602893354893
1991-05-29,0.24744212730139672
1991-05-30,0.28275248177882406
1991-05-31,0.25557278869401756
1991-06-01,0.23181458449265932
1991-06-02,0.2130150811077872
1991-06-03,0.19803758736956026
1991-06-04,0.18602075162598286
1991-06-05,0.1793540047949778
1991-06-06,0.17830323973129472
1991-06-07,0.17127048461433356
1991-06-08,0.16421172202395232
1991-06-09,0.1584014453595812
1991-06-10,0.15358600781818407
1991-06-11,0.14956463265322484
1991-06-12,0.14617990727701952
1991-06-13,0.145016849726179
1991-06-14,0.14530214315567722
1991-06-15,0.14266403220063154
1991-06-16,0.15638430031482217
1991-06-17,0.2020827301279199
1991-06-18,0.21711805980788956
1991-06-19,0.20318505091782638
1991-06-20,0.18907825287321156
1991-06-21,0.17776190747392043
1991-06-22,0.1685727177727996
1991-06-23,0.16108930195658439
1991-06-24,0.16093439878859842
1991-06-25,0.1613463812207304
1991-06-26,0.15505441776727338
1991-06-27,0.14985088823337284
1991-06-28,0.14600064607777133
1991-06-29,0.148204461357328
1991-06-30,0.148326961690327
1991-07-01,0.14426303650040836
1991-07-02,0.1406609136397632
1991-07-03,0.15357823825112854
1991-07-04,0.17935126862908837
1991-07-05,0.17603152878793382
1991-07-06,0.1662632411456918
1991-07-07,0.15832430067581582
1991-07-08,0.1518339613701529
1991-07-09,0.15673123619915041
1991-07-10,0.16080949199519884
1991-07-11,0.15368302562423966
1991-07-12,0.14782678448773148
1991-07-13,0.14298870874916975
1991-07-14,0.13949453737407994
1991-07-15,0.13625958452183848
1991-07-16,0.13328841360595986
1991-07-17,0.13076105140306624
1991-07-18,0.1295815542975902
1991-07-19,0.12800305907315557
1991-07-20,0.12616121378766795
1991-07-21,0.12454959518857428
1991-07-22,0.12312834743485696
1991-07-23,0.12319259862347591
1991-07-24,0.13316322108227716
1991-07-25,0.14337783370810206
1991-07-26,0.14308466692739322
1991-07-27,0.13818286843951366
1991-07-28,0.1340387852436595
1991-07-29,0.14564955912033112
1991-07-30,0.15191273554075216
1991-07-31,0.14529393885653763
1991-08-01,0.1397281127043318
1991-08-02,0.13504132758275056
1991-08-03,0.1311428819503835
1991-08-04,0.1295325191171853
1991-08-05,0.12774787789182065
1991-08-06,0.1249563349386529
1991-08-07,0.16753985943304003
1991-08-08,0.18660765621120592
1991-08-09,0.17249129086688544
1991-08-10,0.16115108328777936
1991-08-11,0.15382816944895147
1991-08-12,0.15903519689110915
1991-08-13,0.16037177304173675
1991-08-14,0.1512730396595323
1991-08-15,0.14387136137595744
1991-08-16,0.13781650841115956
1991-08-17,0.13282924884450423
1991-08-18,0.12869233968186872
1991-08-19,0.12708890823159347
1991-08-20,0.12651905297704727
1991-08-21,0.13835006748384115
1991-08-22,0.14545600913459025
1991-08-23,0.13869932557955983
1991-08-24,0.13317105869215382
1991-08-25,0.13824479988878513
1991-08-26,0.1448955446211797
1991-08-27,0.13853861083024424
1991-08-28,0.13285931454856167
1991-08-29,0.13229960714250524
1991-08-30,0.13249091094070178
1991-08-31,0.13060917764042393
1991-09-01,0.1311512322099694
1991-09-02,0.1268719054111337
1991-09-03,0.12302013007817958
1991-09-04,0.11979711702412411
1991-09-05,0.11707996132853633
1991-09-06,0.11477144624997815
1991-09-07,0.11279432674969288
1991-09-08,0.11108696427705372
1991-09-09,0.10991944362817894
1991-09-10,0.10876074187261896
1991-09-11,0.10753048029709812
1991-09-12,0.10643501075604618
1991-09-13,0.10545158098303026
1991-09-14,0.10456104413637697
1991-09-15,0.10374776970946069
1991-09-16,0.10299896029302545
1991-09-17,0.10230410868310232
1991-09-18,0.1026888138436076
1991-09-19,0.10339516781698144
1991-09-20,0.10256065684269368
1991-09-21,0.10170658159199397
1991-09-22,0.10092590653158152
1991-09-23,0.10020647369951059
1991-09-24,0.09953830262813163
1991-09-25,0.0995173027753055
1991-09-26,0.09973762535942317
1991-09-27,0.09901603239690404
1991-09-28,0.09830552182880208
1991-09-29,0.09764641289196897
1991-09-30,0.0996427573970547
1991-10-01,0.1018465109028523
1991-10-02,0.1004768196564771
1991-10-03,0.09927224367159121
1991-10-04,0.09820610145000414
1991-10-05,0.09737161314379726
1991-10-06,0.09948980376747978
1991-10-07,0.10806502499290772
1991-10-08,0.12720295736960685
1991-10-09,0.13180079659707944
1991-10-10,0.12586578994178552
1991-10-11,0.11980157182520196
1991-10-12,0.13799067644317362
1991-10-13,0.1421714344638668
1991-10-14,0.15664077541688423
1991-10-15,0.15783782965591506
1991-10-16,0.14714926116407182
1991-10-17,0.1370005482172028
1991-10-18,0.12872409556915243
1991-10-19,0.12199706984032917
1991-10-20,0.118408328823772
1991-10-21,0.12520222487550065
1991-10-22,0.13930130389553594
1991-10-23,0.13561317532671655
1991-10-24,0.1338363549892333
1991-10-25,0.21555992716697314
1991-10-26,0.2583338413285465
1991-10-27,0.22793718999153098
1991-10-28,0.20101592629930756
1991-10-29,0.17983948907827166
1991-10-30,0.16307161688940552
1991-10-31,0.15417591914806206
1991-11-01,0.14944667722306373
1991-11-02,0.1387959239975821
1991-11-03,0.15887045483270756
1991-11-04,0.21631582533491286
1991-11-05,0.5049369661265377
1991-11-06,0.7528400123239912
1991-11-07,0.6795214205573005
1991-11-08,0.5570700659289196
1991-11-09,0.4575343135429788
1991-11-10,0.4810600757547358
1991-11-11,0.7945273371270379
1991-11-12,0.9456413454417806
1991-11-13,1.129882745900818
1991-11-14,1.2108160419080265
1991-11-15,1.0335306754093918
1991-11-16,0.8984972811518492
1991-11-17,0.7140919799940205
1991-11-18,0.5774091205673125
1991-11-19,0.6407372546268845
1991-11-20,0.7246569980270832
1991-11-21,0.6424998351282961
1991-11-22,0.5383322457418135
1991-11-23,0.4467354828816978
1991-11-24,0.3771966688418049
1991-11-25,0.32393961236813945
1991-11-26,0.2828107352534244
1991-11-27,0.2507967892651011
1991-11-28,0.2390598826911284
1991-11-29,0.31162993783521586
1991-11-30,0.34492680057836345
1991-12-01,0.3258323436578336
1991-12-02,0.30473930715810044
1991-12-03,0.26818131384040506
1991-12-04,0.3081251286476961
1991-12-05,0.3365075040790433
1991-12-06,0.2930577773793506
1991-12-07,0.2592679403490776
1991-12-08,0.381571398653707
1991-12-09,0.5395957685935272
1991-12-10,0.751594941100351
1991-12-11,1.2041788875843111
1991-12-12,1.3819699186969607
1991-12-13,1.540029707003139
1991-12-14,1.5361502624301233
1991-12-15,1.7333243952959085
1991-12-16,1.988212734377637
1991-12-17,1.7568022230594025
1991-12-18,1.4461999557760832
1991-12-19,1.1256739259945279
1991-12-20,0.9145808792939598
1991-12-21,1.0242659537837027
1991-12-22,1.2162936946688228
1991-12-23,1.3517777263793453
1991-12-24,1.3644133600509047
1991-12-25,1.1398500027744927
1991-12-26,0.9069227652243108
1991-12-27,0.8933551180711845
1991-12-28,1.043917506268427
1991-12-29,0.9872371650366993
1991-12-30,0.7965441413299098
1991-12-31,0.6552418482123142
1992-01-01,0.549439975298513
1992-01-02,0.46941726838855086
1992-01-03,0.4083201396117837
1992-01-04,0.36125714137067283
1992-01-05,0.32469766861001986
1992-01-06,0.29606675411480804
1992-01-07,0.27346827696987897
1992-01-08,0.25549350217368316
1992-01-09,0.24108709572335038
1992-01-10,0.22945234202852238
1992-01-11,0.2199834144390758
1992-01-12,0.21221651953407558
1992-01-13,0.25645490583241326
1992-01-14,0.3888627840553803
1992-01-15,0.4092209847845166
1992-01-16,0.4604148945882965
1992-01-17,0.49951250355372534
1992-01-18,0.4306953430682358
1992-01-19,0.41213342014023246
1992-01-20,0.39965085945994483
1992-01-21,1.0158652023003492
1992-01-22,2.1230740906047485
1992-01-23,4.3567838800518155
1992-01-24,5.037181771881328
1992-01-25,3.33290134818342
1992-01-26,3.643150442904808
1992-01-27,4.073625568297863
1992-01-28,3.0932806377387005
1992-01-29,2.326966637478098
1992-01-30,1.8067298808972188
1992-01-31,1.4075456495315304
1992-02-01,1.1228015784867915
1992-02-02,0.9594431112168161
1992-02-03,1.059924505663161
1992-02-04,1.068061970256249
1992-02-05,0.8728737476506391
1992-02-06,0.7283014952321635
1992-02-07,0.6200291101497675
1992-02-08,0.5381032845639798
1992-02-09,0.5705406613325547
1992-02-10,0.5661745840079547
1992-02-11,0.496820992425761
1992-02-12,0.4437567026587798
1992-02-13,0.4026163591383267
1992-02-14,0.37044420692819463
1992-02-15,0.34514224271258015
1992-02-16,0.3599406103209079
1992-02-17,0.37087195061537614
1992-02-18,0.3450720102641556
1992-02-19,0.3245505046904405
1992-02-20,0.30810967463580713
1992-02-21,0.3204065767224832
1992-02-22,0.3363607986395641
1992-02-23,0.32339015646929997
1992-02-24,0.3066360338082704
1992-02-25,0.293115498001342
1992-02-26,0.28211259943956085
1992-02-27,0.27308155953786784
1992-02-28,0.26560356719891104
1992-02-29,0.25935524439692476
1992-03-01,0.25408544190623256
1992-03-02,0.24959803414323598
1992-03-03,0.24573907030073708
1992-03-04,0.24238711361692608
1992-03-05,0.23944593112773835
1992-03-06,0.23683892845697405
1992-03-07,0.23651352927146252
1992-03-08,0.24425246509003665
1992-03-09,0.24447253096675414
1992-03-10,0.24037444177401712
1992-03-11,0.23683008068979894
1992-03-12,0.23374008472826316
1992-03-13,0.23101888800164913
1992-03-14,0.22859825667219788
1992-03-15,0.2264235567827423
1992-03-16,0.22445087455732846
1992-03-17,0.2226447831691087
1992-03-18,0.22097660248374662
1992-03-19,0.21942303672219435
1992-03-20,0.21796510330210553
1992-03-21,0.2445912151446713
1992-03-22,0.2765740492866687
1992-03-23,0.27161372253466803
1992-03-24,0.26012286795275813
1992-03-25,0.26009295308317054
1992-03-26,0.3131592662020845
1992-03-27,0.3573380374818899
1992-03-28,0.3385513921649344
1992-03-29,0.5168175122691728
1992-03-30,0.847456354722992
1992-03-31,0.874865900751563
1992-04-01,0.8756447659642862
1992-04-02,0.8757545439827648
1992-04-03,0.7628362044039361
1992-04-04,1.0093350094524418
1992-04-05,1.1181036152762065
1992-04-06,0.9104588022813888
1992-04-07,0.7548577931349193
1992-04-08,0.6613994108902067
1992-04-09,0.5947896703608385
1992-04-10,0.7006126363485512
1992-04-11,0.7981179389055973
1992-04-12,0.6896018755375398
1992-04-13,0.59960379403899
1992-04-14,0.5178720837742491
1992-04-15,0.4554412222061786
1992-04-16,0.4073332157909317
1992-04-17,0.36993879977223504
1992-04-18,0.3406273598095799
1992-04-19,0.31746297351656194
1992-04-20,0.2990081466956871
1992-04-21,0.2841865672010346
1992-04-22,0.27218608137396944
1992-04-23,0.2832590479304769
1992-04-24,0.3186126920981766
1992-04-25,0.35577327184055146
1992-04-26,0.37315143822909486
1992-04-27,0.3580192024129523
1992-04-28,0.33283355973847906
1992-04-29,0.310238960682186
1992-04-30,0.2935241962266418
1992-05-01,0.2818412816198516
1992-05-02,0.26998426979358564
1992-05-03,0.6526519595685618
1992-05-04,1.0301921873786295
1992-05-05,0.841955334371713
1992-05-06,0.6989431632367916
1992-05-07,0.591890508462859
1992-05-08,0.5109288775370823
1992-05-09,0.44910787649660855
1992-05-10,0.40389528074465186
1992-05-11,0.3708947205708249
1992-05-12,0.3412860146491487
1992-05-13,0.31712749578221316
1992-05-14,0.30458144996785175
1992-05-15,0.35963072398430435
1992-05-16,0.5170277560826287
1992-05-17,0.5573339155185967
1992-05-18,0.4843041481317559
1992-05-19,0.4327943741091918
1992-05-20,0.38984106945077707
1992-05-21,0.35499937550015964
1992-05-22,0.3619418289921214
1992-05-23,0.3851854161413277
1992-05-24,0.4529002656875584
1992-05-25,0.4844182668473445
1992-05-26,0.43793360234563755
1992-05-27,0.4765536932822831
1992-05-28,0.4865724580903748
1992-05-29,0.42975863455109753
1992-05-30,0.3858249730326599
1992-05-31,0.35159626994935095
1992-06-01,0.3247063411896447
1992-06-02,0.3034095458170374
1992-06-03,0.2864066455774652
1992-06-04,0.2933644405604447
1992-06-05,0.30415055154797244
1992-06-06,0.2992414956413895
1992-06-07,0.29600846677009485
1992-06-08,0.2822772674548928
1992-06-09,0.27786547814429013
1992-06-10,0.2715149071352793
1992-06-11,0.26103383700637667
1992-06-12,0.2514361394847444
1992-06-13,0.24354297278462958
1992-06-14,0.23699580975467693
1992-06-15,0.23151700826446286
1992-06-16,0.22689033940266798
1992-06-17,0.22311831031558427
1992-06-18,0.25979793287606795
1992-06-19,0.4898257426696149
1992-06-20,0.6503449638412616
1992-06-21,0.588135852868737
1992-06-22,0.514204416875039
1992-06-23,0.4497440727957895
1992-06-24,0.3989477803515353
1992-06-25,0.3595812711661755
1992-06-26,0.3347937314244896
1992-06-27,0.33910436743030564
1992-06-28,0.32879569469833164
1992-06-29,0.30444606377407774
1992-06-30,0.45520464251641785
1992-07-01,0.584519161556119
1992-07-02,0.5785363611751347
1992-07-03,0.892142638177627
1992-07-04,1.3897542190229206
1992-07-05,1.4067800720565433
1992-07-06,1.2188475829615653
1992-07-07,1.4727351911479827
1992-07-08,1.5201981761937153
1992-07-09,1.204672753507744
1992-07-10,1.0631728757380148
1992-07-11,1.0696390443980197
1992-07-12,0.9875158608984521
1992-07-13,0.8266472439616948
1992-07-14,0.7580974519407019
1992-07-15,0.6890648742788582
1992-07-16,0.6184792138919061
1992-07-17,0.7591363612984622
1992-07-18,0.8049499919254436
1992-07-19,0.6746083117858407
1992-07-20,0.5765754111166113
1992-07-21,0.5342719299677635
1992-07-22,0.5748179536266259
1992-07-23,0.5566053619630651
1992-07-24,0.48710167393721454
1992-07-25,0.433683506162851
1992-07-26,0.39409709952591254
1992-07-27,0.3620242647251935
1992-07-28,0.3361128018086929
1992-07-29,0.32298634545179683
1992-07-30,0.311052538038286
1992-07-31,0.29538863790864617
1992-08-01,0.282714310678817
1992-08-02,0.27238456358040913
1992-08-03,0.2638941216391286
1992-08-04,0.25685452996964747
1992-08-05,0.25096532362427076
1992-08-06,0.24599276419859406
1992-08-07,0.258367034245239
1992-08-08,0.2730135618870651
1992-08-09,0.2789806448330281
1992-08-10,0.2897245748403761
1992-08-11,0.3245821094432716
1992-08-12,0.4770444621490632
1992-08-13,0.6575128757741411
1992-08-14,0.6645835671984947
1992-08-15,0.5951244280289537
1992-08-16,0.5305835204536303
1992-08-17,0.47176519087037877
1992-08-18,0.43985973185584637
1992-08-19,0.39925491890345954
1992-08-20,0.3633619914255573
1992-08-21,0.33518797523184696
1992-08-22,0.3128958539001602
1992-08-23,0.29511570338787135
1992-08-24,0.28082033681971336
1992-08-25,0.26923364353297996
1992-08-26,0.5258886047449388
1992-08-27,0.984278629446124
1992-08-28,1.0263958349678193
1992-08-29,0.8390225100195212
1992-08-30,0.6982241172206914
1992-08-31,0.5927027369898105
1992-09-01,0.776966523807031
1992-09-02,1.0275088079910581
1992-09-03,1.1879783938536355
1992-09-04,1.1812470005615372
1992-09-05,0.9532716631995625
1992-09-06,0.7853437131670781
1992-09-07,0.6603079922434844
1992-09-08,0.5662127037451926
1992-09-09,0.4946942816280068
1992-09-10,0.4403054913968763
1992-09-11,0.3979257779676544
1992-09-12,0.36463960974965515
1992-09-13,0.338437917927452
1992-09-14,0.31764348765781214
1992-09-15,0.3087927866906765
1992-09-16,0.31392852927652165
1992-09-17,0.31121860433703613
1992-09-18,0.29792185235702884
1992-09-19,0.284754669282055
1992-09-20,0.27403522715461004
1992-09-21,0.2657416536052658
1992-09-22,0.3362222825348644
1992-09-23,0.49445498580167696
1992-09-24,0.5970234477292358
1992-09-25,0.6006565314838735
1992-09-26,0.5817057101060412
1992-09-27,0.5377214653203616
1992-09-28,1.124565843950377
1992-09-29,1.6764152957128458
1992-09-30,1.3828022471753483
1992-10-01,1.1014658496543726
1992-10-02,0.8960031938019429
1992-10-03,0.7441455214797378
1992-10-04,0.6414522525918597
1992-10-05,0.5669362540394257
1992-10-06,0.4974538461186442
1992-10-07,0.5544931050859735
1992-10-08,0.5942705774087387
1992-10-09,0.5975683076384141
1992-10-10,0.6363112718103535
1992-10-11,0.9573976624757687
1992-10-12,1.2476142312625587
1992-10-13,1.2295735211981844
1992-10-14,1.1290429038888743
1992-10-15,0.9293603214432379
1992-10-16,0.7717131085219302
1992-10-17,0.653910486364956
1992-10-18,0.5650436346937827
1992-10-19,0.49734168949155905
1992-10-20,0.4452813231188473
1992-10-21,0.5803436216928245
1992-10-22,0.6862194624530309
1992-10-23,0.5896789884864511
1992-10-24,0.516252629128185
1992-10-25,0.48827275286288424
1992-10-26,0.549619670601501
1992-10-27,0.5495759936459331
1992-10-28,0.48732305840367923
1992-10-29,0.44315707618302597
1992-10-30,0.40328460497675733
1992-10-31,0.7787934788198698
1992-11-01,1.1198777971408695
1992-11-02,1.1732626486678843
1992-11-03,1.1586646952031618
1992-11-04,1.0267315500176257
1992-11-05,0.9302143226596584
1992-11-06,0.8816847258721056
1992-11-07,0.8434561663582341
1992-11-08,0.7101073313424152
1992-11-09,0.6099072144218666
1992-11-10,0.6672940413232556
1992-11-11,0.711463510693383
1992-11-12,0.6112269089705012
1992-11-13,0.5894627483613669
1992-11-14,0.6977427293889082
1992-11-15,0.7934784945576713
1992-11-16,0.7544508106947038
1992-11-17,0.6440213646827243
1992-11-18,0.5605250894063007
1992-11-19,0.5051344155088965
1992-11-20,0.6869457546172385
1992-11-21,0.8527462496792552
1992-11-22,1.161393399796603
1992-11-23,1.5197312253217639
1992-11-24,1.573951056286025
1992-11-25,1.5909047019961777
1992-11-26,1.4632319503134201
1992-11-27,1.3585301111168018
1992-11-28,1.2706817474322238
1992-11-29,1.046105967737889
1992-11-30,0.8880804215993628
1992-12-01,0.8498784166429633
1992-12-02,1.1310138940683652
1992-12-03,1.2562372683710212
1992-12-04,1.2907684405477267
1992-12-05,1.477637833734616
1992-12-06,2.011185972271329
1992-12-07,2.1456184703261694
1992-12-08,1.6666021073573185
1992-12-09,1.598242425008217
1992-12-10,1.5890437640582447
1992-12-11,1.3111577707058093
1992-12-12,1.0676069379277309
1992-12-13,0.8886238772218613
1992-12-14,0.7555440668801218
1992-12-15,0.6555041217106102
1992-12-16,0.68993030341284
1992-12-17,0.7188231100761134
1992-12-18,0.627742490066988
1992-12-19,0.5582955188061555
1992-12-20,0.5048708516526943
1992-12-21,0.46339145009795085
1992-12-22,0.43089685894021595
1992-12-23,0.40521596398739
1992-12-24,0.3847418230914814
1992-12-25,0.36827486155396866
1992-12-26,0.35491245188025716
1992-12-27,0.34397034590569575
1992-12-28,0.33492622694738733
1992-12-29,0.32737878521361913
1992-12-30,0.39763638494380676
1992-12-31,0.6803326093953359
1993-01-01,0.8525733063863538
1993-01-02,1.005390455692149
1993-01-03,1.7042838127379891
1993-01-04,2.2899942077770006
1993-01-05,1.995678116007715
1993-01-06,1.5668863462942297
1993-01-07,1.2550183518118323
1993-01-08,1.0280879665218947
1993-01-09,0.8608707504723513
1993-01-10,0.7362152164478065
1993-01-11,0.6422784542995862
1993-01-12,0.570767749999818
1993-01-13,0.5158015242331001
1993-01-14,0.546106838089619
1993-01-15,0.5744478092284945
1993-01-16,0.5183388983047573
1993-01-17,0.4748155369002729
1993-01-18,0.5621670099269245
1993-01-19,1.1028974588238385
1993-01-20,1.4473047932462213
1993-01-21,1.3101585125885127
1993-01-22,1.3113217446091265
1993-01-23,1.2506063054703986
1993-01-24,1.0472282339381436
1993-01-25,1.9879485069527316
1993-01-26,2.2036197907023767
1993-01-27,1.7157794792366976
1993-01-28,1.3672776569918004
1993-01-29,1.1148307831666338
1993-01-30,1.0733047091880696
1993-01-31,1.0200218733426978
1993-02-01,0.8599647568893419
1993-02-02,1.1859224734787595
1993-02-03,1.5564568009316886
1993-02-04,1.3604361683811617
1993-02-05,1.1119228768211786
1993-02-06,0.9294215393975428
1993-02-07,0.7937888058834996
1993-02-08,0.6918639394186376
1993-02-09,0.6678309113222204
1993-02-10,0.6527402387258864
1993-02-11,0.5844230437781731
1993-02-12,0.5318038332780257
1993-02-13,0.49089499557034316
1993-02-14,0.4587991637702337
1993-02-15,0.43339023074979105
1993-02-16,0.4130936966055616
1993-02-17,0.3967335981076472
1993-02-18,0.6395009941089685
1993-02-19,1.2108065266907768
1993-02-20,1.2611121971428954
1993-02-21,1.0594795438500966
1993-02-22,0.9524022641499585
1993-02-23,0.8924454396126335
1993-02-24,0.8064117857109093
1993-02-25,0.9643838592547368
1993-02-26,1.2309982397449752
1993-02-27,1.1541632430837463
1993-02-28,0.9607253987516655
1993-03-01,0.8172468441162114
1993-03-02,0.709672840344887
1993-03-03,0.628161728300192
1993-03-04,0.5657782893653739
1993-03-05,0.5175749298794406
1993-03-06,0.4799819123107658
1993-03-07,0.450396659594247
1993-03-08,0.4269033489472946
1993-03-09,0.4080790377778391
1993-03-10,0.3928580455211303
1993-03-11,0.38043605222562843
1993-03-12,0.3702015938117756
1993-03-13,0.4691860203874281
1993-03-14,0.6688710184472139
1993-03-15,0.8408023981239201
1993-03-16,1.0006665906903298
1993-03-17,0.9905549938496595
1993-03-18,0.8759243225017096
1993-03-19,0.766708213731896
1993-03-20,0.6694859111873362
1993-03-21,0.5955415372224752
1993-03-22,0.5387640228464
1993-03-23,0.5695253409920209
1993-03-24,0.5965884358684713
1993-03-25,0.539267316474998
1993-03-26,0.49481117322730217
1993-03-27,0.6605774236524945
1993-03-28,0.8940977534545791
1993-03-29,0.852825936859737
1993-03-30,0.7440981180241409
1993-03-31,0.6615111449971361
1993-04-01,0.5888147670677767
1993-04-02,0.5330912261728239
1993-04-03,0.4897990805893699
1993-04-04,0.4558635479431295
1993-04-05,0.4290703858482521
1993-04-06,0.40772756823060846
1993-04-07,0.40815569451728795
1993-04-08,0.4155092091066581
1993-04-09,0.40130051330294186
1993-04-10,0.6750131878308299
1993-04-11,0.9760778330248437
1993-04-12,1.4994765117301936
1993-04-13,2.052943080197952
1993-04-14,1.849990838905814
1993-04-15,1.4649905998026667
1993-04-16,1.2328165218494826
1993-04-17,1.0771155520087092
1993-04-18,0.9050769131727149
1993-04-19,0.7742009192330456
1993-04-20,0.7921967979252562
1993-04-21,0.8923980997684934
1993-04-22,1.034043473020315
1993-04-23,1.08195390612161
1993-04-24,0.947837701302335
1993-04-25,0.8520733680494746
1993-04-26,0.7403127783761633
1993-04-27,0.7643022497930022
1993-04-28,0.8518375568755115
1993-04-29,0.7869105614920265
1993-04-30,0.6862168666090137
1993-05-01,0.616785959024691
1993-05-02,0.7465270424898932
1993-05-03,0.874012248236212
1993-05-04,1.0204952364515283
1993-05-05,1.0745252698822594
1993-05-06,1.0832782189130548
1993-05-07,1.1138536166880575
1993-05-08,1.0675730325841013
1993-05-09,1.0102638972499856
1993-05-10,0.8548580989887665
1993-05-11,0.7386230533687915
1993-05-12,0.6507997668617179
1993-05-13,0.5837668644368427
1993-05-14,0.5321051475013264
1993-05-15,0.4919164428899209
1993-05-16,0.46036665323364906
1993-05-17,0.43537491327563727
1993-05-18,0.41539939887726124
1993-05-19,0.39928796719875764
1993-05-20,0.3876215694307186
1993-05-21,0.5040903958748449
1993-05-22,0.5966755029218442
1993-05-23,0.5402159324794013
1993-05-24,0.4963811845213466
1993-05-25,0.46210097650890297
1993-05-26,0.4377434779624923
1993-05-27,0.4690732782485542
1993-05-28,0.4884347539364821
1993-05-29,0.7296570543342137
1993-05-30,1.1526180104774995
1993-05-31,1.593356418005196
1993-06-01,1.928245775434913
1993-06-02,1.7305079246867205
1993-06-03,1.3890331642664837
1993-06-04,1.1360857129017894
1993-06-05,0.9486194772045901
1993-06-06,0.9078455803465671
1993-06-07,0.8621668610418111
1993-06-08,0.7438456980659954
1993-06-09,0.6544428512636714
1993-06-10,0.6983721854822781
1993-06-11,0.7289309028607825
1993-06-12,0.6430406044619214
1993-06-13,0.5773555626468606
1993-06-14,0.5267044159729332
1993-06-15,0.48728077534947306
1993-06-16,0.47337800773210664
1993-06-17,0.45701947158926587
1993-06-18,0.4321441530562596
1993-06-19,0.4122468991707573
1993-06-20,0.39620489354887084
1993-06-21,0.3831512734633893
1993-06-22,0.3758136366428068
1993-06-23,0.3786932451900981
1993-06-24,0.536262733765276
1993-06-25,0.6544575812485472
1993-06-26,0.5834316118870567
1993-06-27,0.5287409857411814
1993-06-28,0.48632084374106505
1993-06-29,0.4531165180142253
1993-06-30,0.44617149587787047
1993-07-01,0.44060373734669156
1993-07-02,0.4296296289828903
1993-07-03,0.5932150745577545
1993-07-04,0.7019014281757654
1993-07-05,0.6182554639284734
1993-07-06,0.5542516834054275
1993-07-07,0.5253668113170428
1993-07-08,0.4987144273622361
1993-07-09,0.46155697049176614
1993-07-10,0.43651605943530364
1993-07-11,0.46541659429833165
1993-07-12,0.5788283671570342
1993-07-13,0.6003535551617145
1993-07-14,0.6825056786722618
1993-07-15,0.7578768730981884
1993-07-16,1.237155259258768
1993-07-17,1.629738721325394
1993-07-18,1.3047494039850525
1993-07-19,1.1144908822368726
1993-07-20,1.0361151616868551
1993-07-21,0.9136313803478971
1993-07-22,1.2845525863665421
1993-07-23,1.670699593114035
1993-07-24,1.4492916264434894
1993-07-25,1.393787525539221
1993-07-26,1.3327381652420802
1993-07-27,1.106259326318009
1993-07-28,0.9280887092722163
1993-07-29,0.7919673770869332
1993-07-30,0.6897197690631648
1993-07-31,0.7071637936130277
1993-08-01,0.853243098459112
1993-08-02,0.8357887762196095
1993-08-03,0.7228578141520655
1993-08-04,0.6383187682441545
1993-08-05,0.7883946552837178
1993-08-06,0.8913328840963737
1993-08-07,0.7646350030471312
1993-08-08,0.6691195713405736
1993-08-09,0.6016544097844502
1993-08-10,0.5693100535112748
1993-08-11,0.5328641140929796
1993-08-12,0.4920372988909427
1993-08-13,0.4614216836069572
1993-08-14,0.4768256226886653
1993-08-15,0.4825056892487661
1993-08-16,0.5827173228430894
1993-08-17,0.679424296349366
1993-08-18,0.621978953744677
1993-08-19,0.587156537768991
1993-08-20,0.6266469425326784
1993-08-21,0.64769172342008
1993-08-22,0.6000960683119958
1993-08-23,0.5436532089873886
1993-08-24,0.6731409924378963
1993-08-25,0.7856802354559842
1993-08-26,0.6850791952228209
1993-08-27,0.6067574546765019
1993-08-28,0.5467688309378016
1993-08-29,0.5003841587760093
1993-08-30,0.464187869370531
1993-08-31,0.43568740203827955
1993-09-01,0.41304624790120165
1993-09-02,0.3948991894493517
1993-09-03,0.3802229324907764
1993-09-04,0.3825567847108731
1993-09-05,0.38244063235646614
1993-09-06,0.3696168059930965
1993-09-07,0.35907334389086004
1993-09-08,0.3503357381795052
1993-09-09,0.3430233147684368
1993-09-10,0.3406874395277293
1993-09-11,0.33748127475496653
1993-09-12,0.34522147218558513
1993-09-13,0.4218767418129686
1993-09-14,0.46519344231046084
1993-09-15,0.47077008601549536
1993-09-16,0.47328055352345544
1993-09-17,0.4390629148918143
1993-09-18,0.412075576587474
1993-09-19,0.39062369926981727
1993-09-20,0.37342103878100835
1993-09-21,0.36713758905657806
1993-09-22,0.4695933472363067
1993-09-23,0.5435233166411169
1993-09-24,0.5054543269541116
1993-09-25,0.49671624092745253
1993-09-26,0.4763034988809733
1993-09-27,0.4399299625404877
1993-09-28,0.4134443906989611
1993-09-29,0.4406721677129042
1993-09-30,0.455654224196479
1993-10-01,0.5758769943790519
1993-10-02,0.7271607300805091
1993-10-03,0.6836031808114087
1993-10-04,0.5986834055339298
1993-10-05,0.8976472337266861
1993-10-06,1.1591635568620011
1993-10-07,1.090607773485451
1993-10-08,1.0803649222132312
1993-10-09,1.8290749138855593
1993-10-10,2.6616572720295637
1993-10-11,2.371215875549347
1993-10-12,1.83168824550528
1993-10-13,1.6491657174606997
1993-10-14,1.5748998777344203
1993-10-15,1.67309938401488
1993-10-16,1.6825061500487444
1993-10-17,1.4004741408325012
1993-10-18,1.1594076004113678
1993-10-19,1.0270399293085377
1993-10-20,0.9707853237993397
1993-10-21,0.8521139579008888
1993-10-22,0.7344051934600272
1993-10-23,0.6463124370365393
1993-10-24,0.7064019596371782
1993-10-25,1.1314099071954362
1993-10-26,1.352338522864888
1993-10-27,1.2476521336194106
1993-10-28,1.2521677643050861
1993-10-29,1.1404534336725691
1993-10-30,0.9504299041504463
1993-10-31,0.8093967684918643
1993-11-01,0.703589952389393
1993-11-02,0.6233731747619708
1993-11-03,0.6016255421494283
1993-11-04,0.5918184958185105
1993-11-05,0.5784121676074351
1993-11-06,0.7613803148788959
1993-11-07,0.8413505416690442
1993-11-08,0.7273334075915888
1993-11-09,0.9860734655561628
1993-11-10,1.233890404514135
1993-11-11,1.1370544050683165
1993-11-12,1.4643205876964478
1993-11-13,1.7919395672755332
1993-11-14,1.7679967225546813
1993-11-15,1.7311127960450958
1993-11-16,1.524535370589014
1993-11-17,1.235347892793267
1993-11-18,1.2271118887393397
1993-11-19,1.2550731779565238
1993-11-20,1.0691030667966137
1993-11-21,0.9213300366679312
1993-11-22,0.818457547572915
1993-11-23,0.7146354272864196
1993-11-24,0.635826102118327
1993-11-25,0.5754174634856936
1993-11-26,0.5286686637088897
1993-11-27,0.49215378447637503
1993-11-28,0.46337152326855646
1993-11-29,0.44047818264174204
1993-11-30,0.4221027266653407
1993-12-01,0.40721719604418793
1993-12-02,0.3950449332141274
1993-12-03,0.3849949325617062
1993-12-04,0.3766144382630729
1993-12-05,0.36955441710900944
1993-12-06,0.6137710593618164
1993-12-07,0.7254764924078415
1993-12-08,0.640938258508784
1993-12-09,0.5762672394046656
1993-12-10,0.5263695891486374
1993-12-11,0.4875109813013596
1993-12-12,1.3078714265218863
1993-12-13,1.7082137465392024
1993-12-14,1.3662152367590983
1993-12-15,1.1181469991943698
1993-12-16,0.9359866019952428
1993-12-17,0.8006146823195194
1993-12-18,0.6988894614391286
1993-12-19,0.6216466026095646
1993-12-20,0.5624106975658719
1993-12-21,0.5165507551809269
1993-12-22,0.4807178911668815
1993-12-23,0.5612990196605944
1993-12-24,0.6576187578609295
1993-12-25,0.6147478347930809
1993-12-26,0.5562510032910918
1993-12-27,0.5109519900288048
1993-12-28,0.4755491777775494
1993-12-29,0.4476297770825279
1993-12-30,0.5450348315957533
1993-12-31,0.5515926581966734
1994-01-01,0.5162887519003719
1994-01-02,0.4793592208453525
1994-01-03,0.4607615638018731
1994-01-04,1.1033777284976332
1994-01-05,1.593968610221604
1994-01-06,1.3442910703242292
1994-01-07,1.3263976856005548
1994-01-08,1.2874032320965023
1994-01-09,2.0845467123341743
1994-01-10,2.887249324825701
1994-01-11,2.649350049328438
1994-01-12,2.58687464379244
1994-01-13,2.3575689976910335
1994-01-14,2.0532220727324613
1994-01-15,1.798329242310402
1994-01-16,1.4382080876504275
1994-01-17,1.1775868867793822
1994-01-18,0.986481359407026
1994-01-19,0.8446445747097809
1994-01-20,0.7381841283129146
1994-01-21,0.816790510187265
1994-01-22,0.8720701137257493
1994-01-23,0.8115702435598058
1994-01-24,0.7131111688458183
1994-01-25,0.6381985047716565
1994-01-26,1.0455386510346987
1994-01-27,1.359914589186049
1994-01-28,1.3352571808104081
1994-01-29,1.309991344866029
1994-01-30,1.0848834435841808
1994-01-31,0.9188104921205548
1994-02-01,0.7949135347307382
1994-02-02,0.7014634883687413
1994-02-03,0.6303465676354104
1994-02-04,0.9960955116019395
1994-02-05,1.330439459243758
1994-02-06,1.1433267191720147
1994-02-07,0.9625281998626961
1994-02-08,0.8280508201289569
1994-02-09,0.9033932805456361
1994-02-10,0.9562183275996325
1994-02-11,1.1592617982276046
1994-02-12,1.5233798962436458
1994-02-13,1.5617167504152114
1994-02-14,1.3743191480031278
1994-02-15,1.134210690715908
1994-02-16,0.9575446660679064
1994-02-17,0.8326990794391406
1994-02-18,0.8188014982264176
1994-02-19,1.3726104174466613
1994-02-20,1.7598063671756659
1994-02-21,1.5187716351960885
1994-02-22,1.3330735449577615
1994-02-23,1.1507334332105357
1994-02-24,0.9774406335327512
1994-02-25,0.8426153557647634
1994-02-26,0.7412228574726566
1994-02-27,0.6641638507622696
1994-02-28,0.6050069222246764
1994-03-01,0.5795687914710966
1994-03-02,0.5544969500071847
1994-03-03,0.5194353046481557
1994-03-04,0.49171746555451806
1994-03-05,0.469602134784789
1994-03-06,0.45179072555306327
1994-03-07,0.4381806356031028
1994-03-08,0.4343570613932384
1994-03-09,0.4264152991244894
1994-03-10,0.41609988418728494
1994-03-11,0.4074800477933053
1994-03-12,0.40020097004153893
1994-03-13,0.39398760881660205
1994-03-14,0.4238751816610921
1994-03-15,0.4615552994512253
1994-03-16,0.4492491277722496
1994-03-17,0.4796993755859444
1994-03-18,0.5231894567624497
1994-03-19,0.5083150916450112
1994-03-20,0.48001207747173796
1994-03-21,0.45604313726560847
1994-03-22,0.44330466007644853
1994-03-23,0.4329351409926932
1994-03-24,0.5928650693435046
1994-03-25,0.8277312748631377
1994-03-26,0.8082223698167793
1994-03-27,0.795371010684312
1994-03-28,0.7932869498983534
1994-03-29,0.6988975113714103
1994-03-30,0.6246086973409343
1994-03-31,0.5675431052857365
1994-04-01,0.523293999491449
1994-04-02,0.49702095178639477
1994-04-03,0.5081896904729665
1994-04-04,0.6036493273953191
1994-04-05,0.652811576232509
1994-04-06,0.5882508840029331
1994-04-07,0.5383673487178405
1994-04-08,0.4995079255886236
1994-04-09,0.4689580975766698
1994-04-10,0.46221113529004704
1994-04-11,0.5256360687396063
1994-04-12,0.5727384137502597
1994-04-13,0.6431908563374469
1994-04-14,0.717358385845532
1994-04-15,0.764386804830295
1994-04-16,0.7253827164245119
1994-04-17,0.642165475945099
1994-04-18,0.578490351691424
1994-04-19,0.5293294454535301
1994-04-20,0.5570362957338101
1994-04-21,0.6572922814212433
1994-04-22,0.6520023917694758
1994-04-23,0.5854002235071106
1994-04-24,0.5340389160935479
1994-04-25,0.4940936404362421
1994-04-26,0.46274140071004427
1994-04-27,0.437910466608924
1994-04-28,0.41806640543639834
1994-04-29,0.4020629956988187
1994-04-30,0.3890371816775087
1994-05-01,0.3783342858616994
1994-05-02,0.36945424490598877
1994-05-03,0.3620126072551793
1994-05-04,0.373863191853802
1994-05-05,0.38867376611416743
1994-05-06,0.4228589795428701
1994-05-07,0.4732135532345418
1994-05-08,0.46666109830087543
1994-05-09,0.479351422736642
1994-05-10,0.49635666709224413
1994-05-11,0.47833788762392065
1994-05-12,0.4891647868057934
1994-05-13,0.5262493898816153
1994-05-14,0.5196132645495027
1994-05-15,0.6031186523255755
1994-05-16,0.6479440892021451
1994-05-17,0.5778081641118555
1994-05-18,0.5279563813823863
1994-05-19,0.49116879887082227
1994-05-20,0.45611662464383035
1994-05-21,0.4783902660276475
1994-05-22,0.50649197485075
1994-05-23,0.46975923929827496
1994-05-24,0.4443785828193851
1994-05-25,0.424699835267271
1994-05-26,0.4029479211437283
1994-05-27,0.38548482512869514
1994-05-28,0.5349868000790211
1994-05-29,0.6982211682845332
1994-05-30,0.6447701810464155
1994-05-31,0.6910474912562332
1994-06-01,0.7431864896285029
1994-06-02,0.669192711059508
1994-06-03,0.5917709144178025
1994-06-04,0.532435891588777
1994-06-05,0.48655257484306363
1994-06-06,0.450748594534448
1994-06-07,0.42256141024765537
1994-06-08,0.40017563334051337
1994-06-09,0.3822410762307145
1994-06-10,0.3677452554560561
1994-06-11,0.3559230873560955
1994-06-12,0.34619228347262326
1994-06-13,0.40867160938006464
1994-06-14,0.5162017038141783
1994-06-15,0.5131303351169003
1994-06-16,0.47070813823071905
1994-06-17,0.5215962924888703
1994-06-18,0.7712066268343246
1994-06-19,0.8585742010300349
1994-06-20,0.7322792233035923
1994-06-21,0.6553003752756749
1994-06-22,0.6040184559120082
1994-06-23,0.6512146729771384
1994-06-24,0.6812181100158
1994-06-25,0.605069306357407
1994-06-26,0.5459669737330373
1994-06-27,0.5885762112669551
1994-06-28,0.6131098139551504
1994-06-29,0.5463557423537878
1994-06-30,0.4949278274581654
1994-07-01,0.4549919082054578
1994-07-02,0.4237014453554049
1994-07-03,0.39896875585176056
1994-07-04,0.3792484717248366
1994-07-05,0.36338679485858344
1994-07-06,0.35051536763890007
1994-07-07,0.3399757681600091
1994-07-08,0.3312652660007094
1994-07-09,0.3239974948280506
1994-07-10,0.31787369507512203
1994-07-11,0.31266151642769524
1994-07-12,0.30869466784688976
1994-07-13,0.3370056078087155
1994-07-14,0.3578767162882679
1994-07-15,0.3442119242432505
1994-07-16,0.3331357693573936
1994-07-17,0.32397080774905407
1994-07-18,0.3163184219757484
1994-07-19,0.3099024486998327
1994-07-20,0.30446927533872414
1994-07-21,0.2998211501505156
1994-07-22,0.2958130137577881
1994-07-23,0.29230610499604043
1994-07-24,0.28920490437381824
1994-07-25,0.314195482597807
1994-07-26,0.33014870579924316
1994-07-27,0.31950426435791884
1994-07-28,0.3107208251723372
1994-07-29,0.30342325702614076
1994-07-30,0.29730157677728436
1994-07-31,0.292115230799264
1994-08-01,0.2876764999812281
1994-08-02,0.2838381237167245
1994-08-03,0.2804840061608585
1994-08-04,0.2775221913869382
1994-08-05,0.2748795206717103
1994-08-06,0.30636043666030033
1994-08-07,0.32919297819106086
1994-08-08,0.3168675086642919
1994-08-09,0.30638165001428014
1994-08-10,0.2976482233752495
1994-08-11,0.29041039879212033
1994-08-12,0.290170340595347
1994-08-13,0.30412425387853464
1994-08-14,0.33276909268338384
1994-08-15,0.33728083883974985
1994-08-16,0.3225858690329327
1994-08-17,0.31800200248425264
1994-08-18,0.3219273938884164
1994-08-19,0.3114215479875824
1994-08-20,0.3038686056773484
1994-08-21,0.31226480047036864
1994-08-22,0.3116709532972481
1994-08-23,0.319632778610234
1994-08-24,0.36240934644360645
1994-08-25,0.36820959762996885
1994-08-26,0.34466150388607836
1994-08-27,0.3257668183665795
1994-08-28,0.3134655505223517
1994-08-29,0.30342079739397493
1994-08-30,0.29244482966846935
1994-08-31,0.28344492065875543
1994-09-01,0.29895593554856326
1994-09-02,0.3181179296954289
1994-09-03,0.30682298924508894
1994-09-04,0.29446534808105573
1994-09-05,0.2843952837010447
1994-09-06,0.2789943622290964
1994-09-07,0.31854824054695297
1994-09-08,0.3389441369784736
1994-09-09,0.3195180825750672
1994-09-10,0.30380489232449553
1994-09-11,0.291116632140182
1994-09-12,0.2807854000688032
1994-09-13,0.27230160147259297
1994-09-14,0.2652738619379715
1994-09-15,0.2593997422724053
1994-09-16,0.25444417099149913
1994-09-17,0.25022343926039
1994-09-18,0.24879526348960723
1994-09-19,0.24714750288880663
1994-09-20,0.2886566681963186
1994-09-21,0.40571967540448145
1994-09-22,0.4957984065432362
1994-09-23,0.5151316739486203
1994-09-24,0.5269158165574744
1994-09-25,0.5011433336342933
1994-09-26,0.4546337292712197
1994-09-27,0.42733233606636406
1994-09-28,0.39866187862307223
1994-09-29,0.5162736947576068
1994-09-30,0.6304427935040681
1994-10-01,0.7165415612378108
1994-10-02,0.7672750447491454
1994-10-03,0.7548908396645632
1994-10-04,0.7809283222323193
1994-10-05,0.7606775053680033
1994-10-06,0.6868870605943593
1994-10-07,0.5919438152628221
1994-10-08,0.5436311291706838
1994-10-09,0.5078864387596717
1994-10-10,0.4503562601996975
1994-10-11,0.4058879380364424
1994-10-12,0.3795137649897023
1994-10-13,0.3612364679570838
1994-10-14,0.3360757747638754
1994-10-15,0.31607933799281657
1994-10-16,0.35746439959553955
1994-10-17,0.43155125175042297
1994-10-18,0.43104207255825155
1994-10-19,0.4059371903184776
1994-10-20,0.4309585039913176
1994-10-21,0.4348891100775802
1994-10-22,0.4745080121875893
1994-10-23,0.5905736922900163
1994-10-24,0.5868675318862875
1994-10-25,0.5102051439811685
1994-10-26,0.6763129569863989
1994-10-27,0.7949490385054956
1994-10-28,0.6679140471173262
1994-10-29,0.5722689279327413
1994-10-30,0.49962667753522144
1994-10-31,0.4439360189833333
1994-11-01,0.4008597110312239
1994-11-02,0.36725488415677315
1994-11-03,0.340821048778253
1994-11-04,0.31985851271457527
1994-11-05,0.30310054144764187
1994-11-06,0.30192470096789054
1994-11-07,0.30474822146855174
1994-11-08,0.344175797164932
1994-11-09,0.3800714134753586
1994-11-10,0.35011697255966867
1994-11-11,0.33274691904595666
1994-11-12,0.45816889617042
1994-11-13,0.5372137325972586
1994-11-14,0.47160660944658134
1994-11-15,0.4412107195217274
1994-11-16,0.42136955229015927
1994-11-17,0.44149234349496114
1994-11-18,0.6613252230279664
1994-11-19,1.276092043814458
1994-11-20,1.6005996156184839
1994-11-21,1.4090113625993055
1994-11-22,1.3134873435325212
1994-11-23,1.1586992632142634
1994-11-24,0.9394294377671691
1994-11-25,0.7777356025296328
1994-11-26,0.6571721815215791
1994-11-27,0.6028997516421183
1994-11-28,0.7015440417445445
1994-11-29,0.8994135278671509
1994-11-30,0.9087571743481377
1994-12-01,0.7560473255637437
1994-12-02,0.6418801130308244
1994-12-03,0.5556879523160728
1994-12-04,0.489976435216175
1994-12-05,0.43941359922784157
1994-12-06,0.40016200306184757
1994-12-07,0.36943034572190747
1994-12-08,0.34516826008238516
1994-12-09,0.32585588369639873
1994-12-10,0.3103570425600995
1994-12-11,0.29781568168234723
1994-12-12,0.2875820492274476
1994-12-13,1.0034425460313983
1994-12-14,1.7600374210016418
1994-12-15,1.8873244746223443
1994-12-16,3.4026173873007775
1994-12-17,5.273082384306332
1994-12-18,4.092711905985775
1994-12-19,3.183282668238267
1994-12-20,2.6427902150092835
1994-12-21,2.0258588900857872
1994-12-22,1.5790186778068778
1994-12-23,1.2586504989214677
1994-12-24,1.0257763694628796
1994-12-25,0.8543554902032117
1994-12-26,0.7526516339793581
1994-12-27,0.7064288539153324
1994-12-28,0.638458211080093
1994-12-29,0.5667464982735836
1994-12-30,0.5085978336189056
1994-12-31,0.463599512090179
1995-01-01,0.6407103679406151
1995-01-02,0.7912514499430231
1995-01-03,0.6791568678436025
1995-01-04,0.5944083072865992
1995-01-05,0.5296975284783635
1995-01-06,0.4798198571641006
1995-01-07,0.507365203746475
1995-01-08,0.7839440436134207
1995-01-09,1.0024601352428986
1995-01-10,1.170471158265303
1995-01-11,1.5049464561055972
1995-01-12,1.5155521133999479
1995-01-13,1.215016128525051
1995-01-14,0.9959572818146598
1995-01-15,0.8343753666640458
1995-01-16,0.7138095644426167
1995-01-17,0.6228794420234504
1995-01-18,0.5536067023717739
1995-01-19,0.5003265175490874
1995-01-20,0.45896946108236564
1995-01-21,0.4265805968695897
1995-01-22,0.4015329995569528
1995-01-23,0.46505488490530983
1995-01-24,0.5721651356737343
1995-01-25,0.5950565843236758
1995-01-26,0.5313424251555376
1995-01-27,0.4822043558164917
1995-01-28,0.4439627924275842
1995-01-29,0.41393782369060256
1995-01-30,0.3901585636331608
1995-01-31,0.37116245144270454
1995-02-01,0.3558550226230836
1995-02-02,0.3452626808809496
1995-02-03,0.8412607600675025
1995-02-04,1.0376195704867415
1995-02-05,0.8634192948999494
1995-02-06,0.7336810382450473
1995-02-07,0.6361076560875573
1995-02-08,0.5619727389719259
1995-02-09,0.5051001723537373
1995-02-10,0.4610663140647109
1995-02-11,0.55647427996741
1995-02-12,0.6931497515349494
1995-02-13,0.8003235086410737
1995-02-14,1.047987843277546
1995-02-15,1.091617751839667
1995-02-16,0.9316117702013754
1995-02-17,0.785289807076999
1995-02-18,1.219352469872613
1995-02-19,1.6886239336657198
1995-02-20,1.4558990058033379
1995-02-21,1.1729313067592806
1995-02-22,0.9662452355304781
1995-02-23,0.8134156583105073
1995-02-24,0.6991220057501389
1995-02-25,0.6127397658841932
1995-02-26,0.5467999494424794
1995-02-27,0.49598599255685344
1995-02-28,0.45655598441966855
1995-03-01,0.4472925247818675
1995-03-02,0.8473041288624564
1995-03-03,1.2113089068878213
1995-03-04,1.5607764724978432
1995-03-05,2.076730703041014
1995-03-06,2.191714498464535
1995-03-07,1.8708562793898083
1995-03-08,1.4766956650202447
1995-03-09,1.245338565849145
1995-03-10,1.0858957718766764
1995-03-11,0.9168085980663827
1995-03-12,0.8754088426528925
1995-03-13,1.787412401500415
1995-03-14,2.4054051193653962
1995-03-15,2.3624638184974684
1995-03-16,2.2236969066876955
1995-03-17,1.7341600454859751
1995-03-18,1.415109240170528
1995-03-19,1.1794902971574899
1995-03-20,1.003720455269814
1995-03-21,0.9025773480301171
1995-03-22,0.7957610810776958
1995-03-23,0.6949872158986795
1995-03-24,0.6183815542530656
1995-03-25,0.559584339414322
1995-03-26,0.5140455673796409
1995-03-27,0.4784497464270237
1995-03-28,0.4503734712735932
1995-03-29,0.42802861173717016
1995-03-30,0.4100841830005451
1995-03-31,0.3955413728415608
1995-04-01,0.3836449268277164
1995-04-02,0.37381968850041947
1995-04-03,0.36562473107406784
1995-04-04,0.4002109621717837
1995-04-05,0.4602111282007389
1995-04-06,0.44297308867516366
1995-04-07,0.42588254448083923
1995-04-08,0.453879465047566
1995-04-09,0.47611673987352715
1995-04-10,0.45649094564696774
1995-04-11,0.42996078524300674
1995-04-12,0.40882419011528587
1995-04-13,0.393829916213617
1995-04-14,0.3807357108878278
1995-04-15,0.3689310907066042
1995-04-16,0.35919258054447295
1995-04-17,0.35108344903222233
1995-04-18,0.34426322482852517
1995-04-19,0.338957466852668
1995-04-20,0.33409893716707567
1995-04-21,0.3296746753745364
1995-04-22,0.3258009573050402
1995-04-23,0.3532810900054025
1995-04-24,0.4903840614549099
1995-04-25,0.5600618465154742
1995-04-26,0.5070757108905407
1995-04-27,0.4658801680724875
1995-04-28,0.4336139184120466
1995-04-29,0.40811800291561734
1995-04-30,0.3902262791292565
1995-05-01,0.37681331823355024
1995-05-02,0.3769351952517024
1995-05-03,0.38131562024645627
1995-05-04,0.3657089920331808
1995-05-05,0.35300895165255347
1995-05-06,0.343311545046945
1995-05-07,0.3348599094252192
1995-05-08,0.32749714857872775
1995-05-09,0.34163212939102555
1995-05-10,0.3545618075783467
1995-05-11,0.3428193938486017
1995-05-12,0.33675082561146685
1995-05-13,0.33314302690821157
1995-05-14,0.32565503045228444
1995-05-15,0.3186316979799793
1995-05-16,0.3127057415507422
1995-05-17,0.30765442254365516
1995-05-18,0.3033035749625325
1995-05-19,0.30305160231126677
1995-05-20,0.30642674853545554
1995-05-21,0.30260277160384935
1995-05-22,0.29835714769750576
1995-05-23,0.2946589723778345
1995-05-24,0.29140347370103725
1995-05-25,0.28850746704612645
1995-05-26,0.285904622370559
1995-05-27,0.2837069723259997
1995-05-28,0.2917119388655283
1995-05-29,0.38685196804568034
1995-05-30,0.5277895747885607
1995-05-31,0.53284210253578
1995-06-01,0.4779288317621398
1995-06-02,0.43539255291834994
1995-06-03,0.4021817000501821
1995-06-04,0.376026300281281
1995-06-05,0.3552508705671306
1995-06-06,0.33860779026952903
1995-06-07,0.3251604074030386
1995-06-08,0.3629472687826694
1995-06-09,0.4509278232969452
1995-06-10,0.46179497904732064
1995-06-11,0.42422278246850675
1995-06-12,0.40172392882322305
1995-06-13,0.454099252666865
1995-06-14,0.5770602729038097
1995-06-15,0.7255212519621544
1995-06-16,0.7729339117661223
1995-06-17,0.8525150715467508
1995-06-18,0.8978621642394095
1995-06-19,0.7711724951295507
1995-06-20,0.658338547082933
1995-06-21,0.5836224785685005
1995-06-22,0.5263910418552838
1995-06-23,0.47220322526453856
1995-06-24,0.4356042172110519
1995-06-25,0.42595505709398945
1995-06-26,0.40394224200455153
1995-06-27,0.3765886926044302
1995-06-28,0.3548758321055227
1995-06-29,0.3375079363653594
1995-06-30,0.32349756863386825
1995-07-01,0.31209834237783124
1995-07-02,0.30274202565425273
1995-07-03,0.30426408303579366
1995-07-04,0.30352027659203074
1995-07-05,0.2952971473097988
1995-07-06,0.2884354614425975
1995-07-07,0.28266545957523465
1995-07-08,0.2777661094377417
1995-07-09,0.27356439399882065
1995-07-10,0.26992419604806744
1995-07-11,0.2667379168346475
1995-07-12,0.2639201166227661
1995-07-13,0.2614026607544055
1995-07-14,0.2591309939741662
1995-07-15,0.2570612655007803
1995-07-16,0.25615821778061504
1995-07-17,0.2547999863613899
1995-07-18,0.25293348225526613
1995-07-19,0.25123906834114756
1995-07-20,0.25106389425886977
1995-07-21,0.25004680560232667
1995-07-22,0.24835248779234295
1995-07-23,0.2711578218810963
1995-07-24,0.3163088890382886
1995-07-25,0.32686262681679906
1995-07-26,0.41642468340064126
1995-07-27,0.46451295014201377
1995-07-28,0.49311067139416104
1995-07-29,0.5163014721494069
1995-07-30,0.46802414441063406
1995-07-31,0.42344525956924267
1995-08-01,0.40159395304350737
1995-08-02,0.3855178832814837
1995-08-03,0.3562706614208632
1995-08-04,0.33293655734220123
1995-08-05,0.3194822799952127
1995-08-06,0.3402445952999226
1995-08-07,0.3490584130165301
1995-08-08,0.32677723445527734
1995-08-09,0.30899324037147663
1995-08-10,0.29470236533679595
1995-08-11,0.28312309604251934
1995-08-12,0.27442774421322025
1995-08-13,0.2667984109693097
1995-08-14,0.2601417935508743
1995-08-15,0.2545639517220365
1995-08-16,0.24984619480303918
1995-08-17,0.2458173198280166
1995-08-18,0.31919258929092503
1995-08-19,0.37774978392467834
1995-08-20,0.3474872415109081
1995-08-21,0.3235934098256922
1995-08-22,0.3138689735062256
1995-08-23,0.34024594127155144
1995-08-24,0.3550418430310433
1995-08-25,0.5485683226799964
1995-08-26,0.6857057211916492
1995-08-27,0.5940126052894328
1995-08-28,0.5312842761238002
1995-08-29,0.486730231430361
1995-08-30,0.4331394695005895
1995-08-31,0.39063448479024787
1995-09-01,0.4235191136198108
1995-09-02,0.4516024275301332
1995-09-03,0.4059344079932535
1995-09-04,0.36934500888765426
1995-09-05,0.3406598777621814
1995-09-06,0.31798824661082176
1995-09-07,0.29997227964636564
1995-09-08,0.28682852423228794
1995-09-09,0.29176392594606215
1995-09-10,0.29163427129754854
1995-09-11,0.27843845986075294
1995-09-12,0.26770464707616337
1995-09-13,0.2589135707520968
1995-09-14,0.25165266113825285
1995-09-15,0.2675294423523729
1995-09-16,0.3671896801098167
1995-09-17,0.4757765845672349
1995-09-18,0.47597231807521184
1995-09-19,0.4220216717824568
1995-09-20,0.3802457761452624
1995-09-21,0.3476488905734318
1995-09-22,0.32200518032571446
1995-09-23,0.31566794929903796
1995-09-24,0.3120369719481803
1995-09-25,0.2935823207377675
1995-09-26,0.27877046410531026
1995-09-27,0.2667979228492917
1995-09-28,0.2570421140850717
1995-09-29,0.24902693329310985
1995-09-30,0.24238594852624265
1995-10-01,0.24266100329987864
1995-10-02,0.24257704661685517
1995-10-03,0.23673823125986893
1995-10-04,0.2318212807588541
1995-10-05,0.22764904549408346
1995-10-06,0.22407524938011772
1995-10-07,0.22098441146390022
1995-10-08,0.2182849452291229
1995-10-09,0.2159038995889813
1995-10-10,0.21378292817857478
1995-10-11,0.21187518337329167
1995-10-12,0.21014291060223964
1995-10-13,0.20855557597461918
1995-10-14,0.20708840222443237
1995-10-15,0.20572121886656625
1995-10-16,0.2044375553208384
1995-10-17,0.23032445550061398
1995-10-18,0.29398965139780014
1995-10-19,0.30518033288119606
1995-10-20,0.284429556288377
1995-10-21,0.2678608658878132
1995-10-22,0.27638143154258993
1995-10-23,0.28336802263139677
1995-10-24,0.2734569537710718
1995-10-25,0.32349328721458953
1995-10-26,0.3425595683646228
1995-10-27,0.33637321845565277
1995-10-28,0.41768862694234077
1995-10-29,0.5158273205087541
1995-10-30,0.5210034784713492
1995-10-31,0.4729693971304168
1995-11-01,0.423178668376696
1995-11-02,0.41669192362962665
1995-11-03,0.4091522892694208
1995-11-04,0.3655771318004248
1995-11-05,0.33161947283499704
1995-11-06,0.3049599645808945
1995-11-07,0.2922619911467737
1995-11-08,0.2850011532317334
1995-11-09,0.26788334130656233
1995-11-10,0.2541307083329758
1995-11-11,0.30811650922285644
1995-11-12,0.34987919782334537
1995-11-13,0.3188028267498406
1995-11-14,0.2943064844130409
1995-11-15,0.27487196266586206
1995-11-16,0.2593347969013459
1995-11-17,0.24681817585768842
1995-11-18,0.23665699292930764
1995-11-19,0.22834323570904388
1995-11-20,0.7230067207111297
1995-11-21,0.9077738663442717
1995-11-22,0.7719420321208671
1995-11-23,0.6409103925801504
1995-11-24,0.5778217355597548
1995-11-25,0.5321720478502434
1995-11-26,0.4601378577037734
1995-11-27,0.40492192519203846
1995-11-28,0.3622422163476177
1995-11-29,0.3289770632173224
1995-11-30,0.3028409524839296
1995-12-01,0.28214488923406233
1995-12-02,0.2656298592446684
1995-12-03,0.25234977731438846
1995-12-04,0.24158834777707625
1995-12-05,0.23279943027686043
1995-12-06,0.2255638713979623
1995-12-07,0.21955798608344756
1995-12-08,0.21453035857823385
1995-12-09,0.21030118357170824
1995-12-10,0.20668661181440254
1995-12-11,0.20357151579625243
1995-12-12,0.2008668602568662
1995-12-13,0.2369256039897493
1995-12-14,0.3565721040162147
1995-12-15,0.47096611708197195
1995-12-16,0.4722316103385698
1995-12-17,0.45961220833740124
1995-12-18,0.8875590985947043
1995-12-19,1.1529481694777217
1995-12-20,0.9226074851633861
1995-12-21,0.7530023679741805
1995-12-22,0.6268203400582256
1995-12-23,0.5319485963302196
1995-12-24,0.45991469271627294
1995-12-25,0.40471546412671816
1995-12-26,0.36204669230065334
1995-12-27,0.3287884769719807
1995-12-28,0.3026565019310855
1995-12-29,0.281962593161213
1995-12-30,0.26544830593550695
1995-12-31,0.25216795443602885
1996-01-01,0.24140552591537978
1996-01-02,0.2326150823212548
1996-01-03,0.22537761616346252
1996-01-04,0.2193695484999616
1996-01-05,0.21433954132211655
1996-01-06,0.21009129999365325
1996-01-07,0.20647072688923376
1996-01-08,0.20335626041794796
1996-01-09,0.20065156315090651
1996-01-10,0.19827995439553284
1996-01-11,0.3819264607564845
1996-01-12,0.5476140316906514
1996-01-13,0.47002502383336364
1996-01-14,0.410643720872538
1996-01-15,0.3648672497514869
1996-01-16,0.3292811986641732
1996-01-17,0.30139313388564787
1996-01-18,0.2793661824161346
1996-01-19,0.2618345612987291
1996-01-20,0.2477743611659816
1996-01-21,0.23641205473168425
1996-01-22,0.22715906347680345
1996-01-23,0.3422026091201995
1996-01-24,0.43893145462354005
1996-01-25,0.38618128222827774
1996-01-26,0.3453073272341614
1996-01-27,0.31341952356578545
1996-01-28,0.36312406808606584
1996-01-29,1.0494860618752424
1996-01-30,1.5026331141972513
1996-01-31,1.2850948499687787
1996-02-01,1.3266885811233708
1996-02-02,1.4314534756081283
1996-02-03,1.3018429357346426
1996-02-04,1.0422980717305845
1996-02-05,0.8559263258168817
1996-02-06,0.7059011544909373
1996-02-07,0.5938468946711679
1996-02-08,0.5091671740089878
1996-02-09,0.4445918995972773
1996-02-10,0.3949151489214006
1996-02-11,0.3563700854775456
1996-02-12,0.3262145962094245
1996-02-13,0.30243299966465215
1996-02-14,0.28353016911888923
1996-02-15,0.26913674793722625
1996-02-16,0.25853866130038544
1996-02-17,0.24813512721343797
1996-02-18,0.2396152750700771
1996-02-19,0.24392158854603704
1996-02-20,0.369134556265212
1996-02-21,0.8624652961695455
1996-02-22,1.145916791114125
1996-02-23,0.9467766206678504
1996-02-24,0.7738635714274902
1996-02-25,0.6452955140361143
1996-02-26,0.5486773164430977
1996-02-27,0.5103429767581484
1996-02-28,0.6445114869081613
1996-02-29,0.9639377932589248
1996-03-01,1.073497517159112
1996-03-02,0.9606990720278722
1996-03-03,0.8397495647498073
1996-03-04,0.6965756017505105
1996-03-05,0.5893488983193244
1996-03-06,0.5251063172728596
1996-03-07,0.4783031072098643
1996-03-08,0.42334581828095114
1996-03-09,0.48771325926906367
1996-03-10,0.7300754513697605
1996-03-11,1.105815038816271
1996-03-12,1.2815838977598233
1996-03-13,1.1085682525606895
1996-03-14,1.5657238128862703
1996-03-15,2.6414030160946886
1996-03-16,2.8727173000929684
1996-03-17,2.3884491481371106
1996-03-18,1.967752599887171
1996-03-19,1.5929933518350408
1996-03-20,1.439896191766472
1996-03-21,1.3498034475323528
1996-03-22,1.3548215004587378
1996-03-23,1.3942516972499044
1996-03-24,1.2320470393514293
1996-03-25,1.0245434550452783
1996-03-26,0.8453236050278327
1996-03-27,0.7121142280672652
1996-03-28,0.6120429377757536
1996-03-29,0.5361004125428568
1996-03-30,0.4779155176282086
1996-03-31,0.43292845136085484
1996-04-01,0.39783959983320516
1996-04-02,0.3702368402986734
1996-04-03,0.34834014664536245
1996-04-04,0.3308244138035098
1996-04-05,0.31669513570394126
1996-04-06,0.30520023951553377
1996-04-07,0.29576693910962326
1996-04-08,0.3272684782101037
1996-04-09,0.3663361335785072
1996-04-10,0.43211806425397725
1996-04-11,0.6369646463824097
1996-04-12,0.8330019340152918
1996-04-13,0.8797306104953758
1996-04-14,0.7953314381678885
1996-04-15,0.802241713694735
1996-04-16,0.7890997570321986
1996-04-17,0.6692202223049911
1996-04-18,0.5787814274818449
1996-04-19,0.5099236390102
1996-04-20,0.45700246572451214
1996-04-21,0.5123102689583073
1996-04-22,0.5621937817146322
1996-04-23,0.49718063492889764
1996-04-24,0.4470500025557045
1996-04-25,0.5296357872770813
1996-04-26,0.6847179675002555
1996-04-27,0.6553299873961914
1996-04-28,0.5754434320312966
1996-04-29,0.5134350800839562
1996-04-30,0.45967721194100203
1996-05-01,0.5714212864791405
1996-05-02,0.9615525427219348
1996-05-03,1.0941235466905728
1996-05-04,1.0246412357250465
1996-05-05,0.9850971719482814
1996-05-06,0.8905737800197526
1996-05-07,0.8069554630647797
1996-05-08,1.1950289085250716
1996-05-09,1.5145885581619514
1996-05-10,1.5740714898400592
1996-05-11,1.5298502901788715
1996-05-12,1.399063816202447
1996-05-13,1.425863076021489
1996-05-14,1.321811739451989
1996-05-15,1.1689311874272132
1996-05-16,0.9826578648952583
1996-05-17,0.8199514385875597
1996-05-18,0.6985407814736303
1996-05-19,0.6069993511176994
1996-05-20,0.5372849414944222
1996-05-21,0.48368735033358673
1996-05-22,0.4421046408833451
1996-05-23,0.4095583800956799
1996-05-24,0.4334514466528405
1996-05-25,0.4541550583709589
1996-05-26,0.41861831805533195
1996-05-27,0.39061390211837316
1996-05-28,0.36839202886385053
1996-05-29,0.35060746836183926
1996-05-30,0.3492615726428852
1996-05-31,0.4975925862285957
1996-06-01,0.9768628701613441
1996-06-02,1.4695581205872383
1996-06-03,1.5153811820326892
1996-06-04,1.3962274713237728
1996-06-05,1.2585807100511601
1996-06-06,1.223350391754043
1996-06-07,1.4151968271297857
1996-06-08,1.3765084154194043
1996-06-09,1.230660059760386
1996-06-10,1.125071006490429
1996-06-11,0.9281835114430841
1996-06-12,0.7822947113934805
1996-06-13,0.6730353937622233
1996-06-14,0.5903473537872613
1996-06-15,0.5271825559720004
1996-06-16,0.5012231252612819
1996-06-17,0.49198343164984276
1996-06-18,0.47356965185550504
1996-06-19,0.4400578129029684
1996-06-20,0.410127799382576
1996-06-21,0.3864173141583149
1996-06-22,0.36747297433398146
1996-06-23,0.3522047869882239
1996-06-24,0.4145471650568762
1996-06-25,0.4693829623800823
1996-06-26,0.4320650176925125
1996-06-27,0.4088065623928296
1996-06-28,0.42681769566976696
1996-06-29,0.4264062733846088
1996-06-30,0.3978348394283391
1996-07-01,0.3751539617685937
1996-07-02,0.3570174473416636
1996-07-03,0.3423883813742039
1996-07-04,0.33048407967061383
1996-07-05,0.32070945435168713
1996-07-06,0.31515933306152544
1996-07-07,0.3091626525441791
1996-07-08,0.30283147889958
1996-07-09,0.2974585081199595
1996-07-10,0.3453090536769999
1996-07-11,0.39028892703624135
1996-07-12,0.36701512597743324
1996-07-13,0.3484040358746257
1996-07-14,0.3334262466801652
1996-07-15,0.32126689133471725
1996-07-16,0.31130745184742453
1996-07-17,0.3030751873484415
1996-07-18,0.2962064273275552
1996-07-19,0.2904197010406689
1996-07-20,0.28549590967926125
1996-07-21,0.28126358519794975
1996-07-22,0.27758785314498186
1996-07-23,0.27436211352987705
1996-07-24,0.27150173077293654
1996-07-25,0.26893921894663547
1996-07-26,0.26662054718142675
1996-07-27,0.26535009872604187
1996-07-28,0.26688801718165883
1996-07-29,0.2666046915280197
1996-07-30,0.26412835684667735
1996-07-31,0.2617275348935151
1996-08-01,0.28795902842926874
1996-08-02,0.329459206457071
1996-08-03,0.33737630838583804
1996-08-04,0.3314727662868554
1996-08-05,0.3402078321507202
1996-08-06,0.34074700565104327
1996-08-07,0.3240531161060199
1996-08-08,0.3641712239281991
1996-08-09,0.39163749238410467
1996-08-10,0.3689264895411704
1996-08-11,0.35023799685042256
1996-08-12,0.32957829207988915
1996-08-13,0.3130522773397367
1996-08-14,0.2997288575670292
1996-08-15,0.28889521760023634
1996-08-16,0.28000900129338924
1996-08-17,0.27265473190225176
1996-08-18,0.2670775410258215
1996-08-19,0.26503942998534713
1996-08-20,0.32927691252566604
1996-08-21,0.46464875578063963
1996-08-22,0.5002939339151581
1996-08-23,0.4450730139060997
1996-08-24,0.40231914469427094
1996-08-25,0.36897021977410877
1996-08-26,0.34273793040391
1996-08-27,0.3219328294461255
1996-08-28,0.461312741644206
1996-08-29,0.5670954665645347
1996-08-30,0.49594097494525013
1996-08-31,0.44127996084964
1996-09-01,0.3989851107153159
1996-09-02,0.36597620962798666
1996-09-03,0.3399985694149977
1996-09-04,0.3193862521999172
1996-09-05,0.30900255958033135
1996-09-06,0.3368193938675539
1996-09-07,0.34772959932895925
1996-09-08,0.3250539126061638
1996-09-09,0.3183330436243371
1996-09-10,0.3435348704128838
1996-09-11,0.34595937210871447
1996-09-12,0.32320098730024643
1996-09-13,0.31803590665350706
1996-09-14,0.34856323262908145
1996-09-15,0.3506015552681551
1996-09-16,0.3264540473480791
1996-09-17,0.3075261787547885
1996-09-18,0.33879198928068494
1996-09-19,0.40794973939591217
1996-09-20,0.42261342563708615
1996-09-21,0.38930568595434556
1996-09-22,0.3906923414194454
1996-09-23,0.39694211697602944
1996-09-24,0.36568904088790183
1996-09-25,0.3485304718251812
1996-09-26,0.39119831363958557
1996-09-27,0.401605353775265
1996-09-28,0.3866408186791714
1996-09-29,0.37366948450882836
1996-09-30,0.3436480145476642
1996-10-01,0.3199424580529757
1996-10-02,0.3010862036468814
1996-10-03,0.4864687548114664
1996-10-04,0.6650055229441483
1996-10-05,0.5981273024461632
1996-10-06,0.51770178345536
1996-10-07,0.45521561559120244
1996-10-08,0.4070832746845073
1996-10-09,0.3696851036045093
1996-10-10,0.34038367221668303
1996-10-11,0.31723853785314265
1996-10-12,0.29880917794164424
1996-10-13,0.28401723283650104
1996-10-14,0.27204915314743056
1996-10-15,0.2622866985634185
1996-10-16,0.2542568473572067
1996-10-17,0.24759537358046638
1996-10-18,0.24202014120294055
1996-10-19,0.2373113691414851
1996-10-20,0.2332969398486124
1996-10-21,0.2466414193499615
1996-10-22,0.29992109518589766
1996-10-23,0.31475266203857966
1996-10-24,0.29515079612878975
1996-10-25,0.2794451334767269
1996-10-26,0.2667780192018211
1996-10-27,0.35371368462488123
1996-10-28,0.4208460727609675
1996-10-29,0.37788984766361816
1996-10-30,0.40451630059112104
1996-10-31,0.4221562238191334
1996-11-01,0.37882875495438645
1996-11-02,0.3450269652242018
1996-11-03,0.39551721984843974
1996-11-04,0.4307940375615246
1996-11-05,0.38540776610394795
1996-11-06,0.376162081328278
1996-11-07,0.37033210825191115
1996-11-08,0.37661390394800515
1996-11-09,0.3949617935798753
1996-11-10,0.5020272568025939
1996-11-11,0.978504775911047
1996-11-12,1.3196946834012786
1996-11-13,1.1503755628900647
1996-11-14,0.9266842344736445
1996-11-15,0.8069641405765381
1996-11-16,0.8720020096184661
1996-11-17,0.9724151796986679
1996-11-18,1.4925993228573116
1996-11-19,1.8632057185562916
1996-11-20,1.608118325956731
1996-11-21,1.7720754918044073
1996-11-22,2.079686363739482
1996-11-23,2.5708985356382366
1996-11-24,2.604547598559864
1996-11-25,1.9745199957331898
1996-11-26,1.5643406403650149
1996-11-27,1.2790166259641629
1996-11-28,1.031459588162191
1996-11-29,0.8497108310751607
1996-11-30,0.829346745173755
1996-12-01,0.9335921300375106
1996-12-02,1.3553073133496538
1996-12-03,1.5738557428507178
1996-12-04,1.2765408017589557
1996-12-05,1.0323844674301756
1996-12-06,0.853055604537865
1996-12-07,0.7216153030983182
1996-12-08,1.4607389623796803
1996-12-09,2.087421479624352
1996-12-10,1.714200853149155
1996-12-11,1.352975076812206
1996-12-12,1.1605064063419182
1996-12-13,1.1133919536043912
1996-12-14,0.967970662010407
1996-12-15,0.9721569028631635
1996-12-16,1.408866025249333
1996-12-17,1.6207706547483791
1996-12-18,1.5067811205128991
1996-12-19,1.4822939618554754
1996-12-20,1.279618687329927
1996-12-21,1.0422131076848502
1996-12-22,1.7983550643782307
1996-12-23,2.4520732741132707
1996-12-24,2.2079174459437882
1996-12-25,1.9857833187422598
1996-12-26,1.7385438303447138
1996-12-27,1.3811158134748667
1996-12-28,1.121612620409244
1996-12-29,0.9313855351336465
1996-12-30,0.7902569679971392
1996-12-31,0.6843815921000459
1997-01-01,0.6041207362821722
1997-01-02,0.5426744681447452
1997-01-03,0.4951867605006082
1997-01-04,0.4581507372552796
1997-01-05,0.42900754565004484
1997-01-06,0.4058721472608587
1997-01-07,0.38734351886855567
1997-01-08,0.37237175158206376
1997-01-09,0.36016398515457976
1997-01-10,0.35011715859230425
1997-01-11,0.3417694797374234
1997-01-12,0.33476509476878635
1997-01-13,0.3288281547295147
1997-01-14,0.3237436318234912
1997-01-15,0.31934302490922767
1997-01-16,0.31549363465450597
1997-01-17,0.38119161275132757
1997-01-18,0.5968713347349954
1997-01-19,0.9946704875531048
1997-01-20,1.1584991368067663
1997-01-21,1.1143091758814843
1997-01-22,1.4723315823694758
1997-01-23,1.7298319949943506
1997-01-24,2.080275794054503
1997-01-25,2.241155943964681
1997-01-26,1.8205091430211784
1997-01-27,1.4461102387211522
1997-01-28,1.1701734502461296
1997-01-29,0.9684071286392802
1997-01-30,0.9374087614619336
1997-01-31,0.98263470536701
1997-02-01,0.8400418427255629
1997-02-02,0.7537636179209389
1997-02-03,0.682861642109771
1997-02-04,0.8748935838922042
1997-02-05,1.4513214671032768
1997-02-06,1.7232384612750395
1997-02-07,1.6082844203195135
1997-02-08,1.2907916370021755
1997-02-09,1.059923086156078
1997-02-10,0.8899001751482033
1997-02-11,0.7632122215529614
1997-02-12,0.7592336608262724
1997-02-13,0.8823773412463475
1997-02-14,1.7365157925993115
1997-02-15,1.9324526693569597
1997-02-16,1.6943526674983158
1997-02-17,2.002562172321143
1997-02-18,2.0241999956534946
1997-02-19,1.594789678351832
1997-02-20,1.2861940514138352
1997-02-21,1.0614929289453043
1997-02-22,0.8958013449275528
1997-02-23,0.9199997636460528
1997-02-24,1.0417795754726946
1997-02-25,1.7944196357711635
1997-02-26,2.7191937163804547
1997-02-27,2.6205921274985307
1997-02-28,2.6337869380128827
1997-03-01,2.864671991686885
1997-03-02,2.494009742686288
1997-03-03,1.9371379474319284
1997-03-04,1.5413808277814358
1997-03-05,1.2904172945423775
1997-03-06,1.182417495289905
1997-03-07,1.3671042629114136
1997-03-08,1.49726553711306
1997-03-09,1.4269026636650748
1997-03-10,1.3139649700136693
1997-03-11,1.1935455981131629
1997-03-12,1.1036873779956464
1997-03-13,0.9725636816283133
1997-03-14,0.8511570216425332
1997-03-15,0.7476953698978351
1997-03-16,0.669095313772624
1997-03-17,0.608789093927257
1997-03-18,0.5620669519677115
1997-03-19,0.8580593494750866
1997-03-20,1.2611513641287824
1997-03-21,1.192950887951241
1997-03-22,1.002488655580874
1997-03-23,0.861038296801234
1997-03-24,0.7671584281655677
1997-03-25,0.6930228540560367
1997-03-26,0.6269393345799712
1997-03-27,0.575902077344117
1997-03-28,0.536120754586362
1997-03-29,0.5048208496194747
1997-03-30,0.47996367834920495
1997-03-31,0.46003760637798313
1997-04-01,0.4439123175686353
1997-04-02,0.4307359692435351
1997-04-03,0.47334821921366005
1997-04-04,0.6300066040338511
1997-04-05,0.6960629787952799
1997-04-06,0.7049083997823206
1997-04-07,0.71561155292272
1997-04-08,0.6745649639392944
1997-04-09,0.7176352260313861
1997-04-10,0.7965803298483154
1997-04-11,0.9346299337062375
1997-04-12,0.9444220000776079
1997-04-13,0.8672967688999993
1997-04-14,0.8330129488310684
1997-04-15,0.7332956009911231
1997-04-16,0.6926149826099373
1997-04-17,0.6707395723566995
1997-04-18,0.8663913625428802
1997-04-19,1.0169666642962174
1997-04-20,0.8833129681431745
1997-04-21,0.7809868324141936
1997-04-22,0.7527942425156663
1997-04-23,0.7256827085175183
1997-04-24,0.6484882597381693
1997-04-25,0.6692073968772118
1997-04-26,0.7996309037442907
1997-04-27,0.7957042394080617
1997-04-28,0.7013775866298303
1997-04-29,0.6294685534886251
1997-04-30,0.5741498052949036
1997-05-01,0.5311855189998991
1997-05-02,0.4975040822680672
1997-05-03,0.4716267804303888
1997-05-04,0.450495840938623
1997-05-05,0.43316053838486507
1997-05-06,0.4190638019935806
1997-05-07,0.40748944076310467
1997-05-08,0.4634360502498572
1997-05-09,0.5505449860680763
1997-05-10,0.5691367569497112
1997-05-11,0.5527225638170008
1997-05-12,0.5282311627532792
1997-05-13,0.5172141486562442
1997-05-14,0.48524858389454667
1997-05-15,0.45853080831285314
1997-05-16,0.4372231839400678
1997-05-17,0.4200727450098389
1997-05-18,0.4061385136084546
1997-05-19,0.39470842891462216
1997-05-20,0.4077211276779385
1997-05-21,0.5675970046058113
1997-05-22,0.6720678596267337
1997-05-23,0.6028700780360411
1997-05-24,0.5633360053326525
1997-05-25,0.6185025456952962
1997-05-26,0.7395891712667196
1997-05-27,0.8850236724171564
1997-05-28,0.8851948303602875
1997-05-29,0.7624728917554578
1997-05-30,0.6698816248784748
1997-05-31,0.610394453814191
1997-06-01,0.6240535179312826
1997-06-02,0.6897772093055338
1997-06-03,0.6638303393471038
1997-06-04,0.5944938393230886
1997-06-05,0.5953415769100905
1997-06-06,0.6017643145899688
1997-06-07,0.5473997963812037
1997-06-08,0.5311786096017763
1997-06-09,0.541163003927983
1997-06-10,0.6088811611310159
1997-06-11,0.6534295620960574
1997-06-12,0.5874506729562692
1997-06-13,0.5346612484840692
1997-06-14,0.4936402239282405
1997-06-15,0.46147181212505556
1997-06-16,0.4360176009561856
1997-06-17,0.41569477354029555
1997-06-18,0.3993216834703451
1997-06-19,0.3861435294075514
1997-06-20,0.4009194343321134
1997-06-21,0.4233280331274885
1997-06-22,0.5837894160221704
1997-06-23,0.9495289770983697
1997-06-24,1.073297067223599
1997-06-25,0.9239088475172691
1997-06-26,0.7880333939255232
1997-06-27,0.6859672306328983
1997-06-28,0.6085129872611849
1997-06-29,0.5491520303300342
1997-06-30,0.5032252511740488
1997-07-01,0.46736522006036024
1997-07-02,0.4391128931241654
1997-07-03,0.4166553840431028
1997-07-04,0.39945029205834337
1997-07-05,0.3850471857351569
1997-07-06,0.3729513502929487
1997-07-07,0.36298651532417964
1997-07-08,0.3546974653903032
1997-07-09,0.3507951020179358
1997-07-10,0.34949868700247694
1997-07-11,0.34345062312552493
1997-07-12,0.3523154954657413
1997-07-13,0.3837467676142699
1997-07-14,0.39210561887259887
1997-07-15,0.3774634256090135
1997-07-16,0.3645866060443925
1997-07-17,0.3540282693540613
1997-07-18,0.3452884479632683
1997-07-19,0.3379827611522592
1997-07-20,0.3318140801806178
1997-07-21,0.32655138982599136
1997-07-22,0.3220140967328685
1997-07-23,0.3180602974817596
1997-07-24,0.3145779478165585
1997-07-25,0.3114781731475289
1997-07-26,0.30869017050461783
1997-07-27,0.30615730110690514
1997-07-28,0.30383407924510863
1997-07-29,0.3016838399286241
1997-07-30,0.299676923451172
1997-07-31,0.2977892557328936
1997-08-01,0.29600123323572314
1997-08-02,0.29429684340778434
1997-08-03,0.2926629681110376
1997-08-04,0.2910888298403516
1997-08-05,0.28956554984309235
1997-08-06,0.28808579428714065
1997-08-07,0.28664348997871353
1997-08-08,0.2852335952224329
1997-08-09,0.2838519145567635
1997-08-10,0.2987175827539152
1997-08-11,0.302928284239752
1997-08-12,0.298007509991921
1997-08-13,0.2937682333988079
1997-08-14,0.2900862325442201
1997-08-15,0.2868535292874341
1997-08-16,0.28398469137848165
1997-08-17,0.2815059012697742
1997-08-18,0.27920073472997264
1997-08-19,0.2770487583698505
1997-08-20,0.2758999611796578
1997-08-21,0.35450883833432817
1997-08-22,0.4003312369807235
1997-08-23,0.3738041298608721
1997-08-24,0.35245614440557055
1997-08-25,0.37551832684531466
1997-08-26,0.38689831246244616
1997-08-27,0.3639533302781415
1997-08-28,0.3529607825596148
1997-08-29,0.35472140501896116
1997-08-30,0.35119359357568825
1997-08-31,0.4252628103655516
1997-09-01,0.5455153729395634
1997-09-02,0.6679244909583882
1997-09-03,0.6838415281033717
1997-09-04,0.6248096580609206
1997-09-05,0.7457821493647078
1997-09-06,0.8498890255980988
1997-09-07,0.7840218097710383
1997-09-08,0.8573006012537266
1997-09-09,1.1359910821725825
1997-09-10,1.182550009205289
1997-09-11,0.9976468906308144
1997-09-12,0.8516414269522405
1997-09-13,0.8399788186426896
1997-09-14,0.8329103144363438
1997-09-15,0.716165056563371
1997-09-16,0.6177687811506162
1997-09-17,0.5430460500653354
1997-09-18,0.48576804323976774
1997-09-19,0.4414600586747331
1997-09-20,0.4068828552627155
1997-09-21,0.3796675888164922
1997-09-22,0.35806555989115657
1997-09-23,0.3493519085835013
1997-09-24,0.5365333020889758
1997-09-25,0.843824669939044
1997-09-26,0.9459653257269277
1997-09-27,0.8809133808654916
1997-09-28,0.7575245995180255
1997-09-29,0.6726513440068862
1997-09-30,0.6634194494379432
1997-10-01,0.6201388175473969
1997-10-02,0.5449364164794811
1997-10-03,0.4872739935671025
1997-10-04,0.44267696549706437
1997-10-05,0.40788050649004076
1997-10-06,0.38049752584884083
1997-10-07,0.35876617756831664
1997-10-08,0.3413746757491438
1997-10-09,0.3286508161726949
1997-10-10,0.3176177050744685
1997-10-11,0.3079110613134434
1997-10-12,0.29987932261138733
1997-10-13,0.2931734895079985
1997-10-14,0.28752118642731045
1997-10-15,0.40143482872162933
1997-10-16,0.5081584155807907
1997-10-17,0.494017953354909
1997-10-18,0.5292009834049243
1997-10-19,0.5093663571357706
1997-10-20,0.4574683439751883
1997-10-21,0.41719066212227457
1997-10-22,0.3856809179293261
1997-10-23,0.4204650712376563
1997-10-24,0.5174666691777036
1997-10-25,0.5176612454422921
1997-10-26,0.4635175494048243
1997-10-27,0.4215355126291287
1997-10-28,0.38872735474098147
1997-10-29,0.36287114429610084
1997-10-30,0.3423236100318947
1997-10-31,0.3258589407396478
1997-11-01,0.3125553816619064
1997-11-02,0.30171461728145793
1997-11-03,0.2928038998841775
1997-11-04,0.2854141256555069
1997-11-05,0.2792292029865587
1997-11-06,0.2740034911027299
1997-11-07,0.2695450568722375
1997-11-08,0.26570316069983896
1997-11-09,0.26235884031107687
1997-11-10,0.259417780450568
1997-11-11,0.2568048810449626
1997-11-12,0.25446009564084926
1997-11-13,0.25233522579710077
1997-11-14,0.2715481539259895
1997-11-15,0.35314563663281806
1997-11-16,0.3868825981848824
1997-11-17,0.35799263773557194
1997-11-18,0.3501226387024405
1997-11-19,0.3932069329788688
1997-11-20,0.43228348767271507
1997-11-21,0.432108884434117
1997-11-22,0.5036184550310424
1997-11-23,0.6203924484997189
1997-11-24,0.6298299406503427
1997-11-25,0.5552396486776868
1997-11-26,0.4881083024513197
1997-11-27,0.4852603930193275
1997-11-28,0.5676553830110641
1997-11-29,0.6023952015890581
1997-11-30,0.7581327340425541
1997-12-01,0.8393017761454602
1997-12-02,0.705692545236118
1997-12-03,0.6031267829204335
1997-12-04,0.5254053207557868
1997-12-05,0.46594618479280153
1997-12-06,0.42004440691385864
1997-12-07,0.3842998402441565
1997-12-08,0.45389849969867563
1997-12-09,0.5071770160986114
1997-12-10,0.45173428349884825
1997-12-11,0.40879257318157675
1997-12-12,0.37527903896011844
1997-12-13,0.6154538243906206
1997-12-14,1.585376940010357
1997-12-15,1.772546899566369
1997-12-16,1.8119450171068392
1997-12-17,1.6344944281252813
1997-12-18,1.289430381538602
1997-12-19,1.0393975611044677
1997-12-20,0.855947857089256
1997-12-21,0.9110348789957872
1997-12-22,1.0024154323349894
1997-12-23,0.8733203933921053
1997-12-24,0.7335008691843877
1997-12-25,0.6286660447610061
1997-12-26,0.6933613063409417
1997-12-27,0.6832469393164676
1997-12-28,0.5909482724308747
1997-12-29,0.5206623639020961
1997-12-30,0.6681947929495595
1997-12-31,0.8447515540573701
1998-01-01,0.7712175707036963
1998-01-02,0.6577648516848097
1998-01-03,0.5720176595679543
1998-01-04,0.5066084651633902
1998-01-05,0.4562464230132808
1998-01-06,0.41712255793812075
1998-01-07,0.38646552806486806
1998-01-08,0.3622391253854858
1998-01-09,0.34293364134054644
1998-01-10,0.3274202570346381
1998-01-11,0.44903463628986917
1998-01-12,0.650361755758111
1998-01-13,0.6544037141986567
1998-01-14,0.7952017457061165
1998-01-15,1.1097482943918437
1998-01-16,1.3338721152256552
1998-01-17,1.366211104602623
1998-01-18,1.1732782250709404
1998-01-19,0.957742315503597
1998-01-20,0.798684933073472
1998-01-21,0.6799632634140237
1998-01-22,0.5904063908664691
1998-01-23,0.5221763833663063
1998-01-24,0.46970389663114287
1998-01-25,0.4289853741317142
1998-01-26,0.39711191108327903
1998-01-27,0.3719489799025116
1998-01-28,0.3519158856988452
1998-01-29,0.33583207287146516
1998-01-30,0.32280882455038845
1998-01-31,0.3121721559545358
1998-02-01,0.3034073849716354
1998-02-02,0.29989501891015263
1998-02-03,0.821648708052357
1998-02-04,1.1181978195484688
1998-02-05,0.9160827096126508
1998-02-06,0.7992940147222631
1998-02-07,0.7029592756483956
1998-02-08,0.6068981609363518
1998-02-09,0.9467443314260665
1998-02-10,2.1186392627059294
1998-02-11,2.2491641395168576
1998-02-12,1.7352649978407857
1998-02-13,1.368963744319642
1998-02-14,1.2957822520856734
1998-02-15,1.2042501349151855
1998-02-16,1.2213828756561957
1998-02-17,1.1546365246907968
1998-02-18,0.9489522995361946
1998-02-19,0.7967904670889524
1998-02-20,0.6830032295302272
1998-02-21,0.6013285868107322
1998-02-22,0.5394813861800444
1998-02-23,0.4870871856786467
1998-02-24,0.4463959825502395
1998-02-25,0.4145214479486357
1998-02-26,0.3893366321714897
1998-02-27,0.369266295489972
1998-02-28,0.35313384656942776
1998-03-01,0.34017161560088544
1998-03-02,0.3295359104798092
1998-03-03,0.3206687927596907
1998-03-04,0.3132816041741633
1998-03-05,0.3312975308053514
1998-03-06,0.34884802848338126
1998-03-07,0.3354726841380245
1998-03-08,0.32711977779859847
1998-03-09,0.31961548010305413
1998-03-10,0.3113541366532347
1998-03-11,0.3044487468492691
1998-03-12,0.2986250969869902
1998-03-13,0.30527759529953563
1998-03-14,0.6295689411565697
1998-03-15,1.448608893003696
1998-03-16,1.690193909140432
1998-03-17,1.3357932682918057
1998-03-18,1.0791379632427671
1998-03-19,0.891033061247335
1998-03-20,0.7515113283582502
1998-03-21,0.6468740487417611
1998-03-22,0.5697522789286923
1998-03-23,0.5774940693724366
1998-03-24,0.5722840188384546
1998-03-25,0.5266196157820751
1998-03-26,0.5164468096039273
1998-03-27,0.4873292229923259
1998-03-28,0.46108368784827425
1998-03-29,0.47945192700797046
1998-03-30,0.4703178387741838
1998-03-31,0.7026621479556598
1998-04-01,1.2010250714354616
1998-04-02,1.8879616964634112
1998-04-03,2.258479306575642
1998-04-04,2.111481042176686
1998-04-05,1.9003784388053777
1998-04-06,1.6834925574057855
1998-04-07,1.549081479929881
1998-04-08,1.807156754410193
1998-04-09,1.8182810941685401
1998-04-10,1.4360394077726697
1998-04-11,1.161714384798416
1998-04-12,0.9966440339444756
1998-04-13,0.8517440975242692
1998-04-14,0.7692493879228888
1998-04-15,0.7162154670463515
1998-04-16,0.6271801306367526
1998-04-17,0.5592413449780304
1998-04-18,0.5069328204906394
1998-04-19,0.46628744111822185
1998-04-20,0.434421668941416
1998-04-21,0.40921884839540024
1998-04-22,0.3891110171527595
1998-04-23,0.37292678485542724
1998-04-24,0.35978409566831376
1998-04-25,0.38197803032522465
1998-04-26,0.4456614709374253
1998-04-27,0.46099956116005364
1998-04-28,0.5276442434839207
1998-04-29,0.6128942713780108
1998-04-30,0.8679766197213891
1998-05-01,1.0560051779486186
1998-05-02,0.8921983361492636
1998-05-03,0.9048157060435758
1998-05-04,0.9232820108128935
1998-05-05,0.7814160381852123
1998-05-06,0.6750002680591661
1998-05-07,0.5944058583398573
1998-05-08,0.5397062400494369
1998-05-09,0.4949537467912973
1998-05-10,0.5759455954252726
1998-05-11,0.6405522518995246
1998-05-12,0.5679126737936812
1998-05-13,0.5120594316950273
1998-05-14,0.46877767792506514
1998-05-15,0.43493581778327556
1998-05-16,0.4082416226060282
1998-05-17,0.38700149732898154
1998-05-18,0.3699532389478475
1998-05-19,0.3624524103578814
1998-05-20,0.3536617044407792
1998-05-21,0.34268190637342744
1998-05-22,0.3336080265719417
1998-05-23,0.326046434264013
1998-05-24,0.31968309314681886
1998-05-25,0.31427396585166123
1998-05-26,0.43106400920213866
1998-05-27,0.6030857564646538
1998-05-28,0.9174207676906141
1998-05-29,1.2354767880592554
1998-05-30,1.201586191528437
1998-05-31,1.040549267872036
1998-06-01,0.86628507005942
1998-06-02,0.7366113916640254
1998-06-03,0.6390863370121597
1998-06-04,0.5649869923829329
1998-06-05,0.5081400157497556
1998-06-06,0.4641239352480641
1998-06-07,0.4297370149294845
1998-06-08,0.40263713986368055
1998-06-09,0.38109486271135373
1998-06-10,0.36382196352566254
1998-06-11,0.34985107096007
1998-06-12,0.3721477409131626
1998-06-13,0.41658400399420037
1998-06-14,0.41995738897488577
1998-06-15,0.40869654958650786
1998-06-16,0.40503736406051916
1998-06-17,0.39304495187157
1998-06-18,0.3721272873888337
1998-06-19,0.7581516143851337
1998-06-20,1.1077651725938442
1998-06-21,0.916306843539375
1998-06-22,0.7845623492877536
1998-06-23,0.6860360472408886
1998-06-24,0.5995309043367718
1998-06-25,0.535088664937189
1998-06-26,0.6018124724565778
1998-06-27,0.6870982033865527
1998-06-28,0.6281473383514334
1998-06-29,0.6482614847586698
1998-06-30,0.6578813345051087
1998-07-01,0.5775009598701814
1998-07-02,0.5305593858155536
1998-07-03,0.48634644083970846
1998-07-04,0.4454380789562377
1998-07-05,0.41340004463735447
1998-07-06,0.38810129649614367
1998-07-07,0.36997770559662424
1998-07-08,0.3942451772917
1998-07-09,0.853360570093327
1998-07-10,1.237595089810642
1998-07-11,1.0468375753679526
1998-07-12,0.8690714868303604
1998-07-13,1.371140340308781
1998-07-14,1.8144303400233168
1998-07-15,1.522564750834342
1998-07-16,1.2691251480858703
1998-07-17,1.082755282569418
1998-07-18,1.4613948467774724
1998-07-19,1.6706726998670163
1998-07-20,1.3851464498753545
1998-07-21,1.1925912456504417
1998-07-22,1.0058580219332922
1998-07-23,0.8565497503056142
1998-07-24,0.7372565095737595
1998-07-25,0.6444712025630814
1998-07-26,0.5717728952198061
1998-07-27,0.5387055586819135
1998-07-28,0.5408599688458015
1998-07-29,0.5090137330759157
1998-07-30,0.46710971241731425
1998-07-31,0.4342838624930921
1998-08-01,0.4083583609113926
1998-08-02,0.38770350664718833
1998-08-03,0.37110334346910984
1998-08-04,0.3576433369249747
1998-08-05,0.3466305051318939
1998-08-06,0.3375360706097444
1998-08-07,0.3299539060689377
1998-08-08,0.32357016633445906
1998-08-09,0.3181409165977587
1998-08-10,0.31347552674612383
1998-08-11,0.3094242577650292
1998-08-12,0.30586891951877687
1998-08-13,0.3027193950606633
1998-08-14,0.29989507437071133
1998-08-15,0.29733663692110673
1998-08-16,0.2959889885353529
1998-08-17,0.2939981682409409
1998-08-18,0.2918111252438743
1998-08-19,0.28978077851810574
1998-08-20,0.2890784262021016
1998-08-21,0.29170229800114805
1998-08-22,0.35266187658590803
1998-08-23,0.39659618270910957
1998-08-24,0.3732376302951032
1998-08-25,0.36257645818171613
1998-08-26,0.3645628907068403
1998-08-27,0.35422501811065793
1998-08-28,0.3389679883965127
1998-08-29,0.3265828865425513
1998-08-30,0.31644674526496747
1998-08-31,0.30807534390273533
1998-09-01,0.30109638891174406
1998-09-02,0.29522188842190183
1998-09-03,0.2913079224801866
1998-09-04,0.28737072599426344
1998-09-05,0.28340404983472645
1998-09-06,0.27994280171270963
1998-09-07,0.2768910219706698
1998-09-08,0.27417232618198983
1998-09-09,0.27172568670653924
1998-09-10,0.2695021517921004
1998-09-11,0.26746230795264286
1998-09-12,0.26640381168498933
1998-09-13,0.2880474475410791
1998-09-14,0.306916594354425
1998-09-15,0.29769139810008716
1998-09-16,0.28974679068886483
1998-09-17,0.28312691722308175
1998-09-18,0.277558493684488
1998-09-19,0.27282810229175797
1998-09-20,0.2687688390751873
1998-09-21,0.2652495026438733
1998-09-22,0.26216645486594065
1998-09-23,0.259437453690943
1998-09-24,0.2569969518610075
1998-09-25,0.25479249246733066
1998-09-26,0.25278193039053315
1998-09-27,0.2509312793181731
1998-09-28,0.24921303530364067
1998-09-29,0.24760486529496048
1998-09-30,0.2460885766190913
1998-10-01,0.244649303804914
1998-10-02,0.24327486431707748
1998-10-03,0.24195524614813238
1998-10-04,0.2406821987821521
1998-10-05,0.2394489055269853
1998-10-06,0.23824972014494786
1998-10-07,0.23707995448230434
1998-10-08,0.2359357066933334
1998-10-09,0.23481372188804397
1998-10-10,0.2337112787624167
1998-10-11,0.2326260971153512
1998-10-12,0.2315562622068544
1998-10-13,0.23050016273515447
1998-10-14,0.23120088656007012
1998-10-15,0.23244953558567552
1998-10-16,0.24350282324887274
1998-10-17,0.2479465544200484
1998-10-18,0.24341137777777797
1998-10-19,0.23953203045707985
1998-10-20,0.2361878875864849
1998-10-21,0.23327547046029004
1998-10-22,0.23071280938721847
1998-10-23,0.22843468142747267
1998-10-24,0.22638896861084534
1998-10-25,0.2245338572822868
1998-10-26,0.22283567278604666
1998-10-27,0.2212671968697968
1998-10-28,0.21980635389888128
1998-10-29,0.2184351803454674
1998-10-30,0.21713901295296564
1998-10-31,0.21590584651918018
1998-11-01,0.21472582384970595
1998-11-02,0.21359082915139924
1998-11-03,0.21311636979938567
1998-11-04,0.2128952898479438
1998-11-05,0.21164912401306757
1998-11-06,0.2249898709878194
1998-11-07,0.24097891758760906
1998-11-08,0.23873457972083897
1998-11-09,0.2324785676713311
1998-11-10,0.2272467600932457
1998-11-11,0.22283635890497985
1998-11-12,0.21908308636586357
1998-11-13,0.23548162310948653
1998-11-14,0.24193498546259432
1998-11-15,0.23834383243925375
1998-11-16,0.23443770090794094
1998-11-17,0.22798550664436754
1998-11-18,0.22260284209531297
1998-11-19,0.21807451293616184
1998-11-20,0.21422970424451745
1998-11-21,0.2138258364011326
1998-11-22,0.21446877827106822
1998-11-23,0.21088779802553506
1998-11-24,0.21250587157479472
1998-11-25,0.21318749093675352
1998-11-26,0.25161190029866254
1998-11-27,0.3385853761802741
1998-11-28,0.362796407053406
1998-11-29,0.38142968117373016
1998-11-30,0.3939920495512597
1998-12-01,0.3593262157976053
1998-12-02,0.3256616399774145
1998-12-03,0.29927772473197134
1998-12-04,0.27841449056709333
1998-12-05,0.2617885913906917
1998-12-06,0.24843723579712343
1998-12-07,0.2376325556961576
1998-12-08,0.22882032889474935
1998-12-09,0.22157571538396714
1998-12-10,0.24346925631910002
1998-12-11,0.2946662559007639
1998-12-12,0.3953682558791863
1998-12-13,0.4782449089951042
1998-12-14,0.5357091460133704
1998-12-15,0.5389098179299174
1998-12-16,0.4636061902872454
1998-12-17,0.41324042386074855
1998-12-18,0.37713411791249835
1998-12-19,0.5785342306327785
1998-12-20,0.9136925141549654
1998-12-21,0.9831784446311777
1998-12-22,0.8561890729366755
1998-12-23,0.794096520110764
1998-12-24,0.7748132741151378
1998-12-25,0.6716115449277127
1998-12-26,0.7113343741072619
1998-12-27,1.1792389764820435
1998-12-28,1.5416258250701194
1998-12-29,1.631412240290473
1998-12-30,1.5146922412096864
1998-12-31,1.1906248352827415
1999-01-01,0.9552831804006492
1999-01-02,0.7822845959905139
1999-01-03,0.6536396982424452
1999-01-04,0.562561234373228
1999-01-05,0.5378335357905966
1999-01-06,0.5451378931462433
1999-01-07,0.5009801547572551
1999-01-08,0.7945249770960682
1999-01-09,1.3122236822674427
1999-01-10,1.4199435285584794
1999-01-11,1.7610594688075702
1999-01-12,2.249123980494992
1999-01-13,2.567918300249168
1999-01-14,2.6420335998746567
1999-01-15,2.6873098484324114
1999-01-16,2.754557589172247
1999-01-17,3.2828034597885885
1999-01-18,3.4584302766509647
1999-01-19,2.635700898916658
1999-01-20,2.0041678958376417
1999-01-21,1.5594424811153604
1999-01-22,1.240506131657317
1999-01-23,1.00858525446458
1999-01-24,0.8378504224842177
1999-01-25,0.7106986500149315
1999-01-26,0.6149833319019492
1999-01-27,0.5422044693282737
1999-01-28,0.48633709046183554
1999-01-29,0.4430599947702322
1999-01-30,0.443559895529083
1999-01-31,0.4640735736412173
1999-02-01,0.44880195652895916
1999-02-02,0.48763397058473323
1999-02-03,0.503099625674167
1999-02-04,0.510026830949389
1999-02-05,0.5814911684983489
1999-02-06,0.5717206061435777
1999-02-07,0.5082671532903723
1999-02-08,1.0008535793994155
1999-02-09,1.6747626045210877
1999-02-10,1.5867261685861873
1999-02-11,1.2955958026596381
1999-02-12,1.1981090835449169
1999-02-13,1.075430789765345
1999-02-14,0.8894343264998744
1999-02-15,0.9564472661778448
1999-02-16,0.9980374219668403
1999-02-17,0.9699037769047946
1999-02-18,1.2722405365440836
1999-02-19,1.5733453799221173
1999-02-20,1.6125656272159334
1999-02-21,1.4113842782994936
1999-02-22,1.4713257438925698
1999-02-23,1.4966534550291144
1999-02-24,1.3495858916550716
1999-02-25,1.3951326184285027
1999-02-26,1.3970707678929857
1999-02-27,1.2431933745186925
1999-02-28,1.019142122358675
1999-03-01,0.8540953596936176
1999-03-02,0.7310830080483992
1999-03-03,0.6381308650950593
1999-03-04,0.5673509080662298
1999-03-05,0.5129344670160026
1999-03-06,0.4707101321996266
1999-03-07,0.437651004756696
1999-03-08,0.41153865906390164
1999-03-09,0.3907321107484097
1999-03-10,0.37400705150614955
1999-03-11,0.3604427201843059
1999-03-12,0.3493414610202928
1999-03-13,0.3401709654394522
1999-03-14,0.332522421930742
1999-03-15,0.32607993284335385
1999-03-16,0.3205979851377709
1999-03-17,0.31588472862633066
1999-03-18,0.5518011769239978
1999-03-19,0.8751289451211478
1999-03-20,0.8332708201579192
1999-03-21,0.7121447807397564
1999-03-22,0.6207565391425434
1999-03-23,0.551150934833803
1999-03-24,0.4989153536806492
1999-03-25,0.5299310896740266
1999-03-26,0.5465546154048867
1999-03-27,0.5010177116625597
1999-03-28,0.5326108452079548
1999-03-29,0.5701865054577703
1999-03-30,0.5314078533642776
1999-03-31,0.48184489703839734
1999-04-01,0.44325961721433993
1999-04-02,0.4129723474479396
1999-04-03,0.3889915930872956
1999-04-04,0.36983974572635
1999-04-05,0.35441126210290963
1999-04-06,0.349431129984358
1999-04-07,0.4696838990128244
1999-04-08,0.7038705278919754
1999-04-09,0.752953918099328
1999-04-10,0.6551893088973656
1999-04-11,0.5755857436365394
1999-04-12,0.5145770122897465
1999-04-13,0.46746092313435544
1999-04-14,0.4307459463526723
1999-04-15,0.40188482077505455
1999-04-16,0.40267390001713593
1999-04-17,0.4075663676422734
1999-04-18,0.383205621184834
1999-04-19,0.36374714452291307
1999-04-20,0.3480920697291114
1999-04-21,0.3353867285519154
1999-04-22,0.3840675257278767
1999-04-23,0.4453381512758621
1999-04-24,0.4148333656947077
1999-04-25,0.4782420218001561
1999-04-26,0.6770952563156764
1999-04-27,0.778468392923577
1999-04-28,0.7099013275441631
1999-04-29,0.614985132731158
1999-04-30,0.5427826572337735
1999-05-01,0.4873612511780819
1999-05-02,0.4444301845247332
1999-05-03,0.4108796369342748
1999-05-04,0.3844328509363903
1999-05-05,0.3634073435012492
1999-05-06,0.34654897331567086
1999-05-07,0.3360018992646597
1999-05-08,0.32893925866569756
1999-05-09,0.3184169794455101
1999-05-10,0.3097255468199053
1999-05-11,0.32643020750348783
1999-05-12,0.3959455308671665
1999-05-13,0.4303269594123667
1999-05-14,0.6897236500663482
1999-05-15,0.9277354965396963
1999-05-16,0.8117731057248775
1999-05-17,0.6897677324552504
1999-05-18,0.5978221025989662
1999-05-19,0.5278552064260155
1999-05-20,0.4741056899125067
1999-05-21,0.43243848883935226
1999-05-22,0.39985342543533814
1999-05-23,0.3741518433254627
1999-05-24,0.35370747665692437
1999-05-25,0.33730704376265214
1999-05-26,0.3240380948158234
1999-05-27,0.3623070078450532
1999-05-28,0.5844962214030175
1999-05-29,0.824656912717332
1999-05-30,0.8237737721957982
1999-05-31,0.7273653651491246
1999-06-01,0.6425067271605801
1999-06-02,0.5611277651792294
1999-06-03,0.498925775357276
1999-06-04,0.4515238500834593
1999-06-05,0.4335618979637658
1999-06-06,0.4114709000374863
1999-06-07,0.3979000996157498
1999-06-08,0.3943529432945015
1999-06-09,0.3807842252589651
1999-06-10,0.3716984489930142
1999-06-11,0.4630273605024095
1999-06-12,0.5267261506174251
1999-06-13,0.4714565210276052
1999-06-14,0.5002130445219398
1999-06-15,0.5938421874774743
1999-06-16,0.6287821685047553
1999-06-17,0.7787997378946829
1999-06-18,0.9001758258403529
1999-06-19,0.8020404464361403
1999-06-20,0.6810705859076118
1999-06-21,0.5898723234730472
1999-06-22,0.5204621940278195
1999-06-23,0.5339393666516067
1999-06-24,1.0741436420677117
1999-06-25,1.4550090200246029
1999-06-26,1.183353054596043
1999-06-27,0.9654772162580572
1999-06-28,0.8567376033874581
1999-06-29,0.7779752246990678
1999-06-30,0.664962388275567
1999-07-01,0.5795226935594585
1999-07-02,0.5143249966076261
1999-07-03,0.46410651900547945
1999-07-04,0.42507759054291877
1999-07-05,0.3944803218854899
1999-07-06,0.37101157026429527
1999-07-07,0.3518855940542374
1999-07-08,0.3375964506485225
1999-07-09,0.32515974706615
1999-07-10,0.31443065036765244
1999-07-11,0.3055910008565734
1999-07-12,0.2982410515784547
1999-07-13,0.2920717978426558
1999-07-14,0.2868430005851459
1999-07-15,0.32477608690787174
1999-07-16,0.35443217142983047
1999-07-17,0.3365714508256899
1999-07-18,0.32425844892057726
1999-07-19,0.3130080663070144
1999-07-20,0.31301926629245047
1999-07-21,0.3122244523290638
1999-07-22,0.3019529309464434
1999-07-23,0.29347606213511873
1999-07-24,0.2864271977400109
1999-07-25,0.2805103685591617
1999-07-26,0.27549543003888033
1999-07-27,0.271202447344538
1999-07-28,0.26749001862762595
1999-07-29,0.2642464842818296
1999-07-30,0.26138326669270906
1999-07-31,0.2588297937119941
1999-08-01,0.2565296071698632
1999-08-02,0.25494584971198037
1999-08-03,0.25313867323954464
1999-08-04,0.2512628299370781
1999-08-05,0.25137654642131974
1999-08-06,0.26300460650890795
1999-08-07,0.3167646664689927
1999-08-08,0.3981353904690534
1999-08-09,0.4149336776586603
1999-08-10,0.40230559772841473
1999-08-11,0.39267052680462616
1999-08-12,0.36217507533849497
1999-08-13,0.33796105604171855
1999-08-14,0.3187080308798939
1999-08-15,0.3036139727718395
1999-08-16,0.2970909455421286
1999-08-17,0.2884749328704304
1999-08-18,0.2786199231121595
1999-08-19,0.27050160887961666
1999-08-20,0.2637591023850959
1999-08-21,0.2581078950203631
1999-08-22,0.25332658375953393
1999-08-23,0.24924194333381722
1999-08-24,0.2457177524508359
1999-08-25,0.24264637398634628
1999-08-26,0.33656044420939707
1999-08-27,0.4653664345094541
1999-08-28,0.49952378775364564
1999-08-29,0.4741340735659856
1999-08-30,0.42968662872958907
1999-08-31,0.4404724589520002
1999-09-01,0.4356405619855432
1999-09-02,0.3928864480607943
1999-09-03,0.3595697335884316
1999-09-04,0.3377522738695942
1999-09-05,0.3286619101448618
1999-09-06,0.31388351381282625
1999-09-07,0.2969748201010301
1999-09-08,0.2833620150112946
1999-09-09,0.27231826372613244
1999-09-10,0.26328364181446046
1999-09-11,0.2558292176594174
1999-09-12,0.2607761588726807
1999-09-13,0.2689451780410127
1999-09-14,0.27159538407889783
1999-09-15,0.3090845515652135
1999-09-16,0.3294561747187813
1999-09-17,0.31986534026040286
1999-09-18,0.3019072846610848
1999-09-19,0.3259659826720324
1999-09-20,0.5116086621934662
1999-09-21,0.6027316322856405
1999-09-22,0.5190803109418733
1999-09-23,0.4552131065815494
1999-09-24,0.4353974585716845
1999-09-25,0.4211946034558253
1999-09-26,0.3797350317747821
1999-09-27,0.3725882299179269
1999-09-28,0.36812950609246514
1999-09-29,0.3381613343154439
1999-09-30,0.3145023734488316
1999-10-01,0.29569017401294395
1999-10-02,0.28061244940937213
1999-10-03,0.2684311000954687
1999-10-04,0.25850995687487155
1999-10-05,0.27963879636249855
1999-10-06,0.30159246722025274
1999-10-07,0.28562794704045286
1999-10-08,0.27187080686601944
1999-10-09,0.2607198630912981
1999-10-10,0.31998065568950973
1999-10-11,0.3709014370379305
1999-10-12,0.34760898692785513
1999-10-13,0.32570984865558283
1999-10-14,0.3032220093533791
1999-10-15,0.28530831823053054
1999-10-16,0.2709314756886059
1999-10-17,0.28084149426853106
1999-10-18,0.2916643222862743
1999-10-19,0.27570598899825344
1999-10-20,0.3006584057021034
1999-10-21,0.4108409014866207
1999-10-22,0.4722779119772938
1999-10-23,0.5620337749004248
1999-10-24,0.5985599824514148
1999-10-25,0.5133388484486298
1999-10-26,0.4483589638069933
1999-10-27,0.3984143168814007
1999-10-28,0.3596906891181035
1999-10-29,0.3294154987111236
1999-10-30,0.3055532668789454
1999-10-31,0.28659588306490785
1999-11-01,0.27141641235695757
1999-11-02,0.25916605108776275
1999-11-03,0.24920073779535026
1999-11-04,0.2410283764316257
1999-11-05,0.23427053746760876
1999-11-06,0.4192692743708346
1999-11-07,0.6758857515702489
1999-11-08,0.966395766221492
1999-11-09,1.3235385902716883
1999-11-10,1.271273673451532
1999-11-11,1.0683876070898342
1999-11-12,0.9212147058271821
1999-11-13,0.8226262168177855
1999-11-14,0.9326138891290398
1999-11-15,1.0694458969086627
1999-11-16,1.0446016452030973
1999-11-17,0.8950322229207953
1999-11-18,0.7754534988154403
1999-11-19,1.033090397973296
1999-11-20,1.1629284057754017
1999-11-21,0.9385432064185427
1999-11-22,0.7731557083602545
1999-11-23,0.6499630951609008
1999-11-24,0.5572239530158501
1999-11-25,0.5850378435630066
1999-11-26,0.9729717062436946
1999-11-27,1.1432603690230516
1999-11-28,0.9258243978555002
1999-11-29,0.7653458962242771
1999-11-30,0.6456709719612334
1999-12-01,0.5554803796906651
1999-12-02,0.5886981985198505
1999-12-03,0.6137120175944274
1999-12-04,0.5314670190127272
1999-12-05,0.468631198174092
1999-12-06,0.4202169199884294
1999-12-07,0.38258769642098245
1999-12-08,0.35309371834454767
1999-12-09,0.32978537778725026
1999-12-10,0.3112153217275009
1999-12-11,0.31134876868644323
1999-12-12,0.4072807715852056
1999-12-13,0.4579621801140721
1999-12-14,0.4113474539682154
1999-12-15,0.43471118971128325
1999-12-16,1.0753402206362284
1999-12-17,1.6133452011117901
1999-12-18,1.3669567811356134
1999-12-19,1.0911248727313192
1999-12-20,0.9648119966666449
1999-12-21,0.8721337557281778
1999-12-22,0.7277924940828556
1999-12-23,0.6196812835506339
1999-12-24,0.5435165388144677
1999-12-25,0.48934782423269624
1999-12-26,0.4380223363487534
1999-12-27,0.3981928778904433
1999-12-28,0.3670262690423424
1999-12-29,0.3729136203347263
1999-12-30,0.3817855084822275
1999-12-31,0.353870017379549
2000-01-01,0.33174509131491997
2000-01-02,0.3140796597811087
2000-01-03,0.2998588002622444
2000-01-04,0.28831566180885654
2000-01-05,0.47133333371365627
2000-01-06,0.6257769195621457
2000-01-07,0.7024382161047326
2000-01-08,1.1582582143048978
2000-01-09,2.0734176793818766
2000-01-10,2.5926514818297672
2000-01-11,2.3510325121662805
2000-01-12,2.5632048725278667
2000-01-13,2.8702508940272566
2000-01-14,2.6649989264119216
2000-01-15,2.3693410314127927
2000-01-16,2.1706340344486263
2000-01-17,2.3497680357218513
2000-01-18,2.299619054287335
2000-01-19,1.8947165422192371
2000-01-20,1.5815182924657538
2000-01-21,1.3312933824511566
2000-01-22,1.1196078838424828
2000-01-23,0.9242988172469929
2000-01-24,0.7795941714184202
2000-01-25,0.671177603092782
2000-01-26,0.5890970437795806
2000-01-27,0.5263407038374727
2000-01-28,0.4779072458990499
2000-01-29,0.44018878952075324
2000-01-30,0.49399592499018047
2000-01-31,0.5388363591483563
2000-02-01,0.48710733421209734
2000-02-02,0.44692026932867573
2000-02-03,0.4154226960800406
2000-02-04,0.39052051945362837
2000-02-05,0.37066229966704795
2000-02-06,0.35468884458178845
2000-02-07,1.2513699196084653
2000-02-08,2.449937610591163
2000-02-09,2.7064064459692454
2000-02-10,2.4630986800303396
2000-02-11,2.082094189347311
2000-02-12,1.8266319666722304
2000-02-13,1.4546835993508307
2000-02-14,1.1743995385323338
2000-02-15,1.024853340048345
2000-02-16,1.0537850633091883
2000-02-17,1.1653804747530516
2000-02-18,1.0861600425426043
2000-02-19,0.9318296052891473
2000-02-20,0.7976457604065579
2000-02-21,0.6898533518518845
2000-02-22,0.6082919988921286
2000-02-23,0.6560091347709437
2000-02-24,0.6944951278700527
2000-02-25,0.6211127651274014
2000-02-26,0.567645440813837
2000-02-27,0.5146197259105233
2000-02-28,0.5044365527261023
2000-02-29,0.8526689120769569
2000-03-01,1.1225057392974176
2000-03-02,1.087169951564152
2000-03-03,1.3789429944329532
2000-03-04,1.9273050877558175
2000-03-05,2.0659658682900424
2000-03-06,1.7743341817917564
2000-03-07,1.4501812614438248
2000-03-08,1.1827426446801688
2000-03-09,0.9805803739996274
2000-03-10,0.8309236787306618
2000-03-11,0.7188732783758481
2000-03-12,0.6340854596862812
2000-03-13,0.569281349817033
2000-03-14,0.5192749636803781
2000-03-15,0.48032914747221733
2000-03-16,0.4497224093699332
2000-03-17,0.43946649882608163
2000-03-18,0.5399369247409463
2000-03-19,0.622528167755842
2000-03-20,0.5679932990626361
2000-03-21,0.5287686407431349
2000-03-22,0.5338680179608846
2000-03-23,0.5903671362294737
2000-03-24,0.6725556741110178
2000-03-25,0.6589461080111839
2000-03-26,0.701133135689107
2000-03-27,1.262657852601661
2000-03-28,2.11942078018023
2000-03-29,2.2192022354196568
2000-03-30,1.7733279447299004
2000-03-31,1.4138437971566793
2000-04-01,1.1843765593768625
2000-04-02,1.1669498736108601
2000-04-03,1.1151367957075224
2000-04-04,0.9379007885077911
2000-04-05,0.801500197017289
2000-04-06,0.6986862857851883
2000-04-07,0.6206455170193343
2000-04-08,0.5608186068729698
2000-04-09,0.7432857614545019
2000-04-10,0.9137481076472493
2000-04-11,0.7901623392411715
2000-04-12,0.6900799056884699
2000-04-13,0.6138624788114255
2000-04-14,0.5553908600692381
2000-04-15,0.5101057369025129
2000-04-16,0.4747088825227102
2000-04-17,0.5501662797143099
2000-04-18,0.6550686893800352
2000-04-19,0.6039894243868277
2000-04-20,0.546966116042123
2000-04-21,0.5294663131281453
2000-04-22,0.5308040705136373
2000-04-23,0.4927322070884976
2000-04-24,0.5418041538622979
2000-04-25,0.6656999217708973
2000-04-26,0.7056955027739144
2000-04-27,0.6415489264313632
2000-04-28,0.5748631921616724
2000-04-29,0.5234587784767863
2000-04-30,0.5806985368192682
2000-05-01,0.634501615968141
2000-05-02,0.5690834172101836
2000-05-03,0.6501501065096432
2000-05-04,0.7462200198624434
2000-05-05,0.669176655307921
2000-05-06,0.5953444891469223
2000-05-07,0.5386378798812189
2000-05-08,0.4946888968851327
2000-05-09,0.4742587428358287
2000-05-10,0.5050309282755437
2000-05-11,0.5471554461553502
2000-05-12,0.5272986623209255
2000-05-13,0.4851659087056936
2000-05-14,0.45214076597312186
2000-05-15,0.4260446965419528
2000-05-16,0.40524014789506446
2000-05-17,0.38850563451109044
2000-05-18,0.37492268766085984
2000-05-19,0.36379549891704294
2000-05-20,0.3708667814583286
2000-05-21,0.41848967315054825
2000-05-22,0.4364646531392324
2000-05-23,0.41320092820790205
2000-05-24,0.46766845369931415
2000-05-25,0.5470564494340703
2000-05-26,0.5217690451185052
2000-05-27,0.47809546117291185
2000-05-28,0.48457201202481176
2000-05-29,0.4892152659005699
2000-05-30,0.4587674838949922
2000-05-31,0.4420266362425036
2000-06-01,0.532790340008655
2000-06-02,0.7586995682620644
2000-06-03,0.9515303317116329
2000-06-04,0.9656231794441007
2000-06-05,0.8449375511826781
2000-06-06,0.7830546436997011
2000-06-07,0.8189161164494897
2000-06-08,0.872094724370831
2000-06-09,0.8053767599196014
2000-06-10,0.6945073095633956
2000-06-11,0.6106025045104254
2000-06-12,0.5465094867071641
2000-06-13,0.49708208455743796
2000-06-14,0.45861357757104065
2000-06-15,0.42840568037446936
2000-06-16,0.4044749065147039
2000-06-17,0.5470675507795951
2000-06-18,0.6726897734087408
2000-06-19,0.6056857696570934
2000-06-20,0.5557491788208625
2000-06-21,0.5353733175904304
2000-06-22,0.5082504572783783
2000-06-23,0.46637460113297763
2000-06-24,0.4335688582233838
2000-06-25,0.40766398760288
2000-06-26,0.3870290884834319
2000-06-27,0.370447623889181
2000-06-28,0.35700483250369136
2000-06-29,0.3530966228767421
2000-06-30,0.3500691324787997
2000-07-01,0.3404949968413886
2000-07-02,0.34134895289497047
2000-07-03,0.33922805851737586
2000-07-04,0.330652790919625
2000-07-05,0.3242920643227486
2000-07-06,0.31841416328369576
2000-07-07,0.3130768044050766
2000-07-08,0.3084907436469857
2000-07-09,0.30450874682863227
2000-07-10,0.301014590540908
2000-07-11,0.3388810833996938
2000-07-12,0.3824931607294914
2000-07-13,0.366320081312316
2000-07-14,0.3502407632677018
2000-07-15,0.3372209775003074
2000-07-16,0.3515384361923755
2000-07-17,0.3672923532099288
2000-07-18,0.35142888909260717
2000-07-19,0.3374799608785846
2000-07-20,0.32612453794225493
2000-07-21,0.3167971147135468
2000-07-22,0.30906336487574276
2000-07-23,0.30388950826550953
2000-07-24,0.30432728268387094
2000-07-25,0.3007047014406805
2000-07-26,0.41510550771262017
2000-07-27,0.5633046510511834
2000-07-28,0.5448372337415986
2000-07-29,0.49703747632745876
2000-07-30,0.4729521683764908
2000-07-31,0.43611354496668026
2000-08-01,0.402520209226392
2000-08-02,0.3760678172517174
2000-08-03,0.35506766698445574
2000-08-04,0.3382534369937455
2000-08-05,0.3246749637385213
2000-08-06,0.31361381704216384
2000-08-07,0.30452287882452533
2000-08-08,0.2969826922518932
2000-08-09,0.29066964806644763
2000-08-10,0.28533260622386036
2000-08-11,0.2807755827412347
2000-08-12,0.27684483448924596
2000-08-13,0.2789582680134593
2000-08-14,0.28705260197299703
2000-08-15,0.2857361109189114
2000-08-16,0.28021524410555293
2000-08-17,0.27551302064036437
2000-08-18,0.27147313228980535
2000-08-19,0.26796639898695995
2000-08-20,0.26489071422335325
2000-08-21,0.26216500333537734
2000-08-22,0.2597246137901175
2000-08-23,0.25751777804657855
2000-08-24,0.2705885557023804
2000-08-25,0.27966098439113335
2000-08-26,0.2752331632206521
2000-08-27,0.2723738806359296
2000-08-28,0.26735588682830075
2000-08-29,0.28723922364437576
2000-08-30,0.29848452711112605
2000-08-31,0.2899638145301475
2000-09-01,0.2834518486834641
2000-09-02,0.32335985515782056
2000-09-03,0.3829110452322985
2000-09-04,0.48079561659207243
2000-09-05,0.5148743755120585
2000-09-06,0.4572453831641008
2000-09-07,0.41213510667234576
2000-09-08,0.37703908934153846
2000-09-09,0.3495000052298863
2000-09-10,0.32770951597974785
2000-09-11,0.31032476528454955
2000-09-12,0.2963401424536213
2000-09-13,0.28499667292616954
2000-09-14,0.2757173336987546
2000-09-15,0.2680604312830459
2000-09-16,0.2616856959448663
2000-09-17,0.256329415986348
2000-09-18,0.2517860575594806
2000-09-19,0.283456895130195
2000-09-20,0.47883604349305736
2000-09-21,0.588426605465154
2000-09-22,0.5110499447177218
2000-09-23,0.4539445730882066
2000-09-24,0.42131011081953695
2000-09-25,0.3895849176841191
2000-09-26,0.3576292421444511
2000-09-27,0.3324579241673782
2000-09-28,0.5885345595103294
2000-09-29,0.7996775159127391
2000-09-30,0.6706361428218958
2000-10-01,0.6307351768321372
2000-10-02,1.03200199097179
2000-10-03,1.2674478898108401
2000-10-04,1.1198269552790656
2000-10-05,0.9871522512845171
2000-10-06,0.9277501070020397
2000-10-07,0.9485663393359514
2000-10-08,0.8400847342450738
2000-10-09,0.9899266431853458
2000-10-10,1.1523451837456433
2000-10-11,0.9885776300751186
2000-10-12,0.8153114662646991
2000-10-13,0.686419481414104
2000-10-14,0.5895280166390612
2000-10-15,0.5159568603335073
2000-10-16,0.46261347507178247
2000-10-17,0.7330303413677673
2000-10-18,0.9245504205263915
2000-10-19,0.7988798305001182
2000-10-20,0.8436233028298626
2000-10-21,0.8237562351349702
2000-10-22,0.6940415836092825
2000-10-23,0.5964758502409261
2000-10-24,0.5223982473654959
2000-10-25,0.5072357410819411
2000-10-26,0.4992880123327843
2000-10-27,0.4478037549798739
2000-10-28,0.40782536225792376
2000-10-29,0.4767046893991533
2000-10-30,0.6205032183045821
2000-10-31,0.6184494328117126
2000-11-01,0.539026231095502
2000-11-02,0.47825924725731944
2000-11-03,0.486165751234044
2000-11-04,0.5176084099076006
2000-11-05,0.4787050990020478
2000-11-06,0.8864430744998354
2000-11-07,1.3183004164169463
2000-11-08,1.2288614347375224
2000-11-09,1.0511693880467694
2000-11-10,0.864689842834545
2000-11-11,0.7263205975126629
2000-11-12,0.6225385988078515
2000-11-13,0.543898387468221
2000-11-14,0.48373317392409304
2000-11-15,0.43727985125882474
2000-11-16,0.40109715692858544
2000-11-17,0.3726730757874516
2000-11-18,0.8597621740991594
2000-11-19,1.2619831986008505
2000-11-20,1.0206703935795707
2000-11-21,0.8431112774869246
2000-11-22,0.7111432495965656
2000-11-23,0.6119901046120841
2000-11-24,0.5367334413889148
2000-11-25,0.47906578356448576
2000-11-26,0.7085610578689767
2000-11-27,1.2010993151809095
2000-11-28,1.2679421535923372
2000-11-29,1.0266860331025776
2000-11-30,0.8491801233079869
2000-12-01,0.7172438838886745
2000-12-02,0.618106821269336
2000-12-03,0.542854676201536
2000-12-04,0.48518298662495535
2000-12-05,0.4405792103427277
2000-12-06,0.40577756713858654
2000-12-07,0.6332217561564376
2000-12-08,0.8323710536967077
2000-12-09,0.865384186133869
2000-12-10,0.7898314752782513
2000-12-11,0.6760463055815275
2000-12-12,0.5872240354431626
2000-12-13,0.5195413874429852
2000-12-14,0.46748027404570625
2000-12-15,0.42707342840352874
2000-12-16,0.39543790670469176
2000-12-17,0.3704579339325626
2000-12-18,0.6002598560565524
2000-12-19,1.2693257395239121
2000-12-20,1.5294532079538528
2000-12-21,1.255732570625926
2000-12-22,1.0197073821303657
2000-12-23,1.1457512296648227
2000-12-24,1.401926252517008
2000-12-25,1.3733808908054366
2000-12-26,1.5024364549147033
2000-12-27,1.5772503677133498
2000-12-28,1.575346115158905
2000-12-29,1.8536449210153794
2000-12-30,2.433601895806868
2000-12-31,2.5236669606482898
2001-01-01,1.9357786955630936
2001-01-02,1.9901106021600306
2001-01-03,1.8736690808671108
2001-01-04,1.4769196649999408
2001-01-05,1.190929640978196
2001-01-06,0.9820846619386444
2001-01-07,1.0608114397133626
2001-01-08,1.1814220923215777
2001-01-09,1.1298455441380066
2001-01-10,1.0221265747514032
2001-01-11,0.8585210156978528
2001-01-12,0.736430819465693
2001-01-13,0.6443615655389807
2001-01-14,0.5742235191468291
2001-01-15,0.5202749387788911
2001-01-16,0.4783926334446507
2001-01-17,0.44558364082978646
2001-01-18,0.4196536910412367
2001-01-19,0.44486235994496903
2001-01-20,0.8586072942129778
2001-01-21,1.4174094410438924
2001-01-22,2.009958615494669
2001-01-23,2.3732109929067438
2001-01-24,2.06722136189723
2001-01-25,1.6339850298598166
2001-01-26,1.3094491209644838
2001-01-27,1.0736617057666695
2001-01-28,0.9001547158561708
2001-01-29,0.852286773903071
2001-01-30,0.7989872634919961
2001-01-31,0.8988300656690776
2001-02-01,0.9686722307743172
2001-02-02,0.9155675306290992
2001-02-03,0.9273132472070351
2001-02-04,0.834933992867775
2001-02-05,0.8031859186851548
2001-02-06,0.7898031384368028
2001-02-07,0.7390387722036142
2001-02-08,1.1673676734474248
2001-02-09,1.776347638982836
2001-02-10,1.6948702230820822
2001-02-11,1.3565950946293748
2001-02-12,1.1112467239049357
2001-02-13,0.9309819361908489
2001-02-14,1.4391617337342069
2001-02-15,1.71539090260395
2001-02-16,1.5081415171062755
2001-02-17,1.266984681031639
2001-02-18,1.0910461894261971
2001-02-19,0.91820135190467
2001-02-20,0.7894344851018329
2001-02-21,0.8278388776547133
2001-02-22,0.853885308598771
2001-02-23,1.2834531583281448
2001-02-24,2.257004145086929
2001-02-25,3.980964470507416
2001-02-26,5.559296160190961
2001-02-27,4.5162291246572845
2001-02-28,2.96727012706441
2001-03-01,2.341605757350605
2001-03-02,2.040704911781259
2001-03-03,1.9066691228881012
2001-03-04,1.759953695656752
2001-03-05,1.5061292033524156
2001-03-06,1.247755055672159
2001-03-07,1.1282983603587302
2001-03-08,1.1536473053390457
2001-03-09,1.0685868936738772
2001-03-10,0.9130475616532862
2001-03-11,0.796615305273895
2001-03-12,0.7085477343513852
2001-03-13,0.6412450915777373
2001-03-14,0.7417676166748169
2001-03-15,0.8241212033542751
2001-03-16,0.7289392428380719
2001-03-17,0.6563379869541207
2001-03-18,0.6004692243045416
2001-03-19,0.6409834588764276
2001-03-20,0.6713174154452425
2001-03-21,0.611521328815358
2001-03-22,0.5651261978052323
2001-03-23,0.5288278853906089
2001-03-24,0.5661927630531598
2001-03-25,0.6300683981996256
2001-03-26,0.6646974260696766
2001-03-27,0.67604358108442
2001-03-28,0.6259264405944126
2001-03-29,0.5831353122675457
2001-03-30,0.5447337042584144
2001-03-31,0.5114016629271333
2001-04-01,0.48500110451795647
2001-04-02,0.4638949685135718
2001-04-03,0.44686192260259744
2001-04-04,0.45321857071492316
2001-04-05,0.45424527723412583
2001-04-06,0.4383857707842564
2001-04-07,0.42540689288448047
2001-04-08,0.4146952449836194
2001-04-09,0.4057644978498492
2001-04-10,0.39824039093916
2001-04-11,0.39183316924059075
2001-04-12,0.3863172288160066
2001-04-13,0.3834993553174952
2001-04-14,0.49153356950108257
2001-04-15,0.6142200421495007
2001-04-16,0.5836946483356463
2001-04-17,0.5374576656824858
2001-04-18,0.5177465136809648
2001-04-19,0.5080187941565983
2001-04-20,0.4773850426464527
2001-04-21,0.4530543485158622
2001-04-22,0.43357112117203633
2001-04-23,0.4201458993057349
2001-04-24,0.41941325256758977
2001-04-25,0.40907868839332684
2001-04-26,0.39747721905796224
2001-04-27,0.387867602623895
2001-04-28,0.453651188458694
2001-04-29,0.5596725927039722
2001-04-30,0.5994714872622974
2001-05-01,0.5959474045152818
2001-05-02,0.5444095958089825
2001-05-03,0.5028416180199751
2001-05-04,0.503314906119768
2001-05-05,0.5094853756866516
2001-05-06,0.475124715359355
2001-05-07,0.4479748851156804
2001-05-08,0.4292089806272748
2001-05-09,0.4199121922350521
2001-05-10,0.4053250877886239
2001-05-11,0.39175025076734377
2001-05-12,0.38061563774011836
2001-05-13,0.37139375340146624
2001-05-14,0.3636795662224432
2001-05-15,0.35716015380000005
2001-05-16,0.35159235092884683
2001-05-17,0.34678616523609196
2001-05-18,0.34623459142909147
2001-05-19,0.34381452635981385
2001-05-20,0.3644677569941384
2001-05-21,0.39409277285342487
2001-05-22,0.421141828029393
2001-05-23,0.44158371863697554
2001-05-24,0.4310667422754959
2001-05-25,0.4350747423140229
2001-05-26,0.4368303848149299
2001-05-27,0.41435745867311097
2001-05-28,0.39505223017868013
2001-05-29,0.37949257987334534
2001-05-30,0.3771007545389056
2001-05-31,0.39825864632786195
2001-06-01,0.47959323972484924
2001-06-02,0.6207708245270438
2001-06-03,0.7662681736370588
2001-06-04,0.8032678067348863
2001-06-05,0.7709891956553272
2001-06-06,0.7192043507273059
2001-06-07,0.6313106658136061
2001-06-08,0.562703344665619
2001-06-09,0.5099354388232857
2001-06-10,0.5298325067117492
2001-06-11,0.6216472716934182
2001-06-12,0.6341023449524325
2001-06-13,0.5670118883643961
2001-06-14,0.5128897929423396
2001-06-15,0.4709101446097508
2001-06-16,0.43805482820189817
2001-06-17,0.4121126998708111
2001-06-18,0.39144897551870544
2001-06-19,0.3748444981789058
2001-06-20,0.37400215138840937
2001-06-21,0.3720569221116426
2001-06-22,0.35877490066083045
2001-06-23,0.3478855980106164
2001-06-24,0.33889162241126985
2001-06-25,0.33139157544439724
2001-06-26,0.32507531680386775
2001-06-27,0.31970182413996234
2001-06-28,0.3150827647714506
2001-06-29,0.31107021823771336
2001-06-30,0.31069541927931477
2001-07-01,0.33438138464519174
2001-07-02,0.35455314960733847
2001-07-03,0.343356277739274
2001-07-04,0.3330841454429274
2001-07-05,0.3520344411075351
2001-07-06,0.5693547166784471
2001-07-07,0.7000907447095904
2001-07-08,0.6109490116828985
2001-07-09,0.5538095874082503
2001-07-10,0.5332221525701957
2001-07-11,0.6071419554379267
2001-07-12,0.6440895625714976
2001-07-13,0.6222266114461431
2001-07-14,0.9705948541171264
2001-07-15,1.1914422732288357
2001-07-16,0.9763915417782226
2001-07-17,0.821196350675895
2001-07-18,0.7030750428448406
2001-07-19,0.6126541346959699
2001-07-20,0.5449267384154903
2001-07-21,0.4921278108137073
2001-07-22,0.4507588590988272
2001-07-23,0.41837962139032764
2001-07-24,0.39281617497466165
2001-07-25,0.3724599250469503
2001-07-26,0.35611034505928846
2001-07-27,0.3466327097084936
2001-07-28,0.3429284237172962
2001-07-29,0.33295161231557635
2001-07-30,0.32366968310259053
2001-07-31,0.31595842804563024
2001-08-01,0.3196429573208029
2001-08-02,0.33702157529620164
2001-08-03,0.35507756677297536
2001-08-04,0.3532208041515868
2001-08-05,0.3388530054512307
2001-08-06,0.32714910426612565
2001-08-07,0.3175425892327079
2001-08-08,0.3395450693214064
2001-08-09,0.3585652387893028
2001-08-10,0.36410506577987783
2001-08-11,0.3675726310221686
2001-08-12,0.34906151147441605
2001-08-13,0.3341493205993888
2001-08-14,0.32629582709673144
2001-08-15,0.3202188883303268
2001-08-16,0.3724823689409485
2001-08-17,0.47965284200431196
2001-08-18,0.49673074111617205
2001-08-19,0.5611380419597224
2001-08-20,0.6384828361547548
2001-08-21,0.5899051653698288
2001-08-22,0.5208017058670876
2001-08-23,0.46771006720404157
2001-08-24,0.42656934775355443
2001-08-25,0.45766116014357844
2001-08-26,0.48116190564321437
2001-08-27,0.4368180623109072
2001-08-28,0.46941837421429294
2001-08-29,0.49532434664170455
2001-08-30,0.4700991689293985
2001-08-31,0.5240444088952735
2001-09-01,0.557370474953924
2001-09-02,0.5139785036222283
2001-09-03,0.46257935441879267
2001-09-04,0.42196856570234237
2001-09-05,0.420119929671428
2001-09-06,0.43552604015052787
2001-09-07,0.41107278324539237
2001-09-08,0.38138889479217714
2001-09-09,0.3579051880843951
2001-09-10,0.4979739409111084
2001-09-11,0.6097488564516361
2001-09-12,0.5838177181237907
2001-09-13,0.718710078032879
2001-09-14,0.9336602060647426
2001-09-15,0.9596771363154478
2001-09-16,0.8388291021361028
2001-09-17,0.7224476458275504
2001-09-18,0.6241219173651994
2001-09-19,0.5482163611859979
2001-09-20,0.5082085532589861
2001-09-21,0.5298744396286005
2001-09-22,0.5188683183631301
2001-09-23,0.5665401550530238
2001-09-24,0.650122506350529
2001-09-25,0.6077788667361578
2001-09-26,0.534177515736118
2001-09-27,0.4775597318439569
2001-09-28,0.43376648767714937
2001-09-29,0.3995940499384964
2001-09-30,0.37269996404882244
2001-10-01,0.3759924417996366
2001-10-02,0.4130640497173979
2001-10-03,0.40982220127929136
2001-10-04,0.383012277757714
2001-10-05,0.804449961124129
2001-10-06,1.1867348102210398
2001-10-07,0.9883803683381521
2001-10-08,0.8195951517705815
2001-10-09,0.6939927663225464
2001-10-10,0.5995241250097093
2001-10-11,0.5277476748667659
2001-10-12,0.4797789878231759
2001-10-13,0.5832814547300205
2001-10-14,0.78089733393753
2001-10-15,0.8122136245202211
2001-10-16,0.851548204314294
2001-10-17,0.887584388662192
2001-10-18,0.7800665862455446
2001-10-19,0.7152344838176968
2001-10-20,0.6684030616070801
2001-10-21,0.5812412369739587
2001-10-22,0.5147622851823872
2001-10-23,0.4636088158539004
2001-10-24,0.4238928804022603
2001-10-25,0.39278815846237225
2001-10-26,0.36821969965156587
2001-10-27,0.37482214463774555
2001-10-28,0.40152684641492753
2001-10-29,0.3948878010909747
2001-10-30,0.37244811241958997
2001-10-31,0.351525633493919
2001-11-01,0.3347397662379111
2001-11-02,0.32117984717582565
2001-11-03,0.3101317731802993
2001-11-04,0.30105113499100966
2001-11-05,0.29352014476380645
2001-11-06,0.28721619467941417
2001-11-07,0.3045897811366857
2001-11-08,0.3251083104633641
2001-11-09,0.3122481014410468
2001-11-10,0.301738802342063
2001-11-11,0.31746398704898793
2001-11-12,0.3362730433248855
2001-11-13,0.9685263011933142
2001-11-14,1.5092771488759604
2001-11-15,1.1999666997980412
2001-11-16,0.9746417307861068
2001-11-17,0.8086918025698145
2001-11-18,0.6850555633668152
2001-11-19,0.6463604349347384
2001-11-20,0.8119278884130506
2001-11-21,0.8604331987682864
2001-11-22,0.926110572763004
2001-11-23,0.9673116027311986
2001-11-24,0.8048332830473192
2001-11-25,0.6939978658612037
2001-11-26,0.930938385688608
2001-11-27,1.169690789448687
2001-11-28,1.1029831957034213
2001-11-29,0.9616488660282799
2001-11-30,0.801971489690359
2001-12-01,0.7179857484253028
2001-12-02,0.9164106410475189
2001-12-03,1.1494403473910706
2001-12-04,1.0676025878814113
2001-12-05,0.8817378936395494
2001-12-06,0.7437717132206981
2001-12-07,0.8601449800464339
2001-12-08,1.2809915857072658
2001-12-09,1.2594998494277811
2001-12-10,1.199671661694796
2001-12-11,1.352207138858024
2001-12-12,1.554782952215182
2001-12-13,1.6068905517120384
2001-12-14,1.6788581802700089
2001-12-15,2.476841233025299
2001-12-16,3.475812865781006
2001-12-17,3.6389119290505865
2001-12-18,3.1046109736660994
2001-12-19,3.2119320159869846
2001-12-20,3.042199199121331
2001-12-21,2.2805192388621984
2001-12-22,1.8625764297344134
2001-12-23,1.6894497476485453
2001-12-24,1.4846288177571978
2001-12-25,1.2509542988271016
2001-12-26,1.0397869697550501
2001-12-27,0.8776445353287818
2001-12-28,1.8487073521239141
2001-12-29,3.006477711658022
2001-12-30,2.911075526978369
2001-12-31,2.4281915275043255
2002-01-01,2.026721473252184
2002-01-02,1.7378742135401046
2002-01-03,1.8514735034311753
2002-01-04,2.5047999645119385
2002-01-05,2.60319419069634
2002-01-06,2.1105986604443907
2002-01-07,1.664561154056006
2002-01-08,2.5353306396219866
2002-01-09,3.285876290920522
2002-01-10,3.0559317048028856
2002-01-11,3.265437698513752
2002-01-12,3.7663691375348667
2002-01-13,5.672121598265972
2002-01-14,7.565412541847639
2002-01-15,7.435947104675949
2002-01-16,5.820678865203753
2002-01-17,3.818409596199849
2002-01-18,3.6544232416548748
2002-01-19,3.7791692281795712
2002-01-20,3.9077463445712506
2002-01-21,3.5590153030762015
2002-01-22,2.6161876695699013
2002-01-23,2.698915812030833
2002-01-24,2.723994424157407
2002-01-25,2.209335007924349
2002-01-26,1.8996452639860968
2002-01-27,2.5730448343117254
2002-01-28,3.3210749577322147
2002-01-29,3.1332477425846865
2002-01-30,2.6736478089071674
2002-01-31,2.098332644533178
2002-02-01,1.6898925896105903
2002-02-02,1.3956069382302125
2002-02-03,1.5243046272673837
2002-02-04,1.6065758347715338
2002-02-05,1.3356333804220117
2002-02-06,1.136927024322402
2002-02-07,0.9894828792401498
2002-02-08,1.0572310249939152
2002-02-09,1.156020835341176
2002-02-10,1.0450049587350538
2002-02-11,0.9202887272676209
2002-02-12,0.8260454555327469
2002-02-13,0.7540791974349167
2002-02-14,0.6985512647150663
2002-02-15,0.6552710022017618
2002-02-16,0.6211979245628368
2002-02-17,0.5941039061737144
2002-02-18,0.5723409641786873
2002-02-19,0.5546796907585384
2002-02-20,0.6115693097784584
2002-02-21,0.6648465382485533
2002-02-22,0.6264899256149591
2002-02-23,0.5961185408685373
2002-02-24,0.5718618512825548
2002-02-25,0.5522923989389382
2002-02-26,0.5363411107769124
2002-02-27,0.6011897802459449
2002-02-28,0.6564011364350113
2002-03-01,0.6857038037470272
2002-03-02,1.023162445339312
2002-03-03,1.5341143060964963
2002-03-04,1.7755459965402236
2002-03-05,1.6772658843154098
2002-03-06,1.4241888633513335
2002-03-07,1.2397570303424794
2002-03-08,1.10649232913097
2002-03-09,0.9601953143000461
2002-03-10,0.850356573275734
2002-03-11,0.7670082227989586
2002-03-12,0.71472232946358
2002-03-13,0.7123283453078836
2002-03-14,0.6867402089035481
2002-03-15,0.6404426288105348
2002-03-16,0.6041053919684155
2002-03-17,0.5753232432717791
2002-03-18,0.5522998345716768
2002-03-19,0.5336981635411864
2002-03-20,0.518514979057555
2002-03-21,0.5059917290915138
2002-03-22,0.4955507907892323
2002-03-23,0.4867493805313914
2002-03-24,0.8004575003297841
2002-03-25,1.1635229995539198
2002-03-26,1.1221371320811535
2002-03-27,1.1126629413388354
2002-03-28,1.2417980551466659
2002-03-29,2.1881745701156587
2002-03-30,2.847060552739537
2002-03-31,2.4106488332850473
2002-04-01,1.9495667045087022
2002-04-02,1.589423841663816
2002-04-03,1.3138798213404
2002-04-04,1.1121205495314035
2002-04-05,0.9625593292864072
2002-04-06,1.4673730945423948
2002-04-07,2.063176145172888
2002-04-08,1.8281485540790268
2002-04-09,1.4883230210791438
2002-04-10,1.2415931614544922
2002-04-11,1.0601614511444555
2002-04-12,0.9251140487566613
2002-04-13,0.8234411719772581
2002-04-14,0.7460648196003395
2002-04-15,0.6865670036183052
2002-04-16,0.640355511797027
2002-04-17,0.6041080214447633
2002-04-18,0.5753963090280118
2002-04-19,0.5719662043609357
2002-04-20,0.5760958854666763
2002-04-21,0.5523471423376408
2002-04-22,0.5331704552891668
2002-04-23,0.5175483709732032
2002-04-24,0.5414023796382079
2002-04-25,0.6270358101718532
2002-04-26,0.7053681342782746
2002-04-27,0.7018357139548049
2002-04-28,0.6481501115252858
2002-04-29,0.6116438587249614
2002-04-30,0.5931247942801634
2002-05-01,0.5653043008888304
2002-05-02,0.5405703623037976
2002-05-03,0.5206836610774266
2002-05-04,0.5045335971137502
2002-05-05,0.5028252773730744
2002-05-06,0.5033554294813508
2002-05-07,0.4897148413036116
2002-05-08,0.47840974394950814
2002-05-09,0.4689548727109944
2002-05-10,0.47025510203574994
2002-05-11,0.5837260498862041
2002-05-12,0.8631893729010945
2002-05-13,1.0094693846845704
2002-05-14,0.9261559822207643
2002-05-15,1.0180968107090551
2002-05-16,1.082569826864073
2002-05-17,0.9323538735090385
2002-05-18,0.8182836326181637
2002-05-19,0.7319630663174438
2002-05-20,0.6659560429870027
2002-05-21,0.6149733991770233
2002-05-22,0.5752092632062696
2002-05-23,0.543895737529
2002-05-24,0.5189998976379371
2002-05-25,0.49901495249001493
2002-05-26,0.4828145775113018
2002-05-27,0.46955017942135013
2002-05-28,0.4585776888511097
2002-05-29,0.4494048896100111
2002-05-30,0.44165318092961225
2002-05-31,0.43502958256761765
2002-06-01,0.4293060759830813
2002-06-02,0.4243042451235141
2002-06-03,0.4198837768341767
2002-06-04,0.4159337937415229
2002-06-05,0.4403454998177056
2002-06-06,0.5626645346560322
2002-06-07,0.6354398130525996
2002-06-08,0.7202408729096078
2002-06-09,0.818060108183742
2002-06-10,0.7679711944944554
2002-06-11,0.6866045617715294
2002-06-12,0.6553704005152973
2002-06-13,0.6464403655666527
2002-06-14,0.6082260736971553
2002-06-15,0.5890785879806274
2002-06-16,0.5565312337492436
2002-06-17,0.5227009028908536
2002-06-18,0.4959203294477887
2002-06-19,0.5062196508699303
2002-06-20,0.5569119469518705
2002-06-21,0.5721137627387037
2002-06-22,0.5466653124936599
2002-06-23,0.5135698243061068
2002-06-24,0.48735821328938894
2002-06-25,0.4664163703315911
2002-06-26,0.47350386223951424
2002-06-27,0.4781718280479268
2002-06-28,0.4679233925660087
2002-06-29,0.45807605097543225
2002-06-30,0.44190373104772546
2002-07-01,0.43795685140614543
2002-07-02,0.48664814849596266
2002-07-03,0.5137161619676992
2002-07-04,0.48488695527729725
2002-07-05,0.46192815871560106
2002-07-06,0.46323426122641836
2002-07-07,0.6238933783806916
2002-07-08,0.7906056154411999
2002-07-09,0.7496960164083947
2002-07-10,0.6658525648868163
2002-07-11,0.6017168501926115
2002-07-12,0.5522110141773015
2002-07-13,0.5136351789104351
2002-07-14,0.4832968090609622
2002-07-15,0.5027123579411905
2002-07-16,0.5489663861538897
2002-07-17,0.6873608568749017
2002-07-18,1.1605024203938055
2002-07-19,1.3671208886632125
2002-07-20,1.124158056717115
2002-07-21,0.9455177300692221
2002-07-22,0.9591542155786789
2002-07-23,0.9583487486615243
2002-07-24,0.8227930889533394
2002-07-25,0.7208572582352799
2002-07-26,0.6475428404282675
2002-07-27,0.8163868734516324
2002-07-28,0.9894558978883055
2002-07-29,0.9141700848854919
2002-07-30,0.8247474373353844
2002-07-31,0.7513061017249365
2002-08-01,0.6705898971029746
2002-08-02,0.6049898918082829
2002-08-03,0.5543610797774571
2002-08-04,0.5149305093102136
2002-08-05,0.4908103428984967
2002-08-06,0.47290920230678823
2002-08-07,0.45121304811714186
2002-08-08,0.4329846963965623
2002-08-09,0.41821137447120615
2002-08-10,0.40612413758179006
2002-08-11,0.3961378904787995
2002-08-12,0.38780442733060005
2002-08-13,0.3807782336030126
2002-08-14,0.37479137556170267
2002-08-15,0.3791267040505614
2002-08-16,0.5073464359984889
2002-08-17,0.8668964322318976
2002-08-18,1.0643164249494963
2002-08-19,0.9897420065830218
2002-08-20,0.8772640801817696
2002-08-21,0.908626448760456
2002-08-22,0.9380945426643552
2002-08-23,0.837734706403748
2002-08-24,0.8987002598384705
2002-08-25,0.8947656659352597
2002-08-26,0.7717201051369433
2002-08-27,0.8930383335572665
2002-08-28,1.0685883242250305
2002-08-29,0.9749033047445946
2002-08-30,0.8319574480338551
2002-08-31,0.7249219654993512
2002-09-01,0.6437308780820413
2002-09-02,0.5815098338419117
2002-09-03,0.5334323075299529
2002-09-04,0.5651980229036678
2002-09-05,1.3066446768281221
2002-09-06,2.1996612875621433
2002-09-07,2.0635571499982444
2002-09-08,2.1575079623963545
2002-09-09,2.2377283528237846
2002-09-10,1.8170173818484792
2002-09-11,1.4682316201502925
2002-09-12,1.1999314300481363
2002-09-13,1.0298328924006823
2002-09-14,1.1038923230663242
2002-09-15,1.1117091097740215
2002-09-16,0.9387434265662172
2002-09-17,0.809816102783483
2002-09-18,0.7127242625214828
2002-09-19,0.6388429238312917
2002-09-20,0.582064176602075
2002-09-21,0.5380109177477691
2002-09-22,0.5035119087097032
2002-09-23,0.5003376586028866
2002-09-24,0.4972562608714412
2002-09-25,0.4709093607819488
2002-09-26,0.4498456752192676
2002-09-27,0.5946898900398174
2002-09-28,0.7925915710959336
2002-09-29,0.9244020994925544
2002-09-30,1.095998497369125
2002-10-01,1.072972134309431
2002-10-02,0.9127980751242233
2002-10-03,0.8697394748689176
2002-10-04,1.121487421862841
2002-10-05,1.1976140283254166
2002-10-06,1.234841477234577
2002-10-07,1.2466052772606806
2002-10-08,1.0378113389233932
2002-10-09,0.8832915827183322
2002-10-10,0.767707285905974
2002-10-11,0.6803123104027531
2002-10-12,0.6135558145600714
2002-10-13,0.5620653198239114
2002-10-14,0.521974073513092
2002-10-15,0.4904694088335273
2002-10-16,0.46548526963085485
2002-10-17,0.7484612005124208
2002-10-18,1.122154454543016
2002-10-19,1.0618573393497468
2002-10-20,0.9002004640175371
2002-10-21,0.7794416703711691
2002-10-22,0.6883003583516359
2002-10-23,0.618802427779303
2002-10-24,0.5652864127545574
2002-10-25,0.523685530718756
2002-10-26,0.4910469036603555
2002-10-27,0.46520504376454236
2002-10-28,0.44455720877449617
2002-10-29,0.4279069758747404
2002-10-30,0.4143540955903859
2002-10-31,0.4032161233343267
2002-11-01,0.41677268166991444
2002-11-02,0.43246497348093943
2002-11-03,0.4170173111131865
2002-11-04,0.7203586960148837
2002-11-05,1.2865948973188
2002-11-06,1.3417154419871722
2002-11-07,1.1039131426201363
2002-11-08,0.9323210409949735
2002-11-09,0.8112604098637403
2002-11-10,0.710088649813414
2002-11-11,0.6332310432694025
2002-11-12,0.5742706354229709
2002-11-13,0.5286075050925385
2002-11-14,0.49291442307650035
2002-11-15,0.46476001061616845
2002-11-16,0.44235065234317567
2002-11-17,0.4243515454020039
2002-11-18,0.4097611905980308
2002-11-19,0.3978224229497773
2002-11-20,0.38795871433448764
2002-11-21,0.3797281442207223
2002-11-22,0.37278984727464204
2002-11-23,0.37225462345054927
2002-11-24,0.37563952422178515
2002-11-25,0.46825054881050154
2002-11-26,0.8097172186842686
2002-11-27,0.9528680198154552
2002-11-28,0.97047908662176
2002-11-29,0.9788883039467037
2002-11-30,0.8322766042417445
2002-12-01,0.7223893087614041
2002-12-02,0.7013283753250108
2002-12-03,0.8051735361691738
2002-12-04,0.8080768951397556
2002-12-05,0.7909105487786698
2002-12-06,0.9753171445841146
2002-12-07,2.0598253053049764
2002-12-08,2.6514946167783098
2002-12-09,2.0851367183246685
2002-12-10,1.9464893351963186
2002-12-11,1.9305117044402058
2002-12-12,2.1484131219947673
2002-12-13,2.125410656897055
2002-12-14,1.814193438332415
2002-12-15,1.5953028402678393
2002-12-16,1.6710612962812081
2002-12-17,1.7270334145894781
2002-12-18,1.4914908025367117
2002-12-19,1.3497318937999863
2002-12-20,1.1715086819870566
2002-12-21,0.9855424578064484
2002-12-22,0.8462742004142592
2002-12-23,0.7416981643138998
2002-12-24,0.6677439298318676
2002-12-25,1.1636544300133742
2002-12-26,1.2800349898655663
2002-12-27,1.1696774582279221
2002-12-28,1.0872338637849805
2002-12-29,1.0318580845912046
2002-12-30,1.0386619697619737
2002-12-31,1.2071787398517193
2003-01-01,1.2741124247222182
2003-01-02,1.061684422542717
2003-01-03,0.904548419189202
2003-01-04,0.7870720251833044
2003-01-05,0.6982869560526163
2003-01-06,0.6304932084625381
2003-01-07,0.578216630411729
2003-01-08,0.5375202015489576
2003-01-09,0.5055420704398846
2003-01-10,0.4801813463331622
2003-01-11,0.5027878365766955
2003-01-12,0.7994294575991071
2003-01-13,1.644578835011984
2003-01-14,1.9814667331620381
2003-01-15,1.574079692934413
2003-01-16,1.280635841233329
2003-01-17,1.18698791896367
2003-01-18,1.3786168423396825
2003-01-19,1.3767734811091668
2003-01-20,1.138137549632532
2003-01-21,1.2540964635640734
2003-01-22,1.3314953608848736
2003-01-23,1.1057383183555634
2003-01-24,0.9420287896278715
2003-01-25,0.93434161507904
2003-01-26,2.0262497325619973
2003-01-27,4.574366953274424
2003-01-28,4.740445161535375
2003-01-29,3.2170026182874305
2003-01-30,2.555067871624548
2003-01-31,2.037226977272599
2003-02-01,1.970663421260715
2003-02-02,1.9735336729699693
2003-02-03,1.7644224538324442
2003-02-04,1.5055826333908782
2003-02-05,1.2873196168169956
2003-02-06,1.1796979841499258
2003-02-07,1.0591109987280123
2003-02-08,0.9165458280126484
2003-02-09,0.8068914902768568
2003-02-10,0.7237329001399289
2003-02-11,0.6600164531623668
2003-02-12,0.610710788405969
2003-02-13,0.6256676203898471
2003-02-14,0.6254497671737554
2003-02-15,0.5835791747678107
2003-02-16,0.7115701761397171
2003-02-17,1.2820520617593483
2003-02-18,1.6869135845725112
2003-02-19,1.516930963783233
2003-02-20,1.2502812467939606
2003-02-21,1.0548394398317202
2003-02-22,0.909867337225532
2003-02-23,0.801092323908962
2003-02-24,0.7185911690593928
2003-02-25,0.9659091908745748
2003-02-26,1.37941503615374
2003-02-27,2.1401704165554536
2003-02-28,3.1112645240646413
2003-03-01,2.9963526720526144
2003-03-02,2.631040880812917
2003-03-03,2.6968986506635435
2003-03-04,2.4349929055156245
2003-03-05,2.1479128215063406
2003-03-06,2.32820589398553
2003-03-07,2.279420473345048
2003-03-08,1.8788239194406484
2003-03-09,1.5337678416163307
2003-03-10,1.2821996652718481
2003-03-11,1.0963526888715383
2003-03-12,0.9494930563833567
2003-03-13,1.0358942626072916
2003-03-14,1.1005927040424985
2003-03-15,0.9525826896911594
2003-03-16,0.8414604725160196
2003-03-17,0.7571940794393296
2003-03-18,0.8369637103349992
2003-03-19,1.2957067835867313
2003-03-20,1.5132767253037456
2003-03-21,1.4078326844260776
2003-03-22,1.286254104447688
2003-03-23,1.0902670249126452
2003-03-24,0.9448131714941841
2003-03-25,0.8356521915311713
2003-03-26,0.7528298529745868
2003-03-27,0.689333496842611
2003-03-28,0.6401615652194104
2003-03-29,0.6017062651335592
2003-03-30,0.5822437006472395
2003-03-31,0.5654242603167167
2003-04-01,0.5421572253792458
2003-04-02,0.5475817590540172
2003-04-03,0.7533897050187429
2003-04-04,1.1568338867775996
2003-04-05,1.2523215560120742
2003-04-06,1.2425094738268547
2003-04-07,1.4296328515773553
2003-04-08,1.4311217466721784
2003-04-09,1.2478666398017266
2003-04-10,1.0595479004248032
2003-04-11,0.9195993383850367
2003-04-12,0.8144315575796558
2003-04-13,0.734541773434195
2003-04-14,0.6732244818905416
2003-04-15,0.625690046539626
2003-04-16,0.5884787795021731
2003-04-17,0.5590657088329235
2003-04-18,0.5469620701273915
2003-04-19,0.542874097186615
2003-04-20,0.5287889393237047
2003-04-21,0.5117679179505187
2003-04-22,0.49675401331314556
2003-04-23,0.4847718037417539
2003-04-24,0.6045878878753966
2003-04-25,0.7081234824576798
2003-04-26,0.6491326515479948
2003-04-27,0.6032836612132667
2003-04-28,0.6118075445455794
2003-04-29,0.6705682566598901
2003-04-30,0.654243672189494
2003-05-01,0.6062966294736084
2003-05-02,0.5687843159883461
2003-05-03,0.5413169333479863
2003-05-04,0.5826627659919453
2003-05-05,0.6067968742614256
2003-05-06,0.5719835765955982
2003-05-07,0.5422806822542873
2003-05-08,0.5170642152943136
2003-05-09,0.5016633304772481
2003-05-10,0.48920736199117393
2003-05-11,0.4740826928050536
2003-05-12,0.46673467261484863
2003-05-13,0.5164401181868922
2003-05-14,0.5455423026821317
2003-05-15,0.5175644278135818
2003-05-16,0.4952033726668359
2003-05-17,0.4771898253801266
2003-05-18,0.46253637644462153
2003-05-19,0.45049669925486263
2003-05-20,0.4560238824104333
2003-05-21,0.46437492933145813
2003-05-22,0.4511235025799349
2003-05-23,0.44016676083095074
2003-05-24,0.44043807757819725
2003-05-25,0.4710246477254245
2003-05-26,0.49008226772164915
2003-05-27,0.47402602045100717
2003-05-28,0.45860099377419755
2003-05-29,0.4451602847057481
2003-05-30,0.43351218110223555
2003-05-31,0.4238418560456501
2003-06-01,0.4157762851842664
2003-06-02,0.4165555492902652
2003-06-03,0.4769660074356507
2003-06-04,0.5156703787698133
2003-06-05,0.48784066089555017
2003-06-06,0.4656244904493996
2003-06-07,0.4477633602921445
2003-06-08,0.4345093667522331
2003-06-09,0.4230498929519808
2003-06-10,0.41289527498543116
2003-06-11,0.4179358627319722
2003-06-12,0.43124732934351884
2003-06-13,0.44365133701018883
2003-06-14,0.8341978820588724
2003-06-15,1.1973854524226422
2003-06-16,1.0252377856199697
2003-06-17,0.8735062033966186
2003-06-18,0.7596071608874152
2003-06-19,0.6735157997047976
2003-06-20,0.6077723230265085
2003-06-21,0.55707320233901
2003-06-22,0.5176037882142531
2003-06-23,0.48659080061425475
2003-06-24,0.46199801510492544
2003-06-25,0.4423166273620463
2003-06-26,0.4264190983758447
2003-06-27,0.4134561175882401
2003-06-28,0.4027832075456063
2003-06-29,0.39390793539728763
2003-06-30,0.3864516010823747
2003-07-01,0.3801211957982473
2003-07-02,0.37468871384520713
2003-07-03,0.3699757750520974
2003-07-04,0.36584211379601544
2003-07-05,0.36217964491390237
2003-07-06,0.36753427764614705
2003-07-07,0.36990380122908356
2003-07-08,0.36482905221093215
2003-07-09,0.3847420700120277
2003-07-10,0.415293805815583
2003-07-11,0.4078403310362888
2003-07-12,0.39450021779051264
2003-07-13,0.3835670923894244
2003-07-14,0.3820201297378217
2003-07-15,0.3964250590596179
2003-07-16,0.4392974056086707
2003-07-17,0.4558648153425459
2003-07-18,0.43473727480940855
2003-07-19,0.41477734743118355
2003-07-20,0.6783067668321019
2003-07-21,1.0184259074341038
2003-07-22,0.9621793389189089
2003-07-23,0.8183932722531174
2003-07-24,0.7096494720511141
2003-07-25,0.6273360542604172
2003-07-26,0.5644015998887534
2003-07-27,0.5158264316670257
2003-07-28,0.4779871798824498
2003-07-29,0.4749221734402249
2003-07-30,0.4988776047392324
2003-07-31,0.49221036175248395
2003-08-01,0.4644478773921732
2003-08-02,0.4431534697594766
2003-08-03,0.4214729863048021
2003-08-04,0.40265666795045685
2003-08-05,0.3874671143399134
2003-08-06,0.3750933890511751
2003-08-07,0.36491928644519933
2003-08-08,0.35651035557162025
2003-08-09,0.349437608324485
2003-08-10,0.34343316070869806
2003-08-11,0.3382954206484014
2003-08-12,0.3380200151575033
2003-08-13,0.3369194729997431
2003-08-14,0.33229341954578073
2003-08-15,0.32825977661553657
2003-08-16,0.3247104907264704
2003-08-17,0.322444571279752
2003-08-18,0.3198481363170469
2003-08-19,0.3170978162796117
2003-08-20,0.3145855412541892
2003-08-21,0.31227809747963714
2003-08-22,0.31013971528990847
2003-08-23,0.3081414491266688
2003-08-24,0.30625979676349346
2003-08-25,0.30447561428638775
2003-08-26,0.3027732598936074
2003-08-27,0.30113991554686675
2003-08-28,0.29956504747000684
2003-08-29,0.29803997550315764
2003-08-30,0.29655752814397635
2003-08-31,0.2951117652997502
2003-09-01,0.29369775474382986
2003-09-02,0.29388516062926295
2003-09-03,0.34462986125777095
2003-09-04,0.37294288348924715
2003-09-05,0.3562335382972106
2003-09-06,0.3426196207667802
2003-09-07,0.3315354283961734
2003-09-08,0.3224273178505434
2003-09-09,0.3148718594523881
2003-09-10,0.30854309824656573
2003-09-11,0.30396470778124735
2003-09-12,0.30442899010830743
2003-09-13,0.3057507258775425
2003-09-14,0.3015720480035714
2003-09-15,0.29718536592547423
2003-09-16,0.2931849146635072
2003-09-17,0.28946942074255516
2003-09-18,0.2862133816501762
2003-09-19,0.2833302975375725
2003-09-20,0.2807507968284965
2003-09-21,0.27841942899699973
2003-09-22,0.2771291760819585
2003-09-23,0.2758503236334195
2003-09-24,0.2871054029713029
2003-09-25,0.29588450249496984
2003-09-26,0.3168262327066887
2003-09-27,0.32359835485883603
2003-09-28,0.3134719095516109
2003-09-29,0.30545246779273
2003-09-30,0.29788230792446196
2003-10-01,0.3013977659454755
2003-10-02,0.3011619605509163
2003-10-03,0.2931660989637295
2003-10-04,0.286505183144469
2003-10-05,0.2809094346590378
2003-10-06,0.27616216818008604
2003-10-07,0.2720940247676297
2003-10-08,0.2685719461629173
2003-10-09,0.26549088086827816
2003-10-10,0.2689846088371597
2003-10-11,0.27793110908212887
2003-10-12,0.2767813028776756
2003-10-13,0.2867083807290022
2003-10-14,0.2909734167583661
2003-10-15,0.2828460469443914
2003-10-16,0.27964913902409777
2003-10-17,0.2935280795946064
2003-10-18,0.32471621926997524
2003-10-19,0.32923405277320644
2003-10-20,0.31484738510371685
2003-10-21,0.3543310231568013
2003-10-22,0.40327333177543373
2003-10-23,0.42472729109860613
2003-10-24,0.41054239565650325
2003-10-25,0.3988558500722977
2003-10-26,0.3855737567514504
2003-10-27,0.35679210163177943
2003-10-28,0.3340363474828005
2003-10-29,0.3159082213125013
2003-10-30,0.3013484125101072
2003-10-31,0.5259231289497738
2003-11-01,0.7916105535304937
2003-11-02,0.7775164131667398
2003-11-03,0.7335543002599806
2003-11-04,0.7116942547309367
2003-11-05,0.6512465048929068
2003-11-06,0.5616065976350881
2003-11-07,0.5359708981165195
2003-11-08,0.8083157701458709
2003-11-09,0.9577319810161536
2003-11-10,0.8534893776972999
2003-11-11,0.8166336457664932
2003-11-12,1.288495885172527
2003-11-13,1.5971810702876372
2003-11-14,1.2892559255344358
2003-11-15,1.0386786958310308
2003-11-16,0.8548372573961481
2003-11-17,0.7183703425470426
2003-11-18,0.6159621861161745
2003-11-19,0.5383294033437724
2003-11-20,0.47891405059412034
2003-11-21,0.43302721846386927
2003-11-22,0.3972789222625223
2003-11-23,0.36919303709316814
2003-11-24,0.34694371535484403
2003-11-25,0.3291727152184743
2003-11-26,0.3148613420525321
2003-11-27,0.30323971186159787
2003-11-28,0.2937218162532634
2003-11-29,0.2858586177244885
2003-11-30,0.279303872292271
2003-12-01,0.273789021457378
2003-12-02,0.2691046044669736
2003-12-03,0.2650863975962782
2003-12-04,0.2616050074687812
2003-12-05,0.25855800708357923
2003-12-06,0.2558639568775369
2003-12-07,0.27423616604250284
2003-12-08,0.3437859776275826
2003-12-09,0.3734432080513539
2003-12-10,0.41787949908507493
2003-12-11,0.5136656390447154
2003-12-12,0.619547745244214
2003-12-13,0.6864672884042385
2003-12-14,0.7313857972427155
2003-12-15,0.7595602434888776
2003-12-16,1.0056263720075338
2003-12-17,1.15999003047526
2003-12-18,1.0252377488137163
2003-12-19,1.026244093834296
2003-12-20,1.5180151983436385
2003-12-21,1.7241989228390355
2003-12-22,1.456254451723926
2003-12-23,1.2605005448166346
2003-12-24,1.5706544051564937
2003-12-25,2.1898199839446684
2003-12-26,2.105212780198118
2003-12-27,1.6719403808647222
2003-12-28,1.3620188686033374
2003-12-29,1.1243161114778517
2003-12-30,0.9236720003469227
2003-12-31,0.7950102687994134
2004-01-01,0.8954343282759926
2004-01-02,0.9269378768512458
2004-01-03,0.7782398515722312
2004-01-04,0.7742112115926926
2004-01-05,0.95313802143251
2004-01-06,1.0907338260302217
2004-01-07,1.2847006436755037
2004-01-08,1.4529252909241344
2004-01-09,1.3096448090113835
2004-01-10,1.062938882524988
2004-01-11,1.4741728934025273
2004-01-12,1.806620367999851
2004-01-13,1.5106072277805296
2004-01-14,1.2513800808130846
2004-01-15,1.0229786166085648
2004-01-16,0.8547461541307929
2004-01-17,0.7293999027477555
2004-01-18,0.6985909287545913
2004-01-19,0.6792698355009481
2004-01-20,0.598606254019416
2004-01-21,0.6497228479561397
2004-01-22,0.6873919849382344
2004-01-23,0.8094792352130312
2004-01-24,1.4433956744523833
2004-01-25,1.6889776587396559
2004-01-26,1.3429617681890755
2004-01-27,1.0921449482769356
2004-01-28,0.908126739700403
2004-01-29,0.7927573863681808
2004-01-30,0.7688148200078992
2004-01-31,0.7163630385251353
2004-02-01,1.1253197787319176
2004-02-02,1.4274736811124098
2004-02-03,1.205786942153729
2004-02-04,1.095378483264599
2004-02-05,0.9614639040513474
2004-02-06,0.8182282308667279
2004-02-07,0.7063732306408581
2004-02-08,0.6212673197497306
2004-02-09,0.6681216934663171
2004-02-10,0.8894674458371687
2004-02-11,1.0289909826752395
2004-02-12,1.0605105825229575
2004-02-13,1.214754034525883
2004-02-14,1.4722247233046415
2004-02-15,1.4840972505603744
2004-02-16,1.4066458443755023
2004-02-17,1.3353326711462952
2004-02-18,1.2000684217671103
2004-02-19,1.0543806291409143
2004-02-20,0.900097031274573
2004-02-21,0.7706877769063943
2004-02-22,0.6732959778417942
2004-02-23,0.5992421685587009
2004-02-24,0.5423813304984305
2004-02-25,0.49831073669576
2004-02-26,0.46384122978267245
2004-02-27,0.43663924351441413
2004-02-28,0.4149812087225179
2004-02-29,0.3975829910710192
2004-03-01,0.3834800871834014
2004-03-02,0.372254077549492
2004-03-03,0.36281672896185485
2004-03-04,0.3547949019327787
2004-03-05,0.3480417050704872
2004-03-06,0.34229782106133677
2004-03-07,0.3373608548417262
2004-03-08,0.33307201592016505
2004-03-09,0.32930611129551385
2004-03-10,0.3575654890062381
2004-03-11,0.4497591653411856
2004-03-12,0.5352500202433302
2004-03-13,0.6169004141345634
2004-03-14,0.6227727509058547
2004-03-15,0.6038608157388148
2004-03-16,0.7545032711633065
2004-03-17,0.8641627572391166
2004-03-18,0.8682789864170158
2004-03-19,1.0138622948940175
2004-03-20,1.1130083339847343
2004-03-21,1.052860958475751
2004-03-22,1.1492783691987623
2004-03-23,1.1390354554686453
2004-03-24,0.945101339706194
2004-03-25,0.8012527486835092
2004-03-26,0.8456237477585419
2004-03-27,0.9004967577566871
2004-03-28,0.7791614264090773
2004-03-29,0.7365677118053565
2004-03-30,0.6990398640219192
2004-03-31,0.6239884194143858
2004-04-01,0.9955398879488611
2004-04-02,1.42883743092614
2004-04-03,1.283926235240783
2004-04-04,1.1268205809470542
2004-04-05,1.0187821369051018
2004-04-06,0.9495009162405977
2004-04-07,1.0012906838636664
2004-04-08,0.943732419018731
2004-04-09,0.974937432719631
2004-04-10,0.9992344942312891
2004-04-11,0.9024982772436628
2004-04-12,0.8838358789714335
2004-04-13,0.8605590648446889
2004-04-14,0.8301469940597851
2004-04-15,0.8568556041288754
2004-04-16,0.8194496769371432
2004-04-17,1.1959146425200196
2004-04-18,1.5248579436295735
2004-04-19,1.2669254945620054
2004-04-20,1.0827610298965653
2004-04-21,0.9880998598439166
2004-04-22,1.1173165020301168
2004-04-23,1.1762527063294164
2004-04-24,0.9782762274543262
2004-04-25,0.8315000144719851
2004-04-26,0.7229396970301987
2004-04-27,0.6398876820410511
2004-04-28,0.575856231353375
2004-04-29,0.5264265674167424
2004-04-30,0.4883909495621915
2004-05-01,0.45818168008719745
2004-05-02,0.4340470175565902
2004-05-03,0.4225451717042603
2004-05-04,0.4341785916271266
2004-05-05,0.4214957435570011
2004-05-06,0.40413240461181416
2004-05-07,0.39004042106323195
2004-05-08,0.3785044695980558
2004-05-09,0.3689705215950374
2004-05-10,0.3610134843547888
2004-05-11,0.3791633098299784
2004-05-12,0.4084854843618631
2004-05-13,0.39664130745933884
2004-05-14,0.38242917684699945
2004-05-15,0.3708019510440604
2004-05-16,0.3612076258833332
2004-05-17,0.3532133316721755
2004-05-18,0.34943831911869006
2004-05-19,0.3494374112734742
2004-05-20,0.34427270846286345
2004-05-21,0.3385160413054369
2004-05-22,0.3335740994164372
2004-05-23,0.3292861859097887
2004-05-24,0.3256124495295205
2004-05-25,0.3223055107185536
2004-05-26,0.3193665045265993
2004-05-27,0.41075803196650734
2004-05-28,0.48802480431893086
2004-05-29,0.4508024692860526
2004-05-30,0.42149592943391284
2004-05-31,0.3982744891789513
2004-06-01,0.3797123371985591
2004-06-02,0.36474286592786304
2004-06-03,0.3525618774604489
2004-06-04,0.3425585595105886
2004-06-05,0.33426578843081844
2004-06-06,0.3273240243493582
2004-06-07,0.32145485903218546
2004-06-08,0.3164414818896845
2004-06-09,0.31211414708828106
2004-06-10,0.3144839439319757
2004-06-11,0.3569438958736802
2004-06-12,0.389382896100577
2004-06-13,0.41224464932288335
2004-06-14,0.4434654727545943
2004-06-15,0.546050843991737
2004-06-16,0.6069484424062479
2004-06-17,0.5809970001304936
2004-06-18,0.5878726546015303
2004-06-19,0.5510671640535634
2004-06-20,0.4959128527622259
2004-06-21,0.4529819288053358
2004-06-22,0.4194538875310119
2004-06-23,0.4769160563980903
2004-06-24,0.5220342955601859
2004-06-25,0.4728471465541217
2004-06-26,0.43455372651583274
2004-06-27,0.40455016536882193
2004-06-28,0.3808031699496928
2004-06-29,0.3737520434864689
2004-06-30,0.3748725553937393
2004-07-01,0.3579974036355988
2004-07-02,0.343210724625894
2004-07-03,0.33812174283991814
2004-07-04,0.33296957221742324
2004-07-05,0.3226074173295091
2004-07-06,0.3140447749838054
2004-07-07,0.30691153327044596
2004-07-08,0.30102013528863525
2004-07-09,0.29595083262195854
2004-07-10,0.2915528576383387
2004-07-11,0.28774128946456895
2004-07-12,0.28440335107039666
2004-07-13,0.3464043986964638
2004-07-14,0.41307049299465093
2004-07-15,0.39926036412896226
2004-07-16,0.3737369677748526
2004-07-17,0.3529122008692411
2004-07-18,0.3362428090235172
2004-07-19,0.32278490620960615
2004-07-20,0.31182500214378
2004-07-21,0.30281986894252527
2004-07-22,0.2953531180014209
2004-07-23,0.2923386109360288
2004-07-24,0.2935673469245443
2004-07-25,0.3033310110091376
2004-07-26,0.305434772711009
2004-07-27,0.29661325956237067
2004-07-28,0.29040869963376287
2004-07-29,0.33079871619831386
2004-07-30,0.4109456568392909
2004-07-31,0.4199544043307722
2004-08-01,0.3866668602654933
2004-08-02,0.3604554575592292
2004-08-03,0.33966661665586134
2004-08-04,0.3230396584015542
2004-08-05,0.3096289969191425
2004-08-06,0.2987198920960002
2004-08-07,0.2946322163060263
2004-08-08,0.29029953493566135
2004-08-09,0.2826387073958284
2004-08-10,0.2762433975603863
2004-08-11,0.270859550646014
2004-08-12,0.26628307174515414
2004-08-13,0.2623540544806101
2004-08-14,0.25894658396913317
2004-08-15,0.2559610405178792
2004-08-16,0.2533182544480401
2004-08-17,0.25475822577563506
2004-08-18,0.2839961282575608
2004-08-19,0.2965229502209455
2004-08-20,0.2854653254122238
2004-08-21,0.27664918559597224
2004-08-22,0.26936689862143387
2004-08-23,0.2638256969416342
2004-08-24,0.25882550985849895
2004-08-25,0.2543704188643791
2004-08-26,0.2505526452228027
2004-08-27,0.24724769692449552
2004-08-28,0.24435720754646073
2004-08-29,0.24180309566893587
2004-08-30,0.24643860737239698
2004-08-31,0.2531696290640088
2004-09-01,0.24911749003040853
2004-09-02,0.24513583961205357
2004-09-03,0.2416994653694321
2004-09-04,0.23871061581701727
2004-09-05,0.23763111013757823
2004-09-06,0.2537123559853001
2004-09-07,0.2608759655545394
2004-09-08,0.2553929983864241
2004-09-09,0.2544001365111129
2004-09-10,0.250928826262479
2004-09-11,0.24530445796110434
2004-09-12,0.24057628276273033
2004-09-13,0.23655097234461422
2004-09-14,0.23309059811124255
2004-09-15,0.23008983369474847
2004-09-16,0.2274609469184332
2004-09-17,0.22513421491345684
2004-09-18,0.22305398785381458
2004-09-19,0.22117566671716027
2004-09-20,0.21946337019905773
2004-09-21,0.2178881243421988
2004-09-22,0.22734094649964487
2004-09-23,0.23580128929496266
2004-09-24,0.26078321447257297
2004-09-25,0.2733374239327991
2004-09-26,0.274843974534715
2004-09-27,0.2663492754017926
2004-09-28,0.2553129424820068
2004-09-29,0.24631453343224263
2004-09-30,0.23891987114406824
2004-10-01,0.23279047964504304
2004-10-02,0.23030470332608535
2004-10-03,0.22984645911650906
2004-10-04,0.2876708849781702
2004-10-05,0.3334191355316562
2004-10-06,0.3173862487812659
2004-10-07,0.2949373639490103
2004-10-08,0.2770857357886708
2004-10-09,0.26278503066891074
2004-10-10,0.2530411879213055
2004-10-11,0.25610552323033514
2004-10-12,0.25683571373149594
2004-10-13,0.2593956002035876
2004-10-14,0.25625377349142514
2004-10-15,0.25470053656766706
2004-10-16,0.26451117094617477
2004-10-17,0.2988387883793575
2004-10-18,0.323113009812025
2004-10-19,0.3087176486142605
2004-10-20,0.2868905635298514
2004-10-21,0.29867262949005946
2004-10-22,0.3173796746059954
2004-10-23,0.3041586094813779
2004-10-24,0.28604792673008733
2004-10-25,0.34261914949985295
2004-10-26,0.38949550447115255
2004-10-27,0.3811662785674203
2004-10-28,0.47476012004729234
2004-10-29,0.5181975174034982
2004-10-30,0.5452388507216227
2004-10-31,0.9520134059780055
2004-11-01,1.297568919494974
2004-11-02,1.5471392215691042
2004-11-03,1.5912968462093897
2004-11-04,1.2646574257251462
2004-11-05,1.0084269166260456
2004-11-06,0.8206882460288804
2004-11-07,0.7176732787166699
2004-11-08,0.7229306357967548
2004-11-09,0.6769120863133585
2004-11-10,0.5741630973077799
2004-11-11,0.49632078493639686
2004-11-12,0.49345041419482644
2004-11-13,0.6056060715098835
2004-11-14,0.7704214495972197
2004-11-15,0.9009446016454574
2004-11-16,1.1342547086477752
2004-11-17,1.16610014425638
2004-11-18,0.9397763799093286
2004-11-19,0.7730492616443749
2004-11-20,0.6488982489911835
2004-11-21,0.6434779721016396
2004-11-22,0.7458625024372476
2004-11-23,0.8514220004362167
2004-11-24,0.9723104134370693
2004-11-25,0.93131598976273
2004-11-26,0.7685045784898258
2004-11-27,0.6471068811549411
2004-11-28,0.5556748818392635
2004-11-29,0.4861301014762607
2004-11-30,0.6889854455907388
2004-12-01,0.7820711615276442
2004-12-02,0.7614041581064956
2004-12-03,0.6749977575964131
2004-12-04,0.6112451461444592
2004-12-05,0.5293102354115723
2004-12-06,0.652094112423847
2004-12-07,0.9838630322295107
2004-12-08,1.3434233148581554
2004-12-09,1.4149903127508223
2004-12-10,1.3667597493764825
2004-12-11,1.2627923760919904
2004-12-12,1.1507022984595154
2004-12-13,1.209219815034326
2004-12-14,1.1105964497690095
2004-12-15,1.1388442684444733
2004-12-16,1.448793321529987
2004-12-17,1.6116404741894634
2004-12-18,1.889212263232875
2004-12-19,1.8871835177398157
2004-12-20,1.6734385866622732
2004-12-21,1.6755041878719166
2004-12-22,1.9645622964034863
2004-12-23,1.9822516708813176
2004-12-24,1.948666852291008
2004-12-25,1.9002310558765034
2004-12-26,1.8594901987882093
2004-12-27,1.856178655591034
2004-12-28,1.4997568042549883
2004-12-29,1.2019705063480464
2004-12-30,0.9848960884438638
2004-12-31,0.8246975170411789
2005-01-01,0.7051124409821354
2005-01-02,0.6148889082726868
2005-01-03,0.546133281242444
2005-01-04,0.5136278166216314
2005-01-05,0.5210772525000194
2005-01-06,0.4847833203745693
2005-01-07,0.445425750176573
2005-01-08,0.5436133102955822
2005-01-09,0.6216043855919845
2005-01-10,0.5507175365740724
2005-01-11,0.4961963407884389
2005-01-12,0.4539196834429516
2005-01-13,0.4208456826949026
2005-01-14,0.39474545270855893
2005-01-15,0.3739706225253048
2005-01-16,0.35729161221766587
2005-01-17,0.34378386123815186
2005-01-18,0.3327469503460257
2005-01-19,0.3328954803310788
2005-01-20,0.3324434217587901
2005-01-21,0.3230129920912376
2005-01-22,0.3151815106388956
2005-01-23,0.30861527700804964
2005-01-24,0.3030553402188742
2005-01-25,0.4368759933427338
2005-01-26,0.605579697551336
2005-01-27,1.21214691368753
2005-01-28,1.6138987809876377
2005-01-29,1.6318391330096673
2005-01-30,1.7209662282479103
2005-01-31,1.442090426398378
2005-02-01,1.3250670273280367
2005-02-02,1.4843052330919326
2005-02-03,2.3418704165483497
2005-02-04,2.86046097277618
2005-02-05,2.8461044702094207
2005-02-06,2.6278547797010785
2005-02-07,2.0113646855772553
2005-02-08,2.1363423531084793
2005-02-09,2.927753157213379
2005-02-10,2.8809698630938847
2005-02-11,2.184776740139763
2005-02-12,1.705506160405218
2005-02-13,1.3628605567464847
2005-02-14,1.1143993154731937
2005-02-15,0.9319047111903765
2005-02-16,1.1661207565500717
2005-02-17,1.4552719904165656
2005-02-18,1.6513425466177143
2005-02-19,1.652734030569942
2005-02-20,1.3275608218525863
2005-02-21,1.091159468680677
2005-02-22,0.9171943229324047
2005-02-23,0.7876557004893701
2005-02-24,0.6901320115761979
2005-02-25,0.6159475483276847
2005-02-26,0.5589589427803379
2005-02-27,0.5147640333424232
2005-02-28,0.4801736897004721
2005-03-01,0.4528541254005572
2005-03-02,0.4310814562668653
2005-03-03,0.41357121548984804
2005-03-04,0.39935858656888507
2005-03-05,0.38772280880491367
2005-03-06,0.37809138057637687
2005-03-07,0.3700386390734711
2005-03-08,0.38358659932176553
2005-03-09,0.5271428786924707
2005-03-10,0.6781413875895158
2005-03-11,0.6989223136822118
2005-03-12,0.6290271583156216
2005-03-13,0.5658498480313551
2005-03-14,0.715507986594868
2005-03-15,0.9657528771761208
2005-03-16,0.9378110675816288
2005-03-17,1.0309024646601783
2005-03-18,1.1464385033693947
2005-03-19,1.20979108595133
2005-03-20,1.23551424906245
2005-03-21,1.055950214322478
2005-03-22,0.8889165852392953
2005-03-23,0.918740505326579
2005-03-24,0.9355960373514942
2005-03-25,0.9174296711830451
2005-03-26,0.9751054961549687
2005-03-27,0.8916194603362384
2005-03-28,0.7669823545526687
2005-03-29,0.6799516347481632
2005-03-30,0.6108507464161581
2005-03-31,0.5536554123128105
2005-04-01,0.5093096935183072
2005-04-02,0.4746163655131828
2005-04-03,0.44722840974195827
2005-04-04,0.43001603402305805
2005-04-05,0.4140044184522526
2005-04-06,0.3985660160863982
2005-04-07,0.38596770388306695
2005-04-08,0.3759030637896972
2005-04-09,0.3673453579971851
2005-04-10,0.3600316682089904
2005-04-11,0.35382894692817984
2005-04-12,0.34851269790070666
2005-04-13,0.34934404091253773
2005-04-14,0.34920028532694175
2005-04-15,0.34402159262593496
2005-04-16,0.3395202430252347
2005-04-17,0.3355751703676639
2005-04-18,0.3320803395252545
2005-04-19,0.33115240746730207
2005-04-20,0.3296562455036453
2005-04-21,0.3264960567444884
2005-04-22,0.32363934285076223
2005-04-23,0.3210350919629394
2005-04-24,0.3229566550686235
2005-04-25,0.33007579667173953
2005-04-26,0.3331029352299728
2005-04-27,0.3556234519578785
2005-04-28,0.46345570503125894
2005-04-29,0.5338068575903457
2005-04-30,0.4949081828399864
2005-05-01,0.4558582094846731
2005-05-02,0.42521298491821186
2005-05-03,0.4009625040557507
2005-05-04,0.40261814940097146
2005-05-05,0.4059725464240922
2005-05-06,0.42947950303991683
2005-05-07,0.4527285005965564
2005-05-08,0.444546478827748
2005-05-09,0.44042140396159385
2005-05-10,0.41182715177588936
2005-05-11,0.38912862795555725
2005-05-12,0.3709695933996706
2005-05-13,0.35631415814229267
2005-05-14,0.36867485714227644
2005-05-15,0.3812808463256387
2005-05-16,0.36427517130713755
2005-05-17,0.4197377333458571
2005-05-18,0.46084091314441694
2005-05-19,0.4262427139694121
2005-05-20,0.3989569669684018
2005-05-21,0.37728516970292786
2005-05-22,0.3599232848361394
2005-05-23,0.3458928009128163
2005-05-24,0.33445384980675036
2005-05-25,0.3250430051616939
2005-05-26,0.31722833366882636
2005-05-27,0.31067662913542504
2005-05-28,0.305129331062369
2005-05-29,0.3003846892623631
2005-05-30,0.29628445846073614
2005-05-31,0.29988517333281345
2005-06-01,0.3023787149195169
2005-06-02,0.29735245839196156
2005-06-03,0.29302056701014795
2005-06-04,0.29334604836090405
2005-06-05,0.293099892467697
2005-06-06,0.2889562782013937
2005-06-07,0.28534350584018137
2005-06-08,0.2822103634727496
2005-06-09,0.2794003436441778
2005-06-10,0.276855363966883
2005-06-11,0.2745482968253497
2005-06-12,0.2724367877229733
2005-06-13,0.2704866717950978
2005-06-14,0.2686702932666805
2005-06-15,0.2669651902116033
2005-06-16,0.26535306066868164
2005-06-17,0.2638189465109939
2005-06-18,0.2623505866232776
2005-06-19,0.26093790230187525
2005-06-20,0.2595725863510954
2005-06-21,0.25824777383269737
2005-06-22,0.2569577773596959
2005-06-23,0.2556978735994845
2005-06-24,0.2544641305506024
2005-06-25,0.25325326739468473
2005-06-26,0.2520625404587198
2005-06-27,0.25088965017148296
2005-06-28,0.24973266495143043
2005-06-29,0.24858995878916498
2005-06-30,0.24746015993731788
2005-07-01,0.24634210863366243
2005-07-02,0.24523482218960654
2005-07-03,0.24413746609912648
2005-07-04,0.24311704505202933
2005-07-05,0.24209157660637873
2005-07-06,0.2410055340979185
2005-07-07,0.23992905548972684
2005-07-08,0.23922235965220187
2005-07-09,0.23846620147466946
2005-07-10,0.23732952233836413
2005-07-11,0.23621282649837405
2005-07-12,0.2351144465474221
2005-07-13,0.2340322764753711
2005-07-14,0.23296455099443356
2005-07-15,0.23190978700850576
2005-07-16,0.23086673565194382
2005-07-17,0.22983434289095703
2005-07-18,0.2288217223562747
2005-07-19,0.2278113437392907
2005-07-20,0.22925721151376255
2005-07-21,0.24218280635333697
2005-07-22,0.2934916757968737
2005-07-23,0.31826533307841576
2005-07-24,0.3110111395826794
2005-07-25,0.3157028312301296
2005-07-26,0.3120568842190803
2005-07-27,0.3152019469354615
2005-07-28,0.3242198053063755
2005-07-29,0.3113097601290016
2005-07-30,0.29345765241471716
2005-07-31,0.27917168011362187
2005-08-01,0.2714718961737083
2005-08-02,0.268166457166017
2005-08-03,0.26119020503502405
2005-08-04,0.2527419088590612
2005-08-05,0.24576015935503268
2005-08-06,0.23994322985343788
2005-08-07,0.23505275476732376
2005-08-08,0.23090268755800125
2005-08-09,0.2273470524455891
2005-08-10,0.2242707452409309
2005-08-11,0.22158257892674516
2005-08-12,0.21920999366469948
2005-08-13,0.2170950092992455
2005-08-14,0.2155690486666806
2005-08-15,0.22147334837910113
2005-08-16,0.2991920757923477
2005-08-17,0.335307726728667
2005-08-18,0.32697455586896756
2005-08-19,0.37449510525802804
2005-08-20,0.4086083148782393
2005-08-21,0.41474982134577626
2005-08-22,0.42031945828658995
2005-08-23,0.39075796020547854
2005-08-24,0.3533047722776909
2005-08-25,0.3237908741852118
2005-08-26,0.3003893521044736
2005-08-27,0.2818021900953921
2005-08-28,0.26692245758837746
2005-08-29,0.2549166917384816
2005-08-30,0.24515264310414087
2005-08-31,0.23714734838806772
2005-09-01,0.23052946889505607
2005-09-02,0.22501174072576768
2005-09-03,0.22037065931941494
2005-09-04,0.22020183050116135
2005-09-05,0.22870175656371225
2005-09-06,0.25610219472890405
2005-09-07,0.2586728252843086
2005-09-08,0.30839693600679696
2005-09-09,0.3442327148324516
2005-09-10,0.345804849845657
2005-09-11,0.3576384508815557
2005-09-12,0.3469253989376173
2005-09-13,0.47396943017658416
2005-09-14,0.6581988587165651
2005-09-15,0.6635839906697272
2005-09-16,0.5730476738139217
2005-09-17,0.4915383814383016
2005-09-18,0.4483597616458798
2005-09-19,0.42382651244333847
2005-09-20,0.38061621546455915
2005-09-21,0.38368118003907087
2005-09-22,0.45102210312223656
2005-09-23,0.46053260170708793
2005-09-24,0.4067498747233366
2005-09-25,0.3640920973842236
2005-09-26,0.3442718878529711
2005-09-27,0.32877330053415443
2005-09-28,0.3077841481285655
2005-09-29,0.3024849937442038
2005-09-30,0.30344625759387706
2005-10-01,0.29166109834030124
2005-10-02,0.33146080936850386
2005-10-03,0.6302562576367251
2005-10-04,0.7760648000599882
2005-10-05,0.6652757516060325
2005-10-06,0.5815449790459222
2005-10-07,0.4984953401379902
2005-10-08,0.4377164423651843
2005-10-09,0.5221739026220191
2005-10-10,0.5746726663828435
2005-10-11,0.4955766078815864
2005-10-12,0.4356315567563002
2005-10-13,0.38704090794747525
2005-10-14,0.34940222452179653
2005-10-15,0.319972988414412
2005-10-16,0.2966962879871969
2005-10-17,0.3209728700386008
2005-10-18,0.3436746964670112
2005-10-19,0.3152003562487777
2005-10-20,0.29269207716084167
2005-10-21,0.2747837890830214
2005-10-22,0.26042466254499563
2005-10-23,0.2488216728987649
2005-10-24,0.23937198867704668
2005-10-25,0.2316142326578086
2005-10-26,0.22519303367957352
2005-10-27,0.2198334062358859
2005-10-28,0.2153278618272888
2005-10-29,0.211491621517695
2005-10-30,0.2739398843328024
2005-10-31,0.3308768006123983
2005-11-01,0.401610033240236
2005-11-02,0.5477737998097783
2005-11-03,0.7614665064261833
2005-11-04,1.1015738667734876
2005-11-05,1.6072436306092899
2005-11-06,1.6769198570054342
2005-11-07,1.3056541656840959
2005-11-08,1.037490628496595
2005-11-09,0.8480967413808124
2005-11-10,0.7128151871006069
2005-11-11,0.6001620158071957
2005-11-12,0.5151040033322144
2005-11-13,0.45026963418743104
2005-11-14,0.40040084583392616
2005-11-15,0.36171126831262357
2005-11-16,0.3314453472293881
2005-11-17,0.31713719511230754
2005-11-18,0.3099319820073122
2005-11-19,0.29040952601369263
2005-11-20,0.27477825949823725
2005-11-21,0.2622752638084357
2005-11-22,0.265328605803845
2005-11-23,0.34480331714675433
2005-11-24,0.454351677025192
2005-11-25,0.5004925139557745
2005-11-26,0.5596220640150608
2005-11-27,0.5993499852033413
2005-11-28,0.5451302210761148
2005-11-29,0.47272487537867486
2005-11-30,0.41723443719330094
2005-12-01,0.37434317632642916
2005-12-02,0.34712005584211353
2005-12-03,0.3935801420317824
2005-12-04,0.43930827845606496
2005-12-05,0.41450687280910037
2005-12-06,0.4531542987389803
2005-12-07,0.6395281789449109
2005-12-08,0.7640771476660652
2005-12-09,0.7465439129897155
2005-12-10,0.9384286643380189
2005-12-11,1.3480816364101493
2005-12-12,1.3680362468424485
2005-12-13,1.122858566689185
2005-12-14,1.0089969827039467
2005-12-15,0.8778812745810148
2005-12-16,0.7987185557750186
2005-12-17,0.813429965113113
2005-12-18,0.8015939227990092
2005-12-19,0.7181296785795165
2005-12-20,0.6079793045891283
2005-12-21,0.5247218150393529
2005-12-22,0.4611979276641501
2005-12-23,0.412287040769788
2005-12-24,0.3742990286195642
2005-12-25,0.3445465144510387
2005-12-26,0.32105326766947356
2005-12-27,0.3023528627144303
2005-12-28,0.2873480145863619
2005-12-29,0.2752112247740692
2005-12-30,0.2653138869400578
2005-12-31,0.6355827201605159
2006-01-01,1.077666973571722
2006-01-02,0.9799737336362117
2006-01-03,1.1181595254341654
2006-01-04,1.2305959181626507
2006-01-05,0.9889729001130104
2006-01-06,0.86187041313442
2006-01-07,1.7096897352561262
2006-01-08,2.0209581359642024
2006-01-09,1.7274841199073665
2006-01-10,1.3526451821717551
2006-01-11,1.082088678381351
2006-01-12,0.8842184664221057
2006-01-13,0.7377562679931984
2006-01-14,0.628136876562481
2006-01-15,0.5452416788696594
2006-01-16,0.4819457128430537
2006-01-17,0.43316965302637184
2006-01-18,0.3952511811721117
2006-01-19,0.3655219165451045
2006-01-20,0.34201877382532725
2006-01-21,0.32328453392068696
2006-01-22,0.30822843233453256
2006-01-23,0.2960276372975172
2006-01-24,1.855851623284796
2006-01-25,2.6591729138396363
2006-01-26,2.0428716299325056
2006-01-27,1.5819874150816442
2006-01-28,1.2521772909608684
2006-01-29,1.2795255235111525
2006-01-30,1.3321636165108928
2006-01-31,1.108934035432891
2006-02-01,1.0170551364714784
2006-02-02,1.2816644605063299
2006-02-03,1.3463794028833107
2006-02-04,1.0846322668672135
2006-02-05,1.1324151031903293
2006-02-06,2.4836025484183133
2006-02-07,3.332973240100659
2006-02-08,2.5634300872623803
2006-02-09,2.141350785376432
2006-02-10,2.333023209939275
2006-02-11,2.718972872725644
2006-02-12,2.688598395967085
2006-02-13,2.2672556880087837
2006-02-14,1.7570405622218648
2006-02-15,1.393285109943332
2006-02-16,1.130257804001418
2006-02-17,0.937554503949135
2006-02-18,0.7946616523851978
2006-02-19,0.6875141304534441
2006-02-20,0.6063260863538364
2006-02-21,0.7060287295405064
2006-02-22,0.784012655998255
2006-02-23,0.9191140480960148
2006-02-24,1.279598680182794
2006-02-25,1.4155130890014032
2006-02-26,1.3311788089032437
2006-02-27,1.1252032125572808
2006-02-28,0.935665972733165
2006-03-01,0.7950472917903478
2006-03-02,0.689549402371232
2006-03-03,0.60996561347461
2006-03-04,0.5488392543901708
2006-03-05,0.5013874588325208
2006-03-06,0.4643758968758318
2006-03-07,0.4352477363181777
2006-03-08,0.5834710486519109
2006-03-09,1.1215422478643131
2006-03-10,2.0976019640832986
2006-03-11,2.4741418282399645
2006-03-12,2.1218644198860144
2006-03-13,1.7695127498051517
2006-03-14,1.4513273172174792
2006-03-15,1.2237653625644134
2006-03-16,1.0122831174923115
2006-03-17,0.855947831998733
2006-03-18,0.7390714319751499
2006-03-19,0.6507544563599138
2006-03-20,0.5833406865350348
2006-03-21,0.5313842897974289
2006-03-22,0.4983379960052279
2006-03-23,0.5494297814204309
2006-03-24,0.5783777548905867
2006-03-25,0.5269781047273273
2006-03-26,0.4869430749081827
2006-03-27,0.5313690147940237
2006-03-28,0.5646782441697639
2006-03-29,0.5157866786616315
2006-03-30,0.4776320910026548
2006-03-31,0.4476278618935949
2006-04-01,0.4238211836351102
2006-04-02,0.4047623690300719
2006-04-03,0.3893662174273707
2006-04-04,0.38521568278926305
2006-04-05,0.3857489742872308
2006-04-06,0.37347707283096326
2006-04-07,0.3645785739345185
2006-04-08,0.5875177437216433
2006-04-09,0.9268789220798445
2006-04-10,0.94141089610362
2006-04-11,0.8097771978554941
2006-04-12,0.7155003159497862
2006-04-13,0.7338228061652278
2006-04-14,0.7594726323917523
2006-04-15,0.6950112290174295
2006-04-16,0.6694246123750626
2006-04-17,0.6767742808316307
2006-04-18,0.6267731241723027
2006-04-19,0.5639606315738088
2006-04-20,0.5973402948254695
2006-04-21,0.7929414833366493
2006-04-22,0.8323406508203083
2006-04-23,0.7438981679812358
2006-04-24,0.677271144295164
2006-04-25,0.6529239174090581
2006-04-26,0.6394662798570978
2006-04-27,0.5709727375303729
2006-04-28,0.5182006049584476
2006-04-29,0.47719767103391303
2006-04-30,0.4453353676284067
2006-05-01,0.5102540320902463
2006-05-02,0.5580886118464035
2006-05-03,0.5457940269410068
2006-05-04,0.5536317679847664
2006-05-05,0.5065498848753452
2006-05-06,0.46724007503742254
2006-05-07,0.7059883400239282
2006-05-08,0.9012466296096563
2006-05-09,0.7680571948703218
2006-05-10,0.7560050791789559
2006-05-11,0.849646909850831
2006-05-12,0.8049710753442447
2006-05-13,0.6955923367158484
2006-05-14,0.6127438207103545
2006-05-15,0.5494031193148864
2006-05-16,0.5005153598116535
2006-05-17,0.46243585322648495
2006-05-18,0.4325090353949617
2006-05-19,0.40878121329745915
2006-05-20,0.40785477642676643
2006-05-21,0.41419084263425937
2006-05-22,0.41321958256104546
2006-05-23,0.6636905891546981
2006-05-24,0.8527500012507266
2006-05-25,0.7299607268511589
2006-05-26,0.6372868971723091
2006-05-27,0.5667490101729644
2006-05-28,0.5125374661216922
2006-05-29,0.4704848331610234
2006-05-30,0.43756890874116733
2006-05-31,0.41157585183199547
2006-06-01,0.39086879949304937
2006-06-02,0.3742269901578161
2006-06-03,0.36073263806208394
2006-06-04,0.34969054486306267
2006-06-05,0.3578558558665186
2006-06-06,0.36806743554036775
2006-06-07,0.37745192952732537
2006-06-08,0.4061597665743706
2006-06-09,0.421642681522502
2006-06-10,0.4202064758985207
2006-06-11,0.4373152565786294
2006-06-12,0.43446582921447247
2006-06-13,0.4099395102074961
2006-06-14,0.40878969216585803
2006-06-15,0.39940571040475215
2006-06-16,0.3784968263665025
2006-06-17,0.3617055344225777
2006-06-18,0.3481165769891339
2006-06-19,0.33701988206411376
2006-06-20,0.32787451397039186
2006-06-21,0.3202656224293661
2006-06-22,0.31387305410638405
2006-06-23,0.308869715695492
2006-06-24,0.3044849444381627
2006-06-25,0.30033716341932676
2006-06-26,0.2967126253221702
2006-06-27,0.2935129709395435
2006-06-28,0.2906587678078559
2006-06-29,0.3201167197764974
2006-06-30,0.39351138144777886
2006-07-01,0.408062541554699
2006-07-02,0.38640110862069493
2006-07-03,0.3717341025323457
2006-07-04,0.4479203552196715
2006-07-05,0.5383553619110006
2006-07-06,0.5040460511110428
2006-07-07,0.4678159671432755
2006-07-08,0.47161240230717966
2006-07-09,0.45341722446320554
2006-07-10,0.41665601776245204
2006-07-11,0.38777782882366996
2006-07-12,0.364914918263656
2006-07-13,0.3466595691394385
2006-07-14,0.3319582117908679
2006-07-15,0.32243666839305013
2006-07-16,0.3476141708914373
2006-07-17,0.36340276126374094
2006-07-18,0.34463898421311456
2006-07-19,0.32952672081917656
2006-07-20,0.31727242383110776
2006-07-21,0.3072479712352732
2006-07-22,0.29897348668772594
2006-07-23,0.34397289814579984
2006-07-24,0.3764255384738721
2006-07-25,0.3583234690249195
2006-07-26,0.34818768350664975
2006-07-27,0.3372744327770098
2006-07-28,0.32403796253109635
2006-07-29,0.3196285615742283
2006-07-30,0.3394559547573262
2006-07-31,0.3499073876025949
2006-08-01,0.3322677031721473
2006-08-02,0.31750778613648695
2006-08-03,0.30553918334257407
2006-08-04,0.2957496320770349
2006-08-05,0.28767106128749015
2006-08-06,0.2809433144829619
2006-08-07,0.275287585064587
2006-08-08,0.270486808353623
2006-08-09,0.29642869846322906
2006-08-10,0.3281102970316338
2006-08-11,0.318285437582384
2006-08-12,0.30463182464386607
2006-08-13,0.29353105030516286
2006-08-14,0.284435105941319
2006-08-15,0.276915175523411
2006-08-16,0.2706409114161939
2006-08-17,0.2653562861973235
2006-08-18,0.260861746456085
2006-08-19,0.25700092523105805
2006-08-20,0.25365067893749166
2006-08-21,0.25071356740065714
2006-08-22,0.24811214231246356
2006-08-23,0.24578458349106277
2006-08-24,0.24368134616779139
2006-08-25,0.24176257134211446
2006-08-26,0.23999607542121307
2006-08-27,0.23835578206452832
2006-08-28,0.2368204933731254
2006-08-29,0.2353729227985862
2006-08-30,0.23399893087006132
2006-08-31,0.23268691881273873
2006-09-01,0.23142734561951828
2006-09-02,0.2302123420520029
2006-09-03,0.22903540104945821
2006-09-04,0.22789112859933092
2006-09-05,0.2267750426261993
2006-09-06,0.22568341015078927
2006-09-07,0.2246131150525138
2006-09-08,0.23450956352252164
2006-09-09,0.25523705727643886
2006-09-10,0.3005795151008516
2006-09-11,0.3086038408236334
2006-09-12,0.2911822976559724
2006-09-13,0.27968037250533384
2006-09-14,0.270475726337224
2006-09-15,0.2603706471497607
2006-09-16,0.25209143673164797
2006-09-17,0.24525212413942485
2006-09-18,0.24176305665052533
2006-09-19,0.23866477994851432
2006-09-20,0.23389810987430945
2006-09-21,0.22984622287480816
2006-09-22,0.22783305935931927
2006-09-23,0.22610978344791824
2006-09-24,0.24576709553253392
2006-09-25,0.2547374953191581
2006-09-26,0.24640024334498808
2006-09-27,0.24445707151846688
2006-09-28,0.3082663688872325
2006-09-29,0.35191600932926126
2006-09-30,0.3356325748571247
2006-10-01,0.3100760198883395
2006-10-02,0.2898309994328578
2006-10-03,0.3118544851896456
2006-10-04,0.3351547123204293
2006-10-05,0.39816370891426045
2006-10-06,0.5354963867674677
2006-10-07,0.5808621497020984
2006-10-08,0.5396176160923319
2006-10-09,0.48508990160120063
2006-10-10,0.42621765070061657
2006-10-11,0.38081035349914566
2006-10-12,0.34549910041974036
2006-10-13,0.34069218599485057
2006-10-14,0.33809198299018006
2006-10-15,0.3137918272171498
2006-10-16,0.3993544518279892
2006-10-17,0.45533143328741676
2006-10-18,0.40792171137755456
2006-10-19,0.36638160719169205
2006-10-20,0.33451300567378023
2006-10-21,0.3094603111663344
2006-10-22,0.31181692374081066
2006-10-23,0.3379250156036091
2006-10-24,0.3271087784130936
2006-10-25,0.3393249786683128
2006-10-26,0.3505571748536071
2006-10-27,0.3312319109193198
2006-10-28,0.33096517048283525
2006-10-29,0.33408685542367283
2006-10-30,0.3173407023805151
2006-10-31,0.2947986039203908
2006-11-01,0.2768510124472629
2006-11-02,0.2624577502507977
2006-11-03,0.25082494228802504
2006-11-04,0.24134901567360365
2006-11-05,0.23356796330170793
2006-11-06,0.22712588760477126
2006-11-07,0.2217469906177684
2006-11-08,0.21721634417298297
2006-11-09,0.21336556801374984
2006-11-10,0.21359630226418244
2006-11-11,0.2157712074715857
2006-11-12,0.22776514325508282
2006-11-13,0.25576299525823204
2006-11-14,0.25975656220010473
2006-11-15,0.2495999519084651
2006-11-16,0.2389007993677724
2006-11-17,0.23016683014845105
2006-11-18,0.24891729660551962
2006-11-19,0.2756448486218568
2006-11-20,0.5322184218403271
2006-11-21,0.7166714997248196
2006-11-22,0.6029832131648665
2006-11-23,0.5462404434882404
2006-11-24,0.4902978215816754
2006-11-25,0.42727141141297786
2006-11-26,0.37881356236154184
2006-11-27,0.38605469276188703
2006-11-28,0.4463038608657401
2006-11-29,0.6523888533762029
2006-11-30,0.8018893602760485
2006-12-01,0.7180357285301692
2006-12-02,0.6009042997086077
2006-12-03,0.6151036053336226
2006-12-04,0.7528498270582307
2006-12-05,0.7870264614900518
2006-12-06,0.6911447745419057
2006-12-07,0.8679188301260902
2006-12-08,1.1220367233446227
2006-12-09,1.219308661606437
2006-12-10,1.1483207382101634
2006-12-11,1.1597673501444554
2006-12-12,1.1977226683411355
2006-12-13,1.0776316953690508
2006-12-14,1.080985393516982
2006-12-15,1.0003154246672716
2006-12-16,0.8800216560546849
2006-12-17,1.0279478691604835
2006-12-18,1.0929809785254492
2006-12-19,0.9198981360687858
2006-12-20,0.8378223751943109
2006-12-21,1.9636344802451446
2006-12-22,2.6933470547895078
2006-12-23,2.630524590932028
2006-12-24,2.4642662809931433
2006-12-25,2.0318160888145007
2006-12-26,1.7238690464707913
2006-12-27,1.3564047728302917
2006-12-28,1.2980345496899848
2006-12-29,1.291544351259935
2006-12-30,1.5423947818308668
2006-12-31,1.7372247546499946
2007-01-01,1.4937239825320308
2007-01-02,1.240373504046017
2007-01-03,1.0062653593713677
2007-01-04,0.8336482621462196
2007-01-05,0.7051964367577607
2007-01-06,0.7204923713133798
2007-01-07,1.2007530566517726
2007-01-08,1.4322362646168807
2007-01-09,1.2468468721826487
2007-01-10,1.17822351919171
2007-01-11,1.0464085414163544
2007-01-12,0.865807858898861
2007-01-13,1.688077840355602
2007-01-14,2.242525206997749
2007-01-15,2.071612153792549
2007-01-16,1.826926253764931
2007-01-17,1.8703485294883375
2007-01-18,1.9085448123382047
2007-01-19,1.5818977993378496
2007-01-20,1.282965110258216
2007-01-21,1.04633740346684
2007-01-22,0.8722824310464232
2007-01-23,0.7427447771907832
2007-01-24,0.9399631463297441
2007-01-25,2.039206754610874
2007-01-26,2.300527369818762
2007-01-27,1.9433420510892823
2007-01-28,1.5277401221768143
2007-01-29,1.2288206259152292
2007-01-30,1.0109307542165782
2007-01-31,0.8501144526916448
2007-02-01,0.9288939402084316
2007-02-02,0.9826853567979237
2007-02-03,1.023176002938161
2007-02-04,1.0974051500048125
2007-02-05,0.9564042896512218
2007-02-06,0.8105365769641139
2007-02-07,0.7012244898047341
2007-02-08,0.6184594618295585
2007-02-09,0.5551667709264649
2007-02-10,0.8554258341097057
2007-02-11,1.088148495715798
2007-02-12,0.9087710873742939
2007-02-13,0.7752511985602207
2007-02-14,0.6748861945443814
2007-02-15,0.5986580812572045
2007-02-16,0.5401911560061837
2007-02-17,0.4949233084502586
2007-02-18,0.45955385154222167
2007-02-19,0.43167025403779036
2007-02-20,0.4094924274069062
2007-02-21,0.3916953733731096
2007-02-22,1.036289423025372
2007-02-23,1.5992464093851853
2007-02-24,1.2886561812995005
2007-02-25,1.0562046953125126
2007-02-26,1.2340653320851545
2007-02-27,1.587617860496626
2007-02-28,1.741136583315215
2007-03-01,1.7783018731437812
2007-03-02,1.6658742654903016
2007-03-03,1.490047554671209
2007-03-04,1.300965945834405
2007-03-05,1.3218753715361595
2007-03-06,1.3301100295831925
2007-03-07,1.2362975719443217
2007-03-08,1.184033725260197
2007-03-09,1.0713298944948544
2007-03-10,0.912838413546099
2007-03-11,0.7833885842372298
2007-03-12,0.6859451281250312
2007-03-13,0.6130711163897787
2007-03-14,0.5570236374821339
2007-03-15,0.5124086984741151
2007-03-16,0.502137956086811
2007-03-17,0.5762541280291119
2007-03-18,0.6043671988460807
2007-03-19,0.5512323425955441
2007-03-20,0.5072039956627361
2007-03-21,0.4726762893911744
2007-03-22,0.45066371539525113
2007-03-23,0.43147965172800107
2007-03-24,0.41245512438040405
2007-03-25,0.39707189782674135
2007-03-26,0.38452327613835263
2007-03-27,0.3741890029183021
2007-03-28,0.36559460354274614
2007-03-29,0.35837479338783146
2007-03-30,0.35224665651621323
2007-03-31,0.3469898309899014
2007-04-01,0.3424317618662531
2007-04-02,0.33843664908048154
2007-04-03,0.33489710980738946
2007-04-04,0.331727849380866
2007-04-05,0.32886082854351245
2007-04-06,0.326241552615305
2007-04-07,0.32429084747292347
2007-04-08,0.34820041019301673
2007-04-09,0.47276595797001236
2007-04-10,0.5942622260968369
2007-04-11,0.5777496697630391
2007-04-12,0.5217317900535993
2007-04-13,0.48095446429978167
2007-04-14,0.5080434499998874
2007-04-15,0.5212443241457305
2007-04-16,0.4841500175725131
2007-04-17,0.457877144644322
2007-04-18,0.42788809633450303
2007-04-19,0.40410642576023603
2007-04-20,0.38509311466329416
2007-04-21,0.36975735703622375
2007-04-22,0.3572764342934675
2007-04-23,0.3470252964437402
2007-04-24,0.37855533909571587
2007-04-25,0.41597141445457025
2007-04-26,0.39529092423790724
2007-04-27,0.3942670811977116
2007-04-28,0.42615824761485105
2007-04-29,0.5116420627341492
2007-04-30,0.8058300463917588
2007-05-01,0.935770645495492
2007-05-02,1.495950197438069
2007-05-03,2.0070753114944595
2007-05-04,1.6189357420358235
2007-05-05,1.2925971009298414
2007-05-06,1.0555733623765104
2007-05-07,0.8812445481283254
2007-05-08,1.0552349422780665
2007-05-09,1.2569265143683512
2007-05-10,1.0819892231025445
2007-05-11,1.0300131227495148
2007-05-12,1.2437145720698646
2007-05-13,1.2816678504543253
2007-05-14,1.079127613147286
2007-05-15,0.9039291639368204
2007-05-16,0.7708012165569312
2007-05-17,0.7053730628496832
2007-05-18,0.8458930704360658
2007-05-19,0.8975125040444154
2007-05-20,0.8156017831586615
2007-05-21,1.3164445675689405
2007-05-22,1.6651258079661702
2007-05-23,1.3548673590721672
2007-05-24,1.107524390354653
2007-05-25,0.924091516805367
2007-05-26,0.7878536258269069
2007-05-27,0.6855358138991341
2007-05-28,0.6078871275296427
2007-05-29,0.548374827525337
2007-05-30,0.5023293740354361
2007-05-31,0.46637558460919
2007-06-01,0.4380486211999292
2007-06-02,0.4155312417200769
2007-06-03,0.3974717737519567
2007-06-04,0.3828565483610907
2007-06-05,0.3987995283718699
2007-06-06,0.5796659542505586
2007-06-07,0.6818318527150002
2007-06-08,0.6430671399004958
2007-06-09,0.6167194897567848
2007-06-10,0.5532279627011935
2007-06-11,0.5042048051425817
2007-06-12,0.47921698566167215
2007-06-13,0.46713508456044006
2007-06-14,0.43892915077040945
2007-06-15,0.41440444794726555
2007-06-16,0.3948165474828024
2007-06-17,0.37903171815714237
2007-06-18,0.3707656052219259
2007-06-19,0.3694438181074717
2007-06-20,0.3833239572530278
2007-06-21,0.3884207822566404
2007-06-22,0.3729068265160426
2007-06-23,0.3602678919790266
2007-06-24,0.3498932214559533
2007-06-25,0.3727560328596952
2007-06-26,0.4310768045393804
2007-06-27,0.43813633691382686
2007-06-28,0.4199426384673313
2007-06-29,0.4055631357506628
2007-06-30,0.3850082426125386
2007-07-01,0.36848428365257174
2007-07-02,0.3550925304269203
2007-07-03,0.34414045667144727
2007-07-04,0.33509999202558777
2007-07-05,0.3275657990060975
2007-07-06,0.3212248136191808
2007-07-07,0.31605401822301327
2007-07-08,0.31305233279263484
2007-07-09,0.3091430673571927
2007-07-10,0.30527945640612936
2007-07-11,0.30188028056892313
2007-07-12,0.2988580663067923
2007-07-13,0.2961431043132915
2007-07-14,0.29367961349131383
2007-07-15,0.2957521626674492
2007-07-16,0.30053271495558087
2007-07-17,0.3040241152368819
2007-07-18,0.3055540409721854
2007-07-19,0.30047970597378776
2007-07-20,0.2961138022487073
2007-07-21,0.2923234275814763
2007-07-22,0.2891403366026507
2007-07-23,0.2873897201626851
2007-07-24,0.2848491874687276
2007-07-25,0.282223202449628
2007-07-26,0.27984559063828823
2007-07-27,0.27767191490016724
2007-07-28,0.2756663734591237
2007-07-29,0.2738000182529339
2007-07-30,0.2720493628250447
2007-07-31,0.27039528968649446
2007-08-01,0.27425979442965925
2007-08-02,0.28375567242712557
2007-08-03,0.32922750807176104
2007-08-04,0.3457895046670129
2007-08-05,0.3293113232099893
2007-08-06,0.31600013219623607
2007-08-07,0.3051734106991013
2007-08-08,0.29640839081111264
2007-08-09,0.29314215081626677
2007-08-10,0.2892830126748784
2007-08-11,0.28290305751069256
2007-08-12,0.27758077412192944
2007-08-13,0.27301266313356193
2007-08-14,0.26906263970907646
2007-08-15,0.2656314808180885
2007-08-16,0.2626198055934653
2007-08-17,0.25994871355421095
2007-08-18,0.25755529244639314
2007-08-19,0.25538917235376896
2007-08-20,0.2534098680284684
2007-08-21,0.2515847185782251
2007-08-22,0.2498872824263345
2007-08-23,0.24829608112297888
2007-08-24,0.24679361183165413
2007-08-25,0.24536556775065602
2007-08-26,0.24400022020976264
2007-08-27,0.24407105990909217
2007-08-28,0.24464082184955596
2007-08-29,0.2430858724393242
2007-08-30,0.24146663950601524
2007-08-31,0.23999519526192056
2007-09-01,0.23862174193150734
2007-09-02,0.23724153290814243
2007-09-03,0.23592049289952854
2007-09-04,0.23465172146946026
2007-09-05,0.23342733642962057
2007-09-06,0.23227721798674075
2007-09-07,0.23178950118468608
2007-09-08,0.23095468441072586
2007-09-09,0.22971388884524035
2007-09-10,0.22851608436095572
2007-09-11,0.22735569685120338
2007-09-12,0.22622738107111484
2007-09-13,0.22512670361703224
2007-09-14,0.22417035784379302
2007-09-15,0.22318251999069347
2007-09-16,0.22211975494541994
2007-09-17,0.22147737650418597
2007-09-18,0.30703445920048633
2007-09-19,0.34620964436438556
2007-09-20,0.3205785932332029
2007-09-21,0.3002426226173449
2007-09-22,0.2902290586810015
2007-09-23,0.2821503369381561
2007-09-24,0.26939071396854125
2007-09-25,0.2590324383899664
2007-09-26,0.2505583572045593
2007-09-27,0.24356602672304495
2007-09-28,0.30268953424903644
2007-09-29,0.33679465175110895
2007-09-30,0.31209193132712437
2007-10-01,0.2924686946641046
2007-10-02,0.27678813710523525
2007-10-03,0.2728815874204615
2007-10-04,0.36500212090015277
2007-10-05,0.46386089803440717
2007-10-06,0.4589904683110157
2007-10-07,0.40961002292661025
2007-10-08,0.36856603536712473
2007-10-09,0.33654880352054634
2007-10-10,0.3824890483650804
2007-10-11,0.5376255328432048
2007-10-12,0.5719520165844334
2007-10-13,0.4934972194987994
2007-10-14,0.5216499476212978
2007-10-15,0.5529777886522368
2007-10-16,0.489820590117775
2007-10-17,0.4309196668658521
2007-10-18,0.38547437396132717
2007-10-19,0.35012107133208875
2007-10-20,0.39013377771765967
2007-10-21,0.5512173610762271
2007-10-22,0.6377471420472228
2007-10-23,0.7838011204769967
2007-10-24,0.8328195038510989
2007-10-25,0.6910715807355173
2007-10-26,0.5848450678258205
2007-10-27,0.5056589888195226
2007-10-28,0.4914685265108118
2007-10-29,0.5335246931427693
2007-10-30,0.5166261320697546
2007-10-31,0.46824736192064
2007-11-01,0.43634013712777325
2007-11-02,0.39083111874604
2007-11-03,0.3553801371678129
2007-11-04,0.32756670453666864
2007-11-05,0.3055696304752688
2007-11-06,0.28803450751560583
2007-11-07,0.30458309240954395
2007-11-08,0.32178478441158137
2007-11-09,0.3006295305673069
2007-11-10,0.2837276252404724
2007-11-11,0.2701316317357239
2007-11-12,0.4554607456109985
2007-11-13,0.6222366979915018
2007-11-14,0.8022188632480188
2007-11-15,0.9270702334894456
2007-11-16,0.8267332309824752
2007-11-17,0.7274829921823703
2007-11-18,0.6128751036700467
2007-11-19,0.526385438148842
2007-11-20,0.46049587061155556
2007-11-21,0.49970430108365754
2007-11-22,0.5587509086170276
2007-11-23,0.49032305331561044
2007-11-24,0.43298830356472123
2007-11-25,0.38870312913251875
2007-11-26,0.35420553367923047
2007-11-27,0.32711077845687786
2007-11-28,0.30565893005243744
2007-11-29,0.28853973784083187
2007-11-30,0.2747697568269002
2007-12-01,0.263605207219199
2007-12-02,0.2544795613397206
2007-12-03,0.2469584248241906
2007-12-04,0.2407066355516919
2007-12-05,0.23546407557996515
2007-12-06,0.23102775192175454
2007-12-07,0.22723842533695346
2007-12-08,0.2239705646861473
2007-12-09,0.22112475105892884
2007-12-10,0.2428390482916052
2007-12-11,0.2667266448822039
2007-12-12,0.25558226102257975
2007-12-13,0.2991065285768448
2007-12-14,0.33388024721436005
2007-12-15,0.368459087855151
2007-12-16,0.47111960182093915
2007-12-17,0.5130098027483001
2007-12-18,0.572515800657871
2007-12-19,0.5827713653992195
2007-12-20,0.5014461293828709
2007-12-21,0.44033601376732023
2007-12-22,0.5309433870107328
2007-12-23,0.5955940636472842
2007-12-24,0.5112500084214473
2007-12-25,0.44689845433647896
2007-12-26,0.39739895367131967
2007-12-27,0.35899406137660517
2007-12-28,0.3289493352357415
2007-12-29,0.3582242716353552
2007-12-30,0.381393748765024
2007-12-31,0.346346106119855
2008-01-01,0.31882290871516533
2008-01-02,0.41425406365582024
2008-01-03,0.5202900480040588
2008-01-04,0.5082769389183707
2008-01-05,0.46470826301998863
2008-01-06,0.4109259311666304
2008-01-07,0.369313943982986
2008-01-08,0.4341051823035869
2008-01-09,0.5122267175029136
2008-01-10,0.4518104938027668
2008-01-11,0.40102820657848937
2008-01-12,0.4005526475189048
2008-01-13,0.4008013115847156
2008-01-14,0.36146947786134703
2008-01-15,0.6764538730419187
2008-01-16,1.0438677997756405
2008-01-17,0.940713014852491
2008-01-18,0.8884150232514373
2008-01-19,0.9766354422549645
2008-01-20,0.8820462633917554
2008-01-21,0.7283059446557115
2008-01-22,1.267785203681064
2008-01-23,1.7726719232283272
2008-01-24,1.4753880141911215
2008-01-25,1.3005016384834558
2008-01-26,1.2030547774214047
2008-01-27,1.2634773906431087
2008-01-28,1.243646284499776
2008-01-29,1.0502103052295542
2008-01-30,0.9092812845426387
2008-01-31,0.7536760438452627
2008-02-01,0.6374950695373403
2008-02-02,0.5498388406777314
2008-02-03,0.489559782919261
2008-02-04,0.44006088748542843
2008-02-05,0.39837419715272326
2008-02-06,0.36580867216183005
2008-02-07,0.34015664776567456
2008-02-08,0.31978496447110305
2008-02-09,0.30347505478619835
2008-02-10,0.29031040480849885
2008-02-11,0.27959652601601337
2008-02-12,0.27080348950834154
2008-02-13,0.2635242845738312
2008-02-14,0.25744438569191497
2008-02-15,0.25254966762467473
2008-02-16,0.28776785220607387
2008-02-17,0.4918992696913402
2008-02-18,0.9820598085659195
2008-02-19,1.1682730250276905
2008-02-20,0.9446166608498086
2008-02-21,0.7793325439847351
2008-02-22,0.656201335270368
2008-02-23,0.5817068992267859
2008-02-24,0.5268660477956265
2008-02-25,0.46499411901201265
2008-02-26,0.41728322760407854
2008-02-27,0.38018363928365617
2008-02-28,0.48590262799626616
2008-02-29,0.5684684758355475
2008-03-01,0.5281958776459655
2008-03-02,0.5776292147712306
2008-03-03,0.6915304128016603
2008-03-04,0.7013037676886635
2008-03-05,0.8671243145461284
2008-03-06,1.0166455043493254
2008-03-07,0.861200002806659
2008-03-08,0.7201107531537497
2008-03-09,0.6144394823851805
2008-03-10,0.5332037786437118
2008-03-11,0.471143549806362
2008-03-12,0.42330276569880093
2008-03-13,0.3860996591267621
2008-03-14,0.3569233180444236
2008-03-15,0.3338520737368049
2008-03-16,0.31545883712210115
2008-03-17,0.5720515968624182
2008-03-18,0.9188711815814233
2008-03-19,0.9471713536318694
2008-03-20,1.5561973069877721
2008-03-21,2.039977227579113
2008-03-22,1.681729652111102
2008-03-23,1.3221253997739286
2008-03-24,1.0620570994818694
2008-03-25,0.87155935178856
2008-03-26,0.7877058666458555
2008-03-27,0.7697511437529992
2008-03-28,0.6879916059459034
2008-03-29,0.7270310094141834
2008-03-30,0.8055110346859645
2008-03-31,0.7898472054969988
2008-04-01,1.0358618776925992
2008-04-02,1.158333807135384
2008-04-03,0.9446452609356794
2008-04-04,0.8652015476568956
2008-04-05,0.9210758814603653
2008-04-06,0.8523424914921279
2008-04-07,0.7186694596249281
2008-04-08,0.6182138956498783
2008-04-09,0.5419948592380347
2008-04-10,0.4836075328843641
2008-04-11,0.4384696622104798
2008-04-12,0.4032664453397994
2008-04-13,0.37557534496575706
2008-04-14,0.3954874270907041
2008-04-15,0.4776758760516688
2008-04-16,0.5105442275660321
2008-04-17,0.4743741837580324
2008-04-18,0.43067337806947775
2008-04-19,0.3965402083766845
2008-04-20,0.3696670440465529
2008-04-21,0.3483313418280444
2008-04-22,0.3312498597603119
2008-04-23,0.31745884890053827
2008-04-24,0.3307463799145064
2008-04-25,0.4288767397984706
2008-04-26,0.6248486079729046
2008-04-27,0.6776989971363593
2008-04-28,0.5853831595620004
2008-04-29,0.5377439971132113
2008-04-30,0.6234444847289402
2008-05-01,0.6857578978089564
2008-05-02,0.6802074532425978
2008-05-03,0.6799214719025146
2008-05-04,0.6059252232675089
2008-05-05,0.531122289405973
2008-05-06,0.47378097254801727
2008-05-07,0.42944277905245887
2008-05-08,0.3948570718871867
2008-05-09,0.36764763714003273
2008-05-10,0.34606096356824434
2008-05-11,0.32879165915721303
2008-05-12,0.3148599709525474
2008-05-13,0.3051817752158598
2008-05-14,0.3184796887795916
2008-05-15,0.3238828777809631
2008-05-16,0.31032353402106966
2008-05-17,0.3028994077832699
2008-05-18,0.29427760470725134
2008-05-19,0.28598571669216377
2008-05-20,0.27908486108901176
2008-05-21,0.28271257799991173
2008-05-22,0.28745313418761487
2008-05-23,0.27979016225046377
2008-05-24,0.27337912987523966
2008-05-25,0.2679763923512132
2008-05-26,0.2633792536437031
2008-05-27,0.25942872655857013
2008-05-28,0.2559994923282675
2008-05-29,0.2529923100432204
2008-05-30,0.25032824307501184
2008-05-31,0.2586031202353284
2008-06-01,0.26581331513165657
2008-06-02,0.2604268889344929
2008-06-03,0.25583901308642154
2008-06-04,0.25190455321760413
2008-06-05,0.2484964620361707
2008-06-06,0.24551421336685705
2008-06-07,0.24287791008254966
2008-06-08,0.2405237817101087
2008-06-09,0.2384007247683431
2008-06-10,0.2364676302861682
2008-06-11,0.2346913090222373
2008-06-12,0.2330448730155267
2008-06-13,0.23150646736013747
2008-06-14,0.23035293193154316
2008-06-15,0.2314738008828174
2008-06-16,0.2311105421336207
2008-06-17,0.22928884068684122
2008-06-18,0.22760808155255677
2008-06-19,0.2260468323650349
2008-06-20,0.22458500566181824
2008-06-21,0.22320622784033506
2008-06-22,0.22189711152487243
2008-06-23,0.22064667876590685
2008-06-24,0.21944590203738235
2008-06-25,0.21828733762619712
2008-06-26,0.217164831783744
2008-06-27,0.2160732844041222
2008-06-28,0.2150084583538943
2008-06-29,0.2139668251594574
2008-06-30,0.21294543974964994
2008-07-01,0.21194183849438294
2008-07-02,0.2116982361233061
2008-07-03,0.21217081607898572
2008-07-04,0.21358281458765663
2008-07-05,0.2218568365220599
2008-07-06,0.2224719558455924
2008-07-07,0.23323131567845734
2008-07-08,0.24158140866958996
2008-07-09,0.24142797845906971
2008-07-10,0.23678330430157749
2008-07-11,0.23558458151548556
2008-07-12,0.24678600499182687
2008-07-13,0.28393982414094027
2008-07-14,0.3063061914704784
2008-07-15,0.2933636212017201
2008-07-16,0.27519962222888955
2008-07-17,0.2606565952763285
2008-07-18,0.24892832485603375
2008-07-19,0.23939330941913398
2008-07-20,0.23157745179366415
2008-07-21,0.22511667833048973
2008-07-22,0.21972965401249026
2008-07-23,0.21519770162371246
2008-07-24,0.2113499079365152
2008-07-25,0.20805199633243263
2008-07-26,0.20519795617343747
2008-07-27,0.20621434944400788
2008-07-28,0.25972205152013833
2008-07-29,0.27780520557362426
2008-07-30,0.2611751979316526
2008-07-31,0.25516215003043374
2008-08-01,0.25101461154743937
2008-08-02,0.23942462309802423
2008-08-03,0.2299934361757797
2008-08-04,0.22227476514960642
2008-08-05,0.2158943079389707
2008-08-06,0.2105760858142307
2008-08-07,0.2261309285498793
2008-08-08,0.24040192035519223
2008-08-09,0.23202162844052351
2008-08-10,0.22324566444620253
2008-08-11,0.21970852368013596
2008-08-12,0.2161444066166386
2008-08-13,0.21008879616663365
2008-08-14,0.20500191733447878
2008-08-15,0.20072221820594338
2008-08-16,0.19708911873140467
2008-08-17,0.23418773237719956
2008-08-18,0.2543164683740476
2008-08-19,0.24013145893644613
2008-08-20,0.2286758051192281
2008-08-21,0.21937371626902188
2008-08-22,0.21176034379492906
2008-08-23,0.2054785334897515
2008-08-24,0.2002521648912877
2008-08-25,0.19586651735306496
2008-08-26,0.19215369898863444
2008-08-27,0.18898175431814324
2008-08-28,0.18624646611027215
2008-08-29,0.18386514516390842
2008-08-30,0.18177189727911522
2008-08-31,0.17991399522624427
2008-09-01,0.17824908252868732
2008-09-02,0.17674300716924074
2008-09-03,0.17536813504741267
2008-09-04,0.1741020307935024
2008-09-05,0.17292642132526612
2008-09-06,0.17594322037211732
2008-09-07,0.17815035049367042
2008-09-08,0.17601164215711215
2008-09-09,0.17576930640522878
2008-09-10,0.18641861962911332
2008-09-11,0.18718034896812522
2008-09-12,0.19127808669604962
2008-09-13,0.21534304900024062
2008-09-14,0.21843124986939233
2008-09-15,0.20974302272424547
2008-09-16,0.20148803457030043
2008-09-17,0.19431425580168915
2008-09-18,0.1884282533139514
2008-09-19,0.18352615791857405
2008-09-20,0.17939079959694612
2008-09-21,0.17589359473625213
2008-09-22,0.17290990119148145
2008-09-23,0.17034100790852424
2008-09-24,0.16811169495578682
2008-09-25,0.16615416284291776
2008-09-26,0.16609877945661347
2008-09-27,0.16840195440372618
2008-09-28,0.1677641060190822
2008-09-29,0.16547788184281398
2008-09-30,0.16347657352737643
2008-10-01,0.161745027079671
2008-10-02,0.16019564790338306
2008-10-03,0.15876932204166586
2008-10-04,0.15805072793548827
2008-10-05,0.15761488150556602
2008-10-06,0.1563191201205475
2008-10-07,0.15513276349947258
2008-10-08,0.15403848059609257
2008-10-09,0.15452302761925094
2008-10-10,0.15534427425425856
2008-10-11,0.16568274328173124
2008-10-12,0.16844093001244434
2008-10-13,0.21816762383221744
2008-10-14,0.27307228379164794
2008-10-15,0.33014772033968326
2008-10-16,0.4336891509939758
2008-10-17,0.4482970849173727
2008-10-18,0.461675107146972
2008-10-19,0.4583442237351734
2008-10-20,0.4208341294326386
2008-10-21,0.39218016978342646
2008-10-22,0.38590587267756565
2008-10-23,0.43982798329780887
2008-10-24,0.44112982340490264
2008-10-25,0.39132618825367954
2008-10-26,0.36167867105863466
2008-10-27,0.33867861258379944
2008-10-28,0.3182793176414699
2008-10-29,0.30136270387948905
2008-10-30,0.27177151511352354
2008-10-31,0.2484816585976445
2008-11-01,0.23002351285415112
2008-11-02,0.21528798407912988
2008-11-03,0.20343937463225348
2008-11-04,0.19384333139837587
2008-11-05,0.20334307325615664
2008-11-06,0.2141131735415143
2008-11-07,0.2022287987741096
2008-11-08,0.19259632745678082
2008-11-09,0.216983033356275
2008-11-10,0.3143484078576328
2008-11-11,0.34778766987002
2008-11-12,0.3074001113143267
2008-11-13,0.29227917159649813
2008-11-14,0.281535549832334
2008-11-15,0.25576126628108525
2008-11-16,0.25420855712768425
2008-11-17,0.4936731713345899
2008-11-18,0.7217808903601494
2008-11-19,0.7825010836730312
2008-11-20,0.8339217826257853
2008-11-21,0.8156797290832826
2008-11-22,0.7166538233734315
2008-11-23,0.6057958213593907
2008-11-24,0.5466731738516516
2008-11-25,0.5070654316383086
2008-11-26,0.45372550555379426
2008-11-27,0.3915234811273849
2008-11-28,0.3436703913929097
2008-11-29,0.39464578410487494
2008-11-30,0.44936204376983446
2008-12-01,0.5211007197994408
2008-12-02,0.6393775492024715
2008-12-03,0.6153516734548831
2008-12-04,0.5154211241093697
2008-12-05,0.43970439311455745
2008-12-06,0.3818293744319565
2008-12-07,0.33720603064713944
2008-12-08,0.58479724583029
2008-12-09,0.7292064123046643
2008-12-10,0.6019475758805577
2008-12-11,0.7317206216834086
2008-12-12,0.8328355041687109
2008-12-13,0.6801384693222712
2008-12-14,0.5661584789963193
2008-12-15,0.480202054996049
2008-12-16,0.4147579100233098
2008-12-17,1.6761234022274225
2008-12-18,2.7066646002825148
2008-12-19,2.0442402173604335
2008-12-20,1.8278054051970525
2008-12-21,1.7328516031622234
2008-12-22,1.5741769335597244
2008-12-23,1.6512386003056312
2008-12-24,1.6219680189145407
2008-12-25,1.2658440802811266
2008-12-26,1.0497571080138044
2008-12-27,0.9593163528603226
2008-12-28,0.8493448383373067
2008-12-29,1.9794994201078253
2008-12-30,3.1180606903885875
2008-12-31,2.6139630433199454
2009-01-01,2.390403427115512
2009-01-02,2.1947389262574126
2009-01-03,1.7576291928407901
2009-01-04,1.372690919292365
2009-01-05,3.253195186264463
2009-01-06,4.146361746011068
2009-01-07,2.731664325385563
2009-01-08,2.0628095721359982
2009-01-09,1.7150434762854685
2009-01-10,1.605744176324744
2009-01-11,1.3965483626021842
2009-01-12,1.4178426685492571
2009-01-13,2.257570477053411
2009-01-14,2.6665202529021355
2009-01-15,2.250739677038145
2009-01-16,1.8297676664790232
2009-01-17,1.4382076165787547
2009-01-18,1.1953272018360266
2009-01-19,1.0794373477342185
2009-01-20,2.62496397773398
2009-01-21,3.77708309253747
2009-01-22,3.9633286653387274
2009-01-23,5.89193504567917
2009-01-24,5.373559479385233
2009-01-25,3.6454587337860023
2009-01-26,2.8190494322029545
2009-01-27,2.1505980736761487
2009-01-28,1.6826187451297487
2009-01-29,1.3476158899884518
2009-01-30,1.104418734615914
2009-01-31,0.9514056561733865
2009-02-01,0.8431502184692871
2009-02-02,0.7306922940237857
2009-02-03,0.6455543588299967
2009-02-04,0.6250924330671063
2009-02-05,0.6111642075793492
2009-02-06,0.5544161926644604
2009-02-07,0.5097956644747664
2009-02-08,0.4748832514510091
2009-02-09,0.4473180335524302
2009-02-10,0.5952322275515501
2009-02-11,0.7768382212687613
2009-02-12,0.7448934471641978
2009-02-13,0.6863359310181433
2009-02-14,0.6931618630677899
2009-02-15,0.6717763658196185
2009-02-16,0.7787860637007391
2009-02-17,0.8541915592515922
2009-02-18,0.7374905347482503
2009-02-19,0.665594645793559
2009-02-20,0.7099089410742154
2009-02-21,0.7335494513529973
2009-02-22,0.9356012215095247
2009-02-23,1.0570188528859965
2009-02-24,0.8935935495160647
2009-02-25,1.063466161780956
2009-02-26,1.2077988249047362
2009-02-27,1.0565532404070261
2009-02-28,0.8989546496735469
2009-03-01,0.7720463904999929
2009-03-02,0.6764300558759276
2009-03-03,0.6036544044427631
2009-03-04,0.6919677399132732
2009-03-05,1.0573383386985016
2009-03-06,1.9073604451649653
2009-03-07,2.4770024180144663
2009-03-08,2.1441935855273724
2009-03-09,1.7449409308760873
2009-03-10,1.4592841463507054
2009-03-11,1.2663386454400503
2009-03-12,1.1240222875530461
2009-03-13,0.9603899710175043
2009-03-14,0.8629741796622655
2009-03-15,1.066156919884944
2009-03-16,1.3857035037837822
2009-03-17,1.538547424904759
2009-03-18,1.4857923641364543
2009-03-19,1.2425354122646999
2009-03-20,1.2845416632783686
2009-03-21,1.356958883515179
2009-03-22,1.1526827216203313
2009-03-23,0.967541053435068
2009-03-24,0.8299552408857466
2009-03-25,0.7265826198717016
2009-03-26,0.7522190515555182
2009-03-27,1.0592723005180071
2009-03-28,1.2451416768410493
2009-03-29,1.1016688596908428
2009-03-30,0.9302840413695693
2009-03-31,0.8976634018412145
2009-04-01,0.8732211950568393
2009-04-02,0.7597595889429862
2009-04-03,1.0840263551836777
2009-04-04,1.4804272475473697
2009-04-05,1.39845135391898
2009-04-06,1.1971440331357244
2009-04-07,1.00206949153014
2009-04-08,0.8573933053167403
2009-04-09,0.7488956694736458
2009-04-10,0.6666557044723436
2009-04-11,0.6036835390606282
2009-04-12,0.5549933986659793
2009-04-13,0.5169885603325984
2009-04-14,0.48704716763544925
2009-04-15,0.4633951088808612
2009-04-16,0.44431784926053225
2009-04-17,0.4288017526038497
2009-04-18,0.41611135183931264
2009-04-19,0.4056291758120711
2009-04-20,0.3968827058903233
2009-04-21,0.39133637489336004
2009-04-22,0.39334984490159014
2009-04-23,0.38952790079723904
2009-04-24,0.38358206049000887
2009-04-25,0.5376905919849623
2009-04-26,0.6728512544049831
2009-04-27,0.6040481793199229
2009-04-28,0.6286191147100009
2009-04-29,0.6552409031631717
2009-04-30,0.5901622676270215
2009-05-01,0.5398916285192888
2009-05-02,0.5035930409583197
2009-05-03,0.4968643668232228
2009-05-04,0.5193473933173298
2009-05-05,0.5242913527712393
2009-05-06,0.4904769727340939
2009-05-07,0.9423908516161109
2009-05-08,1.379630039431725
2009-05-09,1.155888657592631
2009-05-10,0.9653115575493519
2009-05-11,0.8238902918712484
2009-05-12,0.7177862333428692
2009-05-13,0.6373342189517619
2009-05-14,0.5757187459166673
2009-05-15,0.5280745914316123
2009-05-16,0.4908894433022175
2009-05-17,0.46160124742086633
2009-05-18,0.4570368737838298
2009-05-19,0.45695977700746554
2009-05-20,0.4342404728370927
2009-05-21,0.42127771633421385
2009-05-22,0.4551031318078657
2009-05-23,0.5520559079484162
2009-05-24,0.6822846791179654
2009-05-25,0.711030833105641
2009-05-26,0.7167052375301938
2009-05-27,0.7134275739224996
2009-05-28,0.6548089035789549
2009-05-29,0.732824979702472
2009-05-30,0.8201163519279783
2009-05-31,0.7679520223282488
2009-06-01,0.6736578481037516
2009-06-02,0.6010827678733515
2009-06-03,0.5453154993055918
2009-06-04,0.5229673107258558
2009-06-05,0.5060138692816325
2009-06-06,0.4711815665872899
2009-06-07,0.48909304687025684
2009-06-08,0.5233034962515191
2009-06-09,0.5452641496356064
2009-06-10,0.540724845786841
2009-06-11,0.49803210791014346
2009-06-12,0.4642310356743877
2009-06-13,0.4372678562615047
2009-06-14,0.4157887459696427
2009-06-15,0.3985241332391358
2009-06-16,0.3845203069124313
2009-06-17,0.38719459041976273
2009-06-18,0.38540082704893447
2009-06-19,0.4530509925320078
2009-06-20,0.5117708565772117
2009-06-21,0.4736623724370286
2009-06-22,0.44277936599594203
2009-06-23,0.41832048370562175
2009-06-24,0.39877665268465284
2009-06-25,0.38730070765264907
2009-06-26,0.3834584062676785
2009-06-27,0.6539383296499851
2009-06-28,0.9383684008809853
2009-06-29,0.8285612931342262
2009-06-30,0.7136534427766724
2009-07-01,0.6265677702679993
2009-07-02,0.6348378984500478
2009-07-03,0.6368120878008403
2009-07-04,0.5777189622207642
2009-07-05,0.5309913131425604
2009-07-06,0.4862483992459136
2009-07-07,0.45128082264288155
2009-07-08,0.42372025419332454
2009-07-09,0.40180537174291464
2009-07-10,0.4956345145510812
2009-07-11,0.6240990729338962
2009-07-12,0.605076142466468
2009-07-13,0.5497632458284635
2009-07-14,0.5036196844377604
2009-07-15,0.4645510329322133
2009-07-16,0.47363007860262024
2009-07-17,0.5144509266840173
2009-07-18,0.5058149973297722
2009-07-19,0.4957897195775489
2009-07-20,0.49132006902367964
2009-07-21,0.4688928282281299
2009-07-22,0.4403193356926592
2009-07-23,0.41321330055239924
2009-07-24,0.3916526821485855
2009-07-25,0.3743595544033928
2009-07-26,0.3603656185602908
2009-07-27,0.34893864461193874
2009-07-28,0.3395209540716051
2009-07-29,0.33168496435075984
2009-07-30,0.3251007806906277
2009-07-31,0.31951237623654977
2009-08-01,0.31471994898649075
2009-08-02,0.3105667587329604
2009-08-03,0.31832116926264525
2009-08-04,0.4243815105561028
2009-08-05,0.4918325264521734
2009-08-06,0.45032871173220806
2009-08-07,0.4178195935509282
2009-08-08,0.3960556971901909
2009-08-09,0.3827534219771715
2009-08-10,0.3665010618475581
2009-08-11,0.5055260423996555
2009-08-12,0.606319486559434
2009-08-13,0.5377644217406723
2009-08-14,0.48496950204707706
2009-08-15,0.44400885425224934
2009-08-16,0.4119478577144955
2009-08-17,0.38663485063532477
2009-08-18,0.366477601907591
2009-08-19,0.36629274037953813
2009-08-20,0.3786055995576943
2009-08-21,0.36785402625837554
2009-08-22,0.3509028793827657
2009-08-23,0.3371894952134167
2009-08-24,0.3260063341234322
2009-08-25,0.3168041747736518
2009-08-26,0.30916176359476316
2009-08-27,0.3031994093786919
2009-08-28,0.30730415523623084
2009-08-29,0.30834468504533086
2009-08-30,0.3060651383424486
2009-08-31,0.3047790950042714
2009-09-01,0.2982554823000238
2009-09-02,0.2927382533864659
2009-09-03,0.28803084886635605
2009-09-04,0.28397308477612065
2009-09-05,0.28047313581119787
2009-09-06,0.277372963193652
2009-09-07,0.27459912306970635
2009-09-08,0.2721076943103748
2009-09-09,0.2698476411196335
2009-09-10,0.3061861853454248
2009-09-11,0.36662467272390264
2009-09-12,0.38199543495320687
2009-09-13,0.40875873443636673
2009-09-14,0.41338064010545006
2009-09-15,0.39009521061855873
2009-09-16,0.3678916421296392
2009-09-17,0.3460405569704686
2009-09-18,0.328582394703865
2009-09-19,0.3145212135795711
2009-09-20,0.303098827410857
2009-09-21,0.2937388185173308
2009-09-22,0.31078157069338225
2009-09-23,0.3268598089549615
2009-09-24,0.31235218081740207
2009-09-25,0.3021967470954254
2009-09-26,0.3143781721867995
2009-09-27,0.318250917594746
2009-09-28,0.30486513900572515
2009-09-29,0.2939653817062509
2009-09-30,0.29914900025823193
2009-10-01,0.30506210362522407
2009-10-02,0.2936849680975117
2009-10-03,0.284359130841593
2009-10-04,0.27665654666963596
2009-10-05,0.2702368415408091
2009-10-06,0.2648362181203377
2009-10-07,0.2602490722003984
2009-10-08,0.25631430265151073
2009-10-09,0.25290504521673346
2009-10-10,0.2499209230105041
2009-10-11,0.2815166118877306
2009-10-12,0.3202689976775195
2009-10-13,0.3190623360236205
2009-10-14,0.4555718029982208
2009-10-15,0.6890010910991625
2009-10-16,0.7917712889257649
2009-10-17,0.7288423786454464
2009-10-18,0.6314924629626132
2009-10-19,0.6582208711105633
2009-10-20,0.6989080171781646
2009-10-21,0.7092792035287402
2009-10-22,0.8423622712092085
2009-10-23,0.8950276197613335
2009-10-24,0.780695721952782
2009-10-25,0.6600090168682823
2009-10-26,0.5682547561573549
2009-10-27,0.49846352356705376
2009-10-28,0.703919814696507
2009-10-29,1.0138525865598815
2009-10-30,0.9676899387868301
2009-10-31,0.799796839159904
2009-11-01,0.6912916670664598
2009-11-02,0.6139425463604511
2009-11-03,0.5363302710868344
2009-11-04,0.4980775396990913
2009-11-05,0.45897624541918525
2009-11-06,0.4154128045151042
2009-11-07,0.3814145815805537
2009-11-08,0.39459248655276946
2009-11-09,0.4075169441895245
2009-11-10,0.40118135015493744
2009-11-11,0.45173106213047975
2009-11-12,0.5089652105152497
2009-11-13,0.6513447001764714
2009-11-14,0.7276217539550321
2009-11-15,0.9604986196892765
2009-11-16,1.4602439352499734
2009-11-17,1.496420781227999
2009-11-18,1.188953427250129
2009-11-19,0.9650981885686454
2009-11-20,0.8086757048973109
2009-11-21,0.6984302424441955
2009-11-22,0.60077790425322
2009-11-23,0.6235314004778877
2009-11-24,0.7035195828394283
2009-11-25,0.6577902088953503
2009-11-26,0.8180266208725419
2009-11-27,0.9536213240017126
2009-11-28,0.841360679117709
2009-11-29,0.7340035915826789
2009-11-30,0.62872402253869
2009-12-01,0.5489779500745146
2009-12-02,0.4879973995322602
2009-12-03,0.44093647099219263
2009-12-04,0.4045887385434111
2009-12-05,0.37690000978941707
2009-12-06,0.3538279075384942
2009-12-07,0.33541157140444017
2009-12-08,0.32059052880071054
2009-12-09,0.30856177452422007
2009-12-10,0.2987148545017957
2009-12-11,0.29058254138702877
2009-12-12,0.28380495265666245
2009-12-13,0.27810323022743955
2009-12-14,0.39869640093860775
2009-12-15,0.5974057508636733
2009-12-16,0.6118571610628594
2009-12-17,0.5340714460614893
2009-12-18,0.47455766268030564
2009-12-19,0.42860648066741747
2009-12-20,0.49863385484374284
2009-12-21,0.7343210289700934
2009-12-22,0.7115955095594132
2009-12-23,0.6098709634078813
2009-12-24,0.5327306434944417
2009-12-25,0.47369043485070517
2009-12-26,0.4280900083705716
2009-12-27,0.3925607497332133
2009-12-28,0.36464255369198545
2009-12-29,0.34252162180362095
2009-12-30,0.3248488102402905
2009-12-31,0.31061232278921735
2010-01-01,0.5489324154898138
2010-01-02,0.892338175479567
2010-01-03,0.9301493549495378
2010-01-04,0.8227320535674213
2010-01-05,0.6933616635720378
2010-01-06,0.5960888354976526
2010-01-07,0.5222264873469641
2010-01-08,0.4656060206113892
2010-01-09,0.4218090689236538
2010-01-10,0.3876359529052958
2010-01-11,0.36074593314237563
2010-01-12,0.3394104901472777
2010-01-13,0.458178467223199
2010-01-14,0.7612224121914074
2010-01-15,1.00684822292739
2010-01-16,0.9835672401304496
2010-01-17,0.8456721887512337
2010-01-18,0.7447927551389036
2010-01-19,0.6354931789419112
2010-01-20,0.552816718223101
2010-01-21,0.48967981891027446
2010-01-22,0.44101834013959024
2010-01-23,0.4031810879597862
2010-01-24,0.37350787895525356
2010-01-25,0.3500417043635358
2010-01-26,0.5780088497679418
2010-01-27,0.7404725077188852
2010-01-28,0.747397579885052
2010-01-29,0.6456191697513914
2010-01-30,0.560370889067469
2010-01-31,0.4953385872021235
2010-02-01,0.4452728015387306
2010-02-02,0.518016179313974
2010-02-03,0.5739735180254124
2010-02-04,0.5640609932958508
2010-02-05,0.5561301352037614
2010-02-06,0.49204162272190355
2010-02-07,0.8943636792594779
2010-02-08,1.5929289365863157
2010-02-09,1.9054493238367372
2010-02-10,1.7399014671969102
2010-02-11,1.3742826842670304
2010-02-12,1.2285594437612495
2010-02-13,1.0991889727639605
2010-02-14,0.9032951473306086
2010-02-15,1.3722894146722762
2010-02-16,1.842821725819923
2010-02-17,1.5646734020902844
2010-02-18,1.2456287160101442
2010-02-19,1.013693396063647
2010-02-20,1.0705222348136145
2010-02-21,1.1012185870115483
2010-02-22,0.9318320985546681
2010-02-23,1.057953107024465
2010-02-24,1.2731773739804344
2010-02-25,1.2792850649309249
2010-02-26,1.1694080679496683
2010-02-27,0.9949207588971308
2010-02-28,0.8317555998675211
2010-03-01,0.710023732086587
2010-03-02,0.6182471149244976
2010-03-03,0.5483558204973974
2010-03-04,0.4946214486829237
2010-03-05,0.45292992962350875
2010-03-06,0.4202946230656986
2010-03-07,0.39452569712423435
2010-03-08,0.37400269442808454
2010-03-09,0.3575161897903485
2010-03-10,0.3441563134029255
2010-03-11,0.6423836483970785
2010-03-12,1.0940623468805808
2010-03-13,1.1077323445579907
2010-03-14,0.9354956888293481
2010-03-15,0.7870828127625157
2010-03-16,0.6759906277357753
2010-03-17,0.5919737562890909
2010-03-18,0.5278024968583628
2010-03-19,0.4783263278465902
2010-03-20,0.48857580368488085
2010-03-21,0.49389343277562103
2010-03-22,0.45179556340680893
2010-03-23,0.41882325197043496
2010-03-24,0.3928016736364804
2010-03-25,0.3720886271735393
2010-03-26,0.355458926387207
2010-03-27,0.34199117243452387
2010-03-28,0.334673394199357
2010-03-29,0.3565232703639653
2010-03-30,0.36533061072791706
2010-03-31,0.5071358368726755
2010-04-01,0.7977465915786576
2010-04-02,1.0512291597293049
2010-04-03,1.0543397342289818
2010-04-04,0.873795578243315
2010-04-05,0.7395818055220004
2010-04-06,0.6387851895897352
2010-04-07,0.5623044271622931
2010-04-08,0.5037086306678916
2010-04-09,0.4778768600661476
2010-04-10,0.6363897612755897
2010-04-11,0.7312872808235794
2010-04-12,0.6323515399712621
2010-04-13,0.5571735897173452
2010-04-14,0.4995628205658778
2010-04-15,0.45500307806532375
2010-04-16,0.42022833411572624
2010-04-17,0.3928522257402236
2010-04-18,0.37111446922866476
2010-04-19,0.3537051029758728
2010-04-20,0.33964125868897055
2010-04-21,0.32817983016146934
2010-04-22,0.3187549606060857
2010-04-23,0.31093287561710964
2010-04-24,0.304378962295146
2010-04-25,0.2988335766707934
2010-04-26,0.2940941277689701
2010-04-27,0.2900017132675115
2010-04-28,0.28643108197045086
2010-04-29,0.2832830460778409
2010-04-30,0.2804787101872984
2010-05-01,0.2779550565707722
2010-05-02,0.2756615493954491
2010-05-03,0.2735575090654944
2010-05-04,0.274730067885052
2010-05-05,0.2894598304614662
2010-05-06,0.3048184112271832
2010-05-07,0.30286579052458035
2010-05-08,0.29502776492486127
2010-05-09,0.28847294141953
2010-05-10,0.28294575532096694
2010-05-11,0.278238797284108
2010-05-12,0.274189593668319
2010-05-13,0.2739667192073378
2010-05-14,0.3113703175016275
2010-05-15,0.38409806215285597
2010-05-16,0.3902910463056104
2010-05-17,0.381410599015576
2010-05-18,0.4676059204563232
2010-05-19,0.5149463529622232
2010-05-20,0.4628586245221253
2010-05-21,0.41950689821107884
2010-05-22,0.5046613244944474
2010-05-23,0.5663461462373909
2010-05-24,0.49930279705073505
2010-05-25,0.4476852592248291
2010-05-26,0.40763581045562863
2010-05-27,0.3762944653700134
2010-05-28,0.35156174858142625
2010-05-29,0.3318823450124445
2010-05-30,0.316094255651913
2010-05-31,0.30332245571126076
2010-06-01,0.30037372076500785
2010-06-02,0.30207554201916126
2010-06-03,0.30234697073563654
2010-06-04,0.3046275549035438
2010-06-05,0.2950981489934627
2010-06-06,0.28550832146117483
2010-06-07,0.27759057262956927
2010-06-08,0.2709978214792956
2010-06-09,0.26545715331971864
2010-06-10,0.2622008860317882
2010-06-11,0.4302380986740786
2010-06-12,0.5725734944115225
2010-06-13,0.521917706879646
2010-06-14,0.5304728575952747
2010-06-15,0.5561954593698114
2010-06-16,0.5267864601852905
2010-06-17,0.5298438115322869
2010-06-18,0.5297141677608529
2010-06-19,0.4683400215277936
2010-06-20,0.4209937368813485
2010-06-21,0.3841825840421891
2010-06-22,0.35552274102139464
2010-06-23,0.3327529625393746
2010-06-24,0.31496179635737326
2010-06-25,0.33013852128852483
2010-06-26,0.34646730445243196
2010-06-27,0.32623882273525046
2010-06-28,0.3194594531071769
2010-06-29,0.3175104982470232
2010-06-30,0.302043138105312
2010-07-01,0.2891656924068165
2010-07-02,0.2786827901954249
2010-07-03,0.27007656744675657
2010-07-04,0.26294933632649026
2010-07-05,0.256993807657482
2010-07-06,0.2519711623057715
2010-07-07,0.29463827879618115
2010-07-08,0.4859600418409004
2010-07-09,0.5944056237652677
2010-07-10,0.5254790532415532
2010-07-11,0.46246947974382957
2010-07-12,0.4142339954578409
2010-07-13,0.376614212127649
2010-07-14,0.3470565325481334
2010-07-15,0.3237221026516737
2010-07-16,0.30515050494361157
2010-07-17,0.3056719699320542
2010-07-18,0.30651283603963314
2010-07-19,0.2911250861837099
2010-07-20,0.278679355975758
2010-07-21,0.272786538239718
2010-07-22,0.26753739286124584
2010-07-23,0.25927618635097566
2010-07-24,0.26973304425367656
2010-07-25,0.27954893310616485
2010-07-26,0.323010279330961
2010-07-27,0.3912799655322697
2010-07-28,0.3933462119970868
2010-07-29,0.42391756216143656
2010-07-30,0.4587416325031001
2010-07-31,0.4251898992852934
2010-08-01,0.3830728289074737
2010-08-02,0.36074256480464045
2010-08-03,0.35487032357512444
2010-08-04,0.3441860295806655
2010-08-05,0.3305116661819018
2010-08-06,0.32648289036664213
2010-08-07,0.3138080788939853
2010-08-08,0.29522983067104175
2010-08-09,0.33176878447365193
2010-08-10,0.4368824823091802
2010-08-11,0.45966366984575835
2010-08-12,0.41008617957790866
2010-08-13,0.3705633943540128
2010-08-14,0.33967285562811994
2010-08-15,0.31533151747702415
2010-08-16,0.29599685305889084
2010-08-17,0.2846603065496803
2010-08-18,0.2743365096765094
2010-08-19,0.26295127368082366
2010-08-20,0.2536495956738007
2010-08-21,0.24599297664065958
2010-08-22,0.23963657605047037
2010-08-23,0.23431305686752876
2010-08-24,0.22981400314653203
2010-08-25,0.2259760746632219
2010-08-26,0.2226706194093795
2010-08-27,0.21979582929758426
2010-08-28,0.21727077972775588
2010-08-29,0.21503087404410215
2010-08-30,0.21358299538178657
2010-08-31,0.22205247133078057
2010-09-01,0.2351077056933508
2010-09-02,0.23215301774451993
2010-09-03,0.22664296035684442
2010-09-04,0.22200093394429818
2010-09-05,0.21809557592266035
2010-09-06,0.21472381593347997
2010-09-07,0.2117903976227119
2010-09-08,0.20922633070850338
2010-09-09,0.20696284614537389
2010-09-10,0.20494493241538658
2010-09-11,0.20312841097403678
2010-09-12,0.20147767102962325
2010-09-13,0.19996390639474068
2010-09-14,0.19856373671911873
2010-09-15,0.19725812451126745
2010-09-16,0.19603152088846595
2010-09-17,0.1948711890235099
2010-09-18,0.1939437449239804
2010-09-19,0.19293792774239538
2010-09-20,0.23469343867955195
2010-09-21,0.26271425278425103
2010-09-22,0.2524081894186179
2010-09-23,0.2821284414076178
2010-09-24,0.30234836948374455
2010-09-25,0.3000037373978136
2010-09-26,0.2865287853098983
2010-09-27,0.26693573352886435
2010-09-28,0.25150043583207443
2010-09-29,0.23908695138010702
2010-09-30,0.2290257352201629
2010-10-01,0.24262946390508122
2010-10-02,0.25292218831903507
2010-10-03,0.38893263043596443
2010-10-04,0.5731831086022475
2010-10-05,0.5756335410939001
2010-10-06,0.49876431205797456
2010-10-07,0.43189359635080243
2010-10-08,0.382073385557955
2010-10-09,0.34335053375188845
2010-10-10,0.3283527162914159
2010-10-11,0.3632562068181678
2010-10-12,0.36828340620742966
2010-10-13,0.3311417143649094
2010-10-14,0.3020792307291462
2010-10-15,0.2791824179916192
2010-10-16,0.2610021781145956
2010-10-17,0.24645557446208433
2010-10-18,0.23472683204634492
2010-10-19,0.2251968451547343
2010-10-20,0.21739249086977555
2010-10-21,0.21094984967055738
2010-10-22,0.20558728843282914
2010-10-23,0.20108560275016227
2010-10-24,0.1972732564436451
2010-10-25,0.19401533181717365
2010-10-26,0.19120520229404414
2010-10-27,0.1957881608767615
2010-10-28,0.21202161291897503
2010-10-29,0.23561326289996576
2010-10-30,0.24151965336162842
2010-10-31,0.22930632079979305
2010-11-01,0.21939315045375476
2010-11-02,0.21129550884705794
2010-11-03,0.20462876179893472
2010-11-04,0.1990956455282468
2010-11-05,0.1944650819850597
2010-11-06,0.1905564583115356
2010-11-07,0.18722787691643542
2010-11-08,0.18436731357058797
2010-11-09,0.18188592110133636
2010-11-10,0.1797129272551581
2010-11-11,0.17779172487701733
2010-11-12,0.17607685945835208
2010-11-13,0.17461350848349533
2010-11-14,0.20835727907712098
2010-11-15,0.23539373274922407
2010-11-16,0.2226040061999184
2010-11-17,0.25338843441786013
2010-11-18,0.3119235727221724
2010-11-19,0.313693359315705
2010-11-20,0.2844362383600067
2010-11-21,0.2613796358270423
2010-11-22,0.300671509888182
2010-11-23,0.39929210783027386
2010-11-24,0.49731619797012994
2010-11-25,0.49729532970513673
2010-11-26,0.4267921215152144
2010-11-27,0.3725528323708159
2010-11-28,0.3306506660027391
2010-11-29,0.2980142009207296
2010-11-30,0.2723945578672356
2010-12-01,0.25212975433286106
2010-12-02,0.24805852253272306
2010-12-03,0.2471169396696139
2010-12-04,0.23187968333359676
2010-12-05,0.26291687455793583
2010-12-06,0.3010071975390524
2010-12-07,0.3463800643851547
2010-12-08,0.35999891582689414
2010-12-09,0.3205693499838738
2010-12-10,0.2897766631415496
2010-12-11,0.2659809223486124
2010-12-12,0.5364698873735776
2010-12-13,0.6873052934663061
2010-12-14,0.6156228429654867
2010-12-15,0.5602073525604202
2010-12-16,0.4749755343952542
2010-12-17,0.41005716831711553
2010-12-18,0.37179788666471275
2010-12-19,0.3449976337789696
2010-12-20,0.3097302582910439
2010-12-21,0.2820996741621383
2010-12-22,0.32089942803332144
2010-12-23,1.0555110946791186
2010-12-24,1.5761011841563042
2010-12-25,1.292264995894894
2010-12-26,1.1223992289924989
2010-12-27,0.932203957254827
2010-12-28,0.7616463943969216
2010-12-29,0.8618085622255052
2010-12-30,0.9157282799917712
2010-12-31,0.7457270529449954
