time,Qrouted
2071-01-01,33.213400517959194
2071-01-02,41.45627895712286
2071-01-03,46.46695662307999
2071-01-04,33.81951754095411
2071-01-05,26.839686987595783
2071-01-06,23.30789657462716
2071-01-07,18.273248408858095
2071-01-08,14.976537577690399
2071-01-09,14.964581700612728
2071-01-10,15.348485698383358
2071-01-11,12.83517514339014
2071-01-12,10.803921980058687
2071-01-13,10.174922800537217
2071-01-14,14.85699669244682
2071-01-15,18.63543966373445
2071-01-16,16.013206440911137
2071-01-17,13.140696733271616
2071-01-18,11.337808481536017
2071-01-19,10.077913253793552
2071-01-20,8.723899599787158
2071-01-21,7.694980632573524
2071-01-22,6.905628454065725
2071-01-23,6.293989898240149
2071-01-24,5.815295840164637
2071-01-25,5.436839755159654
2071-01-26,5.134520241262673
2071-01-27,4.890433493651153
2071-01-28,4.691179277080065
2071-01-29,5.474777756271378
2071-01-30,6.207135154986336
2071-01-31,6.557152094883765
2071-02-01,7.250385980643139
2071-02-02,7.825076889419343
2071-02-03,7.826481196375092
2071-02-04,8.138237736665202
2071-02-05,10.58716690365363
2071-02-06,13.172393273998871
2071-02-07,15.032978679623175
2071-02-08,16.0792205263224
2071-02-09,19.776645369506706
2071-02-10,23.20008285008464
2071-02-11,20.482419570632437
2071-02-12,19.73522006418693
2071-02-13,19.279547991478967
2071-02-14,16.639639051693518
2071-02-15,13.689220707732607
2071-02-16,11.475154911410394
2071-02-17,9.822833426847827
2071-02-18,8.576630581071095
2071-02-19,7.626940979893373
2071-02-20,6.895824143972994
2071-02-21,6.3272633986721525
2071-02-22,6.134050194880511
2071-02-23,5.95918150723521
2071-02-24,5.598131666740965
2071-02-25,5.698795290270546
2071-02-26,5.863429793995388
2071-02-27,5.494074644975914
2071-02-28,5.207164634749257
2071-03-01,6.715122513298925
2071-03-02,9.092264134547943
2071-03-03,9.35250979028665
2071-03-04,8.802228610332962
2071-03-05,8.504115366028058
2071-03-06,12.643964321052886
2071-03-07,17.57057188411983
2071-03-08,18.432419026072665
2071-03-09,18.297955870609613
2071-03-10,19.04012235981683
2071-03-11,19.344420430242355
2071-03-12,16.920731831321266
2071-03-13,14.315362537814266
2071-03-14,11.9574536582673
2071-03-15,10.201401810241167
2071-03-16,11.527974402524476
2071-03-17,17.418419778096897
2071-03-18,19.593928875413418
2071-03-19,16.279273235563597
2071-03-20,13.44262397773558
2071-03-21,11.344136813781523
2071-03-22,9.77503845919166
2071-03-23,8.589109328019937
2071-03-24,7.6833817201875085
2071-03-25,6.98451117689132
2071-03-26,6.4397006269637265
2071-03-27,6.0105722426863215
2071-03-28,5.668976569192093
2071-03-29,5.394092537219046
2071-03-30,5.170398686687572
2071-03-31,4.986239368152072
2071-04-01,4.832801775754393
2071-04-02,4.703379591216749
2071-04-03,4.592838511391625
2071-04-04,4.4972252678908875
2071-04-05,4.413479504674679
2071-04-06,4.828266046216803
2071-04-07,5.296426615178226
2071-04-08,5.040125791379938
2071-04-09,4.830087672917858
2071-04-10,4.657106234604607
2071-04-11,4.512959237694321
2071-04-12,4.391379706319715
2071-04-13,4.287562532741109
2071-04-14,4.197802782699211
2071-04-15,4.272985583541728
2071-04-16,4.368044162526192
2071-04-17,4.248437898232727
2071-04-18,4.14559888323217
2071-04-19,4.324619393871833
2071-04-20,4.518673375902774
2071-04-21,4.349892985122021
2071-04-22,4.208483590224488
2071-04-23,4.089657013167052
2071-04-24,3.988593305379722
2071-04-25,3.901577762907099
2071-04-26,3.8257321719707993
2071-04-27,3.7989903273422914
2071-04-28,3.807175147227202
2071-04-29,3.7414587238499237
2071-04-30,4.217589897827792
2071-05-01,4.738070893961814
2071-05-02,4.724939494291256
2071-05-03,5.156659834478165
2071-05-04,6.285804302948459
2071-05-05,6.978602304644991
2071-05-06,6.228311109795086
2071-05-07,9.040867643200881
2071-05-08,11.899117161338138
2071-05-09,10.581715857882251
2071-05-10,12.769333679252119
2071-05-11,15.876489765096673
2071-05-12,16.30986803774265
2071-05-13,15.263998648660802
2071-05-14,16.627204160230956
2071-05-15,17.816171177563948
2071-05-16,16.03057831953227
2071-05-17,14.591450873516456
2071-05-18,12.197909499864245
2071-05-19,10.241673596360895
2071-05-20,8.777147447707433
2071-05-21,8.40994606614431
2071-05-22,8.190606147225294
2071-05-23,7.222242369758518
2071-05-24,6.476360240227863
2071-05-25,5.898046004416056
2071-05-26,5.792411204209958
2071-05-27,5.977943934822796
2071-05-28,6.362492147529793
2071-05-29,6.443894920105627
2071-05-30,5.857894873681283
2071-05-31,5.398634795504616
2071-06-01,5.036146056387821
2071-06-02,4.747109689018804
2071-06-03,4.580165121452644
2071-06-04,5.919349505053408
2071-06-05,7.000964224790824
2071-06-06,6.265668370143021
2071-06-07,5.695274390116569
2071-06-08,5.5192140807916195
2071-06-09,5.389489093305986
2071-06-10,5.003061345499323
2071-06-11,4.694688321114773
2071-06-12,4.447197214703922
2071-06-13,4.246477253020525
2071-06-14,4.182294006109666
2071-06-15,4.117702024855615
2071-06-16,3.970867498868579
2071-06-17,3.8475637972253924
2071-06-18,3.743530400684483
2071-06-19,3.65469654009491
2071-06-20,3.577916016449013
2071-06-21,3.510744470859695
2071-06-22,3.4512734056200767
2071-06-23,3.3980057038271965
2071-06-24,3.3497617064779743
2071-06-25,4.10569159023076
2071-06-26,5.385761809184703
2071-06-27,6.528283634786418
2071-06-28,7.1611347081881975
2071-06-29,6.304037536098879
2071-06-30,5.629796633740575
2071-07-01,5.110577685572901
2071-07-02,6.41069099072273
2071-07-03,7.760873312152388
2071-07-04,6.951364261616614
2071-07-05,6.298744504500848
2071-07-06,5.671467463300868
2071-07-07,8.144262727530881
2071-07-08,10.794968684637716
2071-07-09,9.409624314642551
2071-07-10,8.033735362043172
2071-07-11,6.961327074964861
2071-07-12,6.142749156916288
2071-07-13,5.511926523553836
2071-07-14,5.021191268038847
2071-07-15,4.865763827391541
2071-07-16,5.866567775392728
2071-07-17,6.435034136292281
2071-07-18,5.729910904772175
2071-07-19,5.347067939778824
2071-07-20,5.220768749208282
2071-07-21,6.2590122353097755
2071-07-22,7.546323577776037
2071-07-23,7.004702023387893
2071-07-24,6.159968350258137
2071-07-25,5.509420319681257
2071-07-26,5.004444045564033
2071-07-27,4.608732869874069
2071-07-28,4.468068533728132
2071-07-29,4.481159520204259
2071-07-30,4.218729246058582
2071-07-31,4.362582796529611
2071-08-01,4.799949577651213
2071-08-02,4.8854001833425835
2071-08-03,4.753731905881353
2071-08-04,4.499666387340132
2071-08-05,4.231953405912116
2071-08-06,3.974774927591728
2071-08-07,3.7674319934680973
2071-08-08,3.598942127987939
2071-08-09,3.4605693193936005
2071-08-10,3.3456807710572884
2071-08-11,3.4289106065605615
2071-08-12,3.5221370548696758
2071-08-13,3.3864148138577312
2071-08-14,3.2728065830133026
2071-08-15,3.1773999211608346
2071-08-16,3.0963666689595506
2071-08-17,3.026742096917158
2071-08-18,2.9662185334188647
2071-08-19,2.9129911229161642
2071-08-20,2.8656418347884096
2071-08-21,2.823051727199809
2071-08-22,2.7843342151879042
2071-08-23,2.7487840472370824
2071-08-24,2.717631548716023
2071-08-25,2.7002274525792322
2071-08-26,2.697828437156108
2071-08-27,2.7457154682161407
2071-08-28,3.3655003095474396
2071-08-29,3.9330036943980313
2071-08-30,4.117062359808352
2071-08-31,5.614178880887182
2071-09-01,6.897115997554084
2071-09-02,6.329115462222703
2071-09-03,5.510976473261905
2071-09-04,4.881721254219294
2071-09-05,4.393716885602619
2071-09-06,4.011873635143828
2071-09-07,3.74700848559826
2071-09-08,3.5567949331511657
2071-09-09,3.457070348372468
2071-09-10,3.3970613518609234
2071-09-11,3.2151809846540864
2071-09-12,3.06654189735741
2071-09-13,2.9444139261032656
2071-09-14,2.843036289273538
2071-09-15,2.7579867773148337
2071-09-16,2.6858518139147995
2071-09-17,2.6239825455088526
2071-09-18,2.5703133000146994
2071-09-19,2.523225597630067
2071-09-20,2.481445664194402
2071-09-21,2.4439667483430387
2071-09-22,2.4099899176680792
2071-09-23,2.37887870397559
2071-09-24,2.3501241865718856
2071-09-25,2.323317985085001
2071-09-26,2.2981312766089927
2071-09-27,2.27429842376447
2071-09-28,2.284935477595447
2071-09-29,2.354891848856481
2071-09-30,2.792619024420697
2071-10-01,3.8468720810818504
2071-10-02,4.183393080041551
2071-10-03,3.7677511592726822
2071-10-04,3.441108147769063
2071-10-05,3.1824280826358335
2071-10-06,2.975803872589078
2071-10-07,2.8093038609006116
2071-10-08,2.6739161425560436
2071-10-09,2.562789756340502
2071-10-10,2.470684649447423
2071-10-11,2.39356980774912
2071-10-12,2.715423054924035
2071-10-13,3.753563908728213
2071-10-14,4.128110763066165
2071-10-15,3.7172836663164737
2071-10-16,4.5073553968645825
2071-10-17,5.416672244396527
2071-10-18,4.970910746972958
2071-10-19,4.365549558718462
2071-10-20,3.8905049181082867
2071-10-21,3.519528290641319
2071-10-22,3.227363870885694
2071-10-23,3.0758830563614215
2071-10-24,3.1976367397598007
2071-10-25,3.294550142593314
2071-10-26,3.5234992405701373
2071-10-27,3.795021658617023
2071-10-28,3.6498643235276877
2071-10-29,4.533712036212506
2071-10-30,6.08362820323886
2071-10-31,6.978679216318041
2071-11-01,7.4105650753071695
2071-11-02,6.920991602637258
2071-11-03,6.587940095265218
2071-11-04,6.543891548577701
2071-11-05,6.251970538552709
2071-11-06,5.614106589037429
2071-11-07,5.186262866569711
2071-11-08,6.498122475722915
2071-11-09,7.409217856460031
2071-11-10,6.733513045455453
2071-11-11,8.212407302926023
2071-11-12,9.045479938896323
2071-11-13,8.054416588864731
2071-11-14,7.261942140479317
2071-11-15,6.23181767463135
2071-11-16,5.378725894385283
2071-11-17,5.056037757543275
2071-11-18,8.648998747101858
2071-11-19,12.423646772899168
2071-11-20,11.190473950798241
2071-11-21,9.269847539376581
2071-11-22,7.710930833312809
2071-11-23,6.538323552965369
2071-11-24,5.647964363592994
2071-11-25,6.068944877464332
2071-11-26,10.719427244892627
2071-11-27,16.120854118961333
2071-11-28,18.398597275559496
2071-11-29,19.275641515087077
2071-11-30,18.066942919415958
2071-12-01,15.297770797389704
2071-12-02,12.30497309132243
2071-12-03,10.079828633936543
2071-12-04,8.424121085902385
2071-12-05,7.17939190085512
2071-12-06,6.234485596863848
2071-12-07,5.510389393829801
2071-12-08,4.950369872329334
2071-12-09,5.1734199012686775
2071-12-10,8.278350054576363
2071-12-11,10.15774441928784
2071-12-12,8.494222848359255
2071-12-13,7.704613637301463
2071-12-14,7.397411873464679
2071-12-15,6.6071454794164675
2071-12-16,5.80733930900544
2071-12-17,5.19068253307841
2071-12-18,4.711077778417734
2071-12-19,4.334619589580034
2071-12-20,4.0363714269903
2071-12-21,3.7978413883579685
2071-12-22,3.605210897770496
2071-12-23,3.4480792451381532
2071-12-24,3.318565391535586
2071-12-25,3.210659731501399
2071-12-26,5.366716891379397
2071-12-27,14.552695156783187
2071-12-28,28.522394982206098
2071-12-29,29.23469260993042
2071-12-30,21.965206406397417
2071-12-31,24.563221424401387
2072-01-01,24.720530111599118
2072-01-02,18.479483334696408
2072-01-03,14.753595963410975
2072-01-04,12.043130477901775
2072-01-05,10.778781366324111
2072-01-06,9.893182580497541
2072-01-07,10.781089194457415
2072-01-08,11.700311647670114
2072-01-09,10.473771277309035
2072-01-10,9.643674960983342
2072-01-11,8.247451508621216
2072-01-12,7.188682294073586
2072-01-13,6.378922697510316
2072-01-14,5.753617281842473
2072-01-15,5.2661137571516194
2072-01-16,4.8823783456992755
2072-01-17,4.78642242411136
2072-01-18,5.3482727756815125
2072-01-19,18.4453269911707
2072-01-20,41.28245659631785
2072-01-21,37.45772923849214
2072-01-22,25.88936840126175
2072-01-23,19.907604618897256
2072-01-24,15.921662114970067
2072-01-25,13.017698734770036
2072-01-26,11.432514508526602
2072-01-27,10.337919329085123
2072-01-28,11.427951153479734
2072-01-29,13.082662696574646
2072-01-30,11.649103369809724
2072-01-31,10.426743669703923
2072-02-01,11.936575095963454
2072-02-02,13.61977929199144
2072-02-03,14.895501924432722
2072-02-04,15.412776246568457
2072-02-05,12.97685577099376
2072-02-06,10.891528325908586
2072-02-07,12.443915984411651
2072-02-08,14.018326387213039
2072-02-09,11.774823287275261
2072-02-10,11.614351334707543
2072-02-11,14.230716605612583
2072-02-12,16.98072725831823
2072-02-13,16.546287452671752
2072-02-14,18.70812580690099
2072-02-15,25.587735250565306
2072-02-16,24.493498123493733
2072-02-17,18.964881898464398
2072-02-18,15.830615549114007
2072-02-19,16.734056089411308
2072-02-20,17.022996142958373
2072-02-21,14.140602848733792
2072-02-22,12.813804857024634
2072-02-23,12.433779603070251
2072-02-24,12.880582538632439
2072-02-25,14.7957656378286
2072-02-26,14.820205779746916
2072-02-27,17.422363757514223
2072-02-28,20.89055038629967
2072-02-29,20.374351372855966
2072-03-01,28.926381991973344
2072-03-02,32.373979962372104
2072-03-03,25.940316544221417
2072-03-04,24.337587913622787
2072-03-05,20.457804768907227
2072-03-06,16.866947144999397
2072-03-07,14.207999916460047
2072-03-08,12.071956451620599
2072-03-09,10.621349080461865
2072-03-10,9.497625315345728
2072-03-11,8.518196673739629
2072-03-12,7.763172769969614
2072-03-13,7.175005303094139
2072-03-14,6.711892603652131
2072-03-15,6.409996752516398
2072-03-16,6.189141029039228
2072-03-17,5.918638790182075
2072-03-18,5.962029981276003
2072-03-19,6.115273293970371
2072-03-20,5.850044113548182
2072-03-21,5.6232649965054655
2072-03-22,6.091771946109547
2072-03-23,11.147929329664882
2072-03-24,15.335148524502065
2072-03-25,14.08503477439013
2072-03-26,13.799176578118775
2072-03-27,13.724345554507167
2072-03-28,12.668714224991596
2072-03-29,12.09178276254891
2072-03-30,11.83841606972551
2072-03-31,12.64422803526025
2072-04-01,13.057288563719235
2072-04-02,11.176001636891284
2072-04-03,9.974079020556681
2072-04-04,8.95011719248485
2072-04-05,8.735178797037767
2072-04-06,10.099604730762023
2072-04-07,10.555947054910819
2072-04-08,10.36722612041162
2072-04-09,10.972776759221034
2072-04-10,10.674361359782376
2072-04-11,9.676859745394358
2072-04-12,9.078334053154697
2072-04-13,9.730370098122892
2072-04-14,10.278877078644273
2072-04-15,9.077600283799006
2072-04-16,8.117852598862823
2072-04-17,7.464639589191337
2072-04-18,6.954377191330241
2072-04-19,6.469425207878708
2072-04-20,7.698828808979148
2072-04-21,8.916231236031463
2072-04-22,7.975034400813423
2072-04-23,7.245586271450828
2072-04-24,6.676446839518113
2072-04-25,6.228802482018863
2072-04-26,5.872954141648743
2072-04-27,5.711910514590233
2072-04-28,5.576107489515274
2072-04-29,5.341222937176617
2072-04-30,5.200658692782911
2072-05-01,5.063100567159367
2072-05-02,4.913034304357695
2072-05-03,4.785836610271555
2072-05-04,4.676964383036124
2072-05-05,4.582585116057312
2072-05-06,5.335433694173379
2072-05-07,6.9045289294423995
2072-05-08,7.739920616862832
2072-05-09,7.888570260900907
2072-05-10,7.372737514901343
2072-05-11,6.929699311765969
2072-05-12,6.969980051080452
2072-05-13,6.7774700089410524
2072-05-14,6.229332867762074
2072-05-15,5.779559304015461
2072-05-16,5.423386097471376
2072-05-17,5.902154600197226
2072-05-18,6.768417800998695
2072-05-19,6.6107068191998835
2072-05-20,6.2137697378997965
2072-05-21,5.807702441313984
2072-05-22,5.881764376632328
2072-05-23,5.828634453145434
2072-05-24,6.310834931924149
2072-05-25,7.643528606709654
2072-05-26,8.972124568158588
2072-05-27,9.466099167232652
2072-05-28,8.820619134587206
2072-05-29,9.530573005061175
2072-05-30,9.98235568204789
2072-05-31,8.66877036167447
2072-06-01,7.620617506028521
2072-06-02,6.818082238767963
2072-06-03,6.197461028786328
2072-06-04,5.712733115179667
2072-06-05,5.330334426719781
2072-06-06,5.025569007928144
2072-06-07,4.78011626776945
2072-06-08,4.580280785289919
2072-06-09,4.41575116718355
2072-06-10,4.353813109395307
2072-06-11,4.504599486839339
2072-06-12,4.485096643732768
2072-06-13,4.320581807398658
2072-06-14,4.183016986892874
2072-06-15,4.067381235408557
2072-06-16,3.968982194528999
2072-06-17,3.884207410170898
2072-06-18,3.810260513134517
2072-06-19,3.7449656177078947
2072-06-20,3.6866213203217626
2072-06-21,3.6338910272263285
2072-06-22,3.5857200760560883
2072-06-23,3.5412727487593574
2072-06-24,3.536003231708623
2072-06-25,3.5217828665755264
2072-06-26,3.4754113732396195
2072-06-27,3.4322660087009136
2072-06-28,3.392121019798831
2072-06-29,3.3544528890574257
2072-06-30,3.318842380659058
2072-07-01,3.856729384456704
2072-07-02,4.780349654689818
2072-07-03,4.717642575280829
2072-07-04,5.398679491361604
2072-07-05,6.244778895160121
2072-07-06,5.620546882754534
2072-07-07,5.098862574688403
2072-07-08,4.6905999966627645
2072-07-09,4.368245864529219
2072-07-10,4.111216155963765
2072-07-11,3.9042040987483926
2072-07-12,3.962085817126715
2072-07-13,4.028169807033994
2072-07-14,3.8291127825885014
2072-07-15,3.6658964310178828
2072-07-16,3.531476769222456
2072-07-17,3.4195449737952814
2072-07-18,3.528802458970239
2072-07-19,3.785858044208464
2072-07-20,3.838230910253301
2072-07-21,3.7299830186663496
2072-07-22,3.5625551741279433
2072-07-23,3.424630056339461
2072-07-24,3.3102533487578523
2072-07-25,3.214334142756028
2072-07-26,3.132961411286178
2072-07-27,3.063113736772348
2072-07-28,3.002444629565351
2072-07-29,2.949122660719992
2072-07-30,2.9017116415357513
2072-07-31,2.859080268017952
2072-08-01,2.820333589635782
2072-08-02,2.7847607454914756
2072-08-03,2.777559218729836
2072-08-04,3.508749421657818
2072-08-05,4.241623945637718
2072-08-06,3.910888710858114
2072-08-07,3.648804312834518
2072-08-08,3.438818256654079
2072-08-09,3.268963516317264
2072-08-10,3.13021089720149
2072-08-11,3.01570272586701
2072-08-12,2.9201982386986622
2072-08-13,2.839668936967484
2072-08-14,2.7710011132500187
2072-08-15,2.711775600222518
2072-08-16,2.6601035956275223
2072-08-17,2.6145035070345934
2072-08-18,2.5738080109721464
2072-08-19,2.537093513596162
2072-08-20,2.5075412520365616
2072-08-21,2.500241802753998
2072-08-22,2.8053274808827275
2072-08-23,3.097613666976366
2072-08-24,2.951397472580149
2072-08-25,2.8283345836944846
2072-08-26,2.726597487585703
2072-08-27,2.641609324744942
2072-08-28,2.5698440580291524
2072-08-29,2.5085705965948164
2072-08-30,2.4556628217918557
2072-08-31,2.421897091494174
2072-09-01,2.391342068041242
2072-09-02,2.351306748408265
2072-09-03,2.31530616319595
2072-09-04,2.282792515712058
2072-09-05,2.2531274214854937
2072-09-06,2.258071816010662
2072-09-07,2.2708199934609876
2072-09-08,2.2382480180769733
2072-09-09,2.220866891457977
2072-09-10,2.241944219660877
2072-09-11,2.4648259266976
2072-09-12,2.5878462048022803
2072-09-13,2.481573469693505
2072-09-14,2.394395557977995
2072-09-15,2.3449667320363576
2072-09-16,2.327939107182283
2072-09-17,2.289306864669909
2072-09-18,2.2562133208319746
2072-09-19,2.2000054221021785
2072-09-20,2.151504822493011
2072-09-21,2.1093215491667516
2072-09-22,2.072226419309742
2072-09-23,2.039248134775026
2072-09-24,2.009616068297716
2072-09-25,1.9827164423166126
2072-09-26,1.9580585993663664
2072-09-27,1.9504943330060156
2072-09-28,2.3206632905808036
2072-09-29,3.634271226862864
2072-09-30,4.376998637974926
2072-10-01,3.851735994470198
2072-10-02,3.4439829391384493
2072-10-03,3.124340203425998
2072-10-04,2.871728127447357
2072-10-05,2.6704520947979664
2072-10-06,3.2481426265576183
2072-10-07,3.8336134615065567
2072-10-08,3.4261580533461227
2072-10-09,3.1069392339737125
2072-10-10,2.8625502765477666
2072-10-11,2.7171121460313583
2072-10-12,2.6909799198111517
2072-10-13,4.471705615482197
2072-10-14,9.269368939942963
2072-10-15,12.235986808757003
2072-10-16,10.911311999700368
2072-10-17,8.89492430394775
2072-10-18,7.364458334463429
2072-10-19,6.3293350480880415
2072-10-20,5.936926078824428
2072-10-21,5.464168499562987
2072-10-22,5.147598671778531
2072-10-23,5.335672504419446
2072-10-24,9.40428485922219
2072-10-25,12.620151192981266
2072-10-26,10.14387703056133
2072-10-27,8.303419704222629
2072-10-28,6.926964929662141
2072-10-29,5.887540613882234
2072-10-30,5.095371720541292
2072-10-31,4.486271755190358
2072-11-01,4.013875504623563
2072-11-02,4.242650189958841
2072-11-03,5.592556649608693
2072-11-04,6.1163829233028695
2072-11-05,6.367364315644877
2072-11-06,6.4803463182813035
2072-11-07,5.776647292560683
2072-11-08,5.775604058448484
2072-11-09,6.072873454779835
2072-11-10,5.847505050409637
2072-11-11,5.081522146367189
2072-11-12,6.494736167938477
2072-11-13,8.888362992488728
2072-11-14,9.120925055344129
2072-11-15,8.26139440723318
2072-11-16,6.938007827967309
2072-11-17,5.936193249233625
2072-11-18,5.762200170987161
2072-11-19,12.518132028831046
2072-11-20,19.76358484554196
2072-11-21,17.15142769714642
2072-11-22,16.12824011408608
2072-11-23,16.310493710852693
2072-11-24,13.727994339970747
2072-11-25,11.777791370290549
2072-11-26,13.009688170199796
2072-11-27,13.344624023346084
2072-11-28,10.855236868981057
2072-11-29,9.00630893521269
2072-11-30,7.621630682937245
2072-12-01,8.16481619654422
2072-12-02,9.061905363493624
2072-12-03,7.939326390209861
2072-12-04,8.380741565491583
2072-12-05,9.176328968024874
2072-12-06,9.02873460194766
2072-12-07,9.500520430374372
2072-12-08,9.971057775690289
2072-12-09,12.021768420700335
2072-12-10,14.082477722908898
2072-12-11,15.114615538776627
2072-12-12,18.13990457398463
2072-12-13,23.042214442861177
2072-12-14,24.791401923766824
2072-12-15,21.27099077452862
2072-12-16,17.152728335717253
2072-12-17,18.443041958565576
2072-12-18,26.587845124317923
2072-12-19,27.014747140515283
2072-12-20,20.300898558306027
2072-12-21,16.15340205611587
2072-12-22,13.16549490629594
2072-12-23,10.961239723770946
2072-12-24,9.317117609375902
2072-12-25,8.077884523922657
2072-12-26,7.1343578433462085
2072-12-27,6.408862571631496
2072-12-28,5.845551170290136
2072-12-29,5.75390605286918
2072-12-30,6.33536384039759
2072-12-31,6.391326984845577
2073-01-01,7.039137928792804
2073-01-02,9.02739236947299
2073-01-03,8.74316103656592
2073-01-04,8.239891416119834
2073-01-05,10.30777821609684
2073-01-06,13.536934705319487
2073-01-07,13.889120063223507
2073-01-08,11.729197948319419
2073-01-09,9.960482980007951
2073-01-10,8.56738495225267
2073-01-11,11.860343224574924
2073-01-12,15.265076411387346
2073-01-13,13.529090005353098
2073-01-14,14.535086379670503
2073-01-15,18.20922768882543
2073-01-16,18.103355669697255
2073-01-17,16.114110682309082
2073-01-18,14.782476828626955
2073-01-19,12.235196927614751
2073-01-20,10.797635215035305
2073-01-21,11.150087098616304
2073-01-22,12.35225882550536
2073-01-23,11.906253999091279
2073-01-24,10.859462862376956
2073-01-25,10.533999280696321
2073-01-26,12.505067503581772
2073-01-27,13.840908919707823
2073-01-28,11.56599762443934
2073-01-29,9.86690330156612
2073-01-30,8.587644072520145
2073-01-31,7.614392307464272
2073-02-01,7.049912571154426
2073-02-02,6.667830175037267
2073-02-03,6.128975686334996
2073-02-04,5.70441511247986
2073-02-05,5.441365523121246
2073-02-06,5.27168818186136
2073-02-07,5.0162477271216845
2073-02-08,4.807897195257745
2073-02-09,4.669241906803826
2073-02-10,4.677351551820974
2073-02-11,4.9214620168638215
2073-02-12,5.873995215949393
2073-02-13,7.418181466035666
2073-02-14,11.94373847541666
2073-02-15,17.14104817566057
2073-02-16,16.518459938777116
2073-02-17,15.726370162323056
2073-02-18,15.306006462065683
2073-02-19,12.622467643876433
2073-02-20,10.631802444611186
2073-02-21,9.141378393719892
2073-02-22,8.01371856433856
2073-02-23,7.792043678899883
2073-02-24,7.714140116848468
2073-02-25,6.919370034418528
2073-02-26,6.302886266058678
2073-02-27,5.820764381641045
2073-02-28,5.439896091379464
2073-03-01,5.1358988425392065
2073-03-02,4.8906699642513916
2073-03-03,5.8029276617501075
2073-03-04,7.728666717464365
2073-03-05,11.581377115120247
2073-03-06,14.060330989044827
2073-03-07,11.79092069189649
2073-03-08,14.678555470443142
2073-03-09,19.578374983576154
2073-03-10,20.383850990281868
2073-03-11,22.231603611431876
2073-03-12,25.023134362528634
2073-03-13,23.14059873837874
2073-03-14,18.502779475766772
2073-03-15,15.045335985986556
2073-03-16,12.506382633660621
2073-03-17,10.621004456142922
2073-03-18,9.205591655284577
2073-03-19,8.131774109637277
2073-03-20,7.308719382801517
2073-03-21,6.671443654104697
2073-03-22,6.172980697725168
2073-03-23,5.779065286814579
2073-03-24,5.464479077402388
2073-03-25,5.210510385504683
2073-03-26,5.0998642559630225
2073-03-27,5.032840068723088
2073-03-28,4.86895897104393
2073-03-29,5.361819783218578
2073-03-30,6.801910571458219
2073-03-31,7.768665471232148
2073-04-01,7.413374349376824
2073-04-02,6.693046987509476
2073-04-03,6.132606663087908
2073-04-04,5.97499285437014
2073-04-05,6.044119910536691
2073-04-06,5.930616614484609
2073-04-07,5.809502303876918
2073-04-08,5.677629826385633
2073-04-09,5.9796029812124685
2073-04-10,5.8873111103383495
2073-04-11,5.475305798974936
2073-04-12,6.362892151858797
2073-04-13,7.998864742590872
2073-04-14,7.9272707377155145
2073-04-15,7.2497713742769845
2073-04-16,8.29404878009205
2073-04-17,13.321474525420212
2073-04-18,18.601552917406078
2073-04-19,22.688742869549845
2073-04-20,22.83984811493392
2073-04-21,18.06927294695298
2073-04-22,14.671531019404648
2073-04-23,12.175163821123116
2073-04-24,10.320771026064504
2073-04-25,8.928297350826398
2073-04-26,8.258249348416888
2073-04-27,7.781940350458048
2073-04-28,8.072864333097638
2073-04-29,8.436446679400659
2073-04-30,7.491483507883057
2073-05-01,6.762436744864542
2073-05-02,6.1959254210899175
2073-05-03,5.751267879626567
2073-05-04,5.398674539255506
2073-05-05,5.116145370975269
2073-05-06,4.887303796849744
2073-05-07,4.699868711245391
2073-05-08,4.544566230480721
2073-05-09,4.414347630524637
2073-05-10,4.30382257398402
2073-05-11,4.208845101628943
2073-05-12,4.1262089562416655
2073-05-13,4.053421789196482
2073-05-14,3.988536715654512
2073-05-15,3.95505021661422
2073-05-16,3.9735171915119913
2073-05-17,3.914638111147001
2073-05-18,3.8541139298813625
2073-05-19,3.8861379256595208
2073-05-20,3.9685708548456518
2073-05-21,3.896386827895961
2073-05-22,3.8202747633475425
2073-05-23,3.7532363192674985
2073-05-24,3.7778394875235706
2073-05-25,4.0339951545326755
2073-05-26,5.738358984408882
2073-05-27,8.452679321280884
2073-05-28,8.763244352172684
2073-05-29,7.5828649788565485
2073-05-30,6.682294818237938
2073-05-31,6.424112908117774
2073-06-01,6.318083485650127
2073-06-02,5.717325797538005
2073-06-03,5.237292367626856
2073-06-04,6.3231676201156
2073-06-05,8.509403102686619
2073-06-06,8.469970358042731
2073-06-07,7.369611713692117
2073-06-08,6.510643238869533
2073-06-09,5.849176126499315
2073-06-10,5.334908333535323
2073-06-11,4.9312428299274975
2073-06-12,4.611313253802893
2073-06-13,4.355231238560517
2073-06-14,4.437939308268428
2073-06-15,4.596236518501138
2073-06-16,4.332901959602377
2073-06-17,4.1191148068443635
2073-06-18,3.944988114477568
2073-06-19,3.801603876838039
2073-06-20,3.8701473048660424
2073-06-21,4.0298661651583
2073-06-22,3.88174031029735
2073-06-23,3.7357076405492524
2073-06-24,3.614342571951413
2073-06-25,3.512319579365688
2073-06-26,3.6466473876265657
2073-06-27,4.272545256962856
2073-06-28,5.0880546845880135
2073-06-29,5.247500566549063
2073-06-30,4.789383340614485
2073-07-01,4.428478350370949
2073-07-02,4.142121241358856
2073-07-03,3.912684830702681
2073-07-04,3.7270002814345387
2073-07-05,4.081469452548789
2073-07-06,4.454114959530786
2073-07-07,4.944702557921841
2073-07-08,5.583806271016975
2073-07-09,5.271075276512538
2073-07-10,5.18656198941023
2073-07-11,6.779535557068013
2073-07-12,9.874009998498286
2073-07-13,10.452628162767004
2073-07-14,8.74645356555214
2073-07-15,7.451075013219957
2073-07-16,6.470413975075566
2073-07-17,5.720724511499249
2073-07-18,5.142133097093608
2073-07-19,6.030115334047129
2073-07-20,9.97385514376324
2073-07-21,12.275908135597781
2073-07-22,10.646767963078334
2073-07-23,8.89876733786277
2073-07-24,7.586707712907582
2073-07-25,6.592829939505761
2073-07-26,5.832895722313025
2073-07-27,5.24629617015387
2073-07-28,4.789228965200792
2073-07-29,4.470937501496136
2073-07-30,4.252386796793374
2073-07-31,4.018598594445231
2073-08-01,3.812510131434656
2073-08-02,3.644810802349354
2073-08-03,3.5069085806443656
2073-08-04,3.3922689210705497
2073-08-05,3.295891564974714
2073-08-06,3.2629681660775582
2073-08-07,3.3148276763428015
2073-08-08,4.144051852893198
2073-08-09,5.007671520432226
2073-08-10,4.623432406575426
2073-08-11,4.438761878671245
2073-08-12,4.227845116725383
2073-08-13,3.9412660208384325
2073-08-14,3.711558097708203
2073-08-15,3.5261225945569037
2073-08-16,3.3749051106267363
2073-08-17,3.250294114214993
2073-08-18,3.1464901458693366
2073-08-19,3.059047589341617
2073-08-20,2.984539157361581
2073-08-21,2.9203083970186174
2073-08-22,2.8647648037256217
2073-08-23,2.8155675506615037
2073-08-24,2.7713743965731203
2073-08-25,2.7314589315120466
2073-08-26,2.6950737279880954
2073-08-27,2.6615795464113785
2073-08-28,2.6304655621925352
2073-08-29,2.6013220883406176
2073-08-30,2.573819404840159
2073-08-31,2.5476912561978926
2073-09-01,2.5227219344645144
2073-09-02,2.498736128680404
2073-09-03,2.4755909180759232
2073-09-04,2.5280795380640595
2073-09-05,2.8051769769347916
2073-09-06,3.950421756434127
2073-09-07,5.283005319308903
2073-09-08,5.126396319787874
2073-09-09,4.556280494362065
2073-09-10,4.542159327588485
2073-09-11,4.506063112198528
2073-09-12,4.065259791344247
2073-09-13,3.7194940414234363
2073-09-14,3.4459343941487663
2073-09-15,3.2275719614911065
2073-09-16,3.0516784502483154
2073-09-17,2.908660978791401
2073-09-18,2.7912414568471213
2073-09-19,2.693863424101847
2073-09-20,2.612259803860208
2073-09-21,2.5431355054479554
2073-09-22,2.4839326799802115
2073-09-23,2.432655926130051
2073-09-24,2.387741300522038
2073-09-25,2.3479575593400623
2073-09-26,2.3123312724028544
2073-09-27,2.2800897295602622
2073-09-28,2.2506171867431
2073-09-29,2.30758495397185
2073-09-30,2.387077360406752
2073-10-01,2.4124301854910715
2073-10-02,2.454771783179169
2073-10-03,2.382128789008575
2073-10-04,3.1668161409282813
2073-10-05,3.983368641459221
2073-10-06,3.791771739413539
2073-10-07,3.6765312967993284
2073-10-08,3.351309821540258
2073-10-09,3.0939551261666254
2073-10-10,2.8886182305373733
2073-10-11,2.723355966931561
2073-10-12,2.5891530255268145
2073-10-13,2.4791594679400633
2073-10-14,2.3881385120730934
2073-10-15,2.3206618206441303
2073-10-16,2.2694695858642544
2073-10-17,2.210927042399393
2073-10-18,2.160562552261171
2073-10-19,2.116842830266005
2073-10-20,2.0784733185266044
2073-10-21,2.044431194071483
2073-10-22,2.1885035940469093
2073-10-23,2.3669195608494955
2073-10-24,2.2740207427855634
2073-10-25,2.197035973542007
2073-10-26,2.1322794721643503
2073-10-27,2.0772450796789763
2073-10-28,2.029976179942077
2073-10-29,1.988938134729232
2073-10-30,1.9529219929009694
2073-10-31,1.920971395576819
2073-11-01,1.8923267917659514
2073-11-02,1.8663826478287302
2073-11-03,1.8426544648333785
2073-11-04,1.8207532382516691
2073-11-05,1.800365593506542
2073-11-06,1.7812382710330954
2073-11-07,1.7631659597970237
2073-11-08,1.7459817199545602
2073-11-09,1.7295494159539881
2073-11-10,1.7137577170179157
2073-11-11,1.698515324308164
2073-11-12,1.6837471616888315
2073-11-13,1.669391326117558
2073-11-14,1.6554106299819595
2073-11-15,1.7555679288443578
2073-11-16,1.879030875797221
2073-11-17,1.8249557061329276
2073-11-18,2.699258369782152
2073-11-19,5.164715582763676
2073-11-20,6.147272320946023
2073-11-21,5.159368543146384
2073-11-22,4.405556731730058
2073-11-23,3.826811389951926
2073-11-24,3.3787896690470407
2073-11-25,3.029160293937432
2073-11-26,2.754138908927949
2073-11-27,2.536083291586004
2073-11-28,2.3618059690159603
2073-11-29,2.7527862670011114
2073-11-30,3.150180169184957
2073-12-01,2.9430729209238304
2073-12-02,2.7709900648742356
2073-12-03,2.6260031450975
2073-12-04,3.480322517140603
2073-12-05,4.624387807004357
2073-12-06,4.606343362000856
2073-12-07,6.057697131074641
2073-12-08,8.122698093982864
2073-12-09,7.35571624951081
2073-12-10,6.099573621429364
2073-12-11,5.149012062227263
2073-12-12,4.423822565863272
2073-12-13,4.006967539388472
2073-12-14,3.733941411667729
2073-12-15,3.4619549129346265
2073-12-16,3.279545873651148
2073-12-17,2.9743354043810366
2073-12-18,2.732726928292191
2073-12-19,3.205335462440044
2073-12-20,6.2141538783520245
2073-12-21,8.10487846999125
2073-12-22,8.404101250701254
2073-12-23,8.804754604781737
2073-12-24,7.335909372801432
2073-12-25,7.030593424039561
2073-12-26,9.17338710183837
2073-12-27,11.381403829419058
2073-12-28,12.179432222741502
2073-12-29,15.923699874671229
2073-12-30,17.359871378229936
2073-12-31,13.792682453827952
2074-01-01,11.020123861328424
2074-01-02,8.974417291330651
2074-01-03,7.4493039469281035
2074-01-04,6.301029738960163
2074-01-05,6.194122434494486
2074-01-06,6.221570078607987
2074-01-07,5.435946585638583
2074-01-08,5.066966507212536
2074-01-09,7.058081720147836
2074-01-10,8.915693886350374
2074-01-11,8.673300908683158
2074-01-12,9.47536919490909
2074-01-13,9.67347825301912
2074-01-14,8.342379737544487
2074-01-15,7.015093036326142
2074-01-16,6.0107777478920035
2074-01-17,5.244040117664332
2074-01-18,4.6533613948800685
2074-01-19,4.194265020219361
2074-01-20,4.321086816000612
2074-01-21,4.417984782843433
2074-01-22,4.007288932479539
2074-01-23,3.6840562050216605
2074-01-24,3.427391665581089
2074-01-25,3.2217349207352366
2074-01-26,7.298790580411911
2074-01-27,11.841167302217848
2074-01-28,13.872631525792869
2074-01-29,13.696955194676809
2074-01-30,11.037356138460401
2074-01-31,9.549567117764484
2074-02-01,8.950720916620485
2074-02-02,9.284960847032607
2074-02-03,12.210810397904838
2074-02-04,13.194545875987947
2074-02-05,11.032266478266953
2074-02-06,10.180397897853185
2074-02-07,9.470219823186257
2074-02-08,8.20466623921409
2074-02-09,7.01682910717039
2074-02-10,6.2708723026390585
2074-02-11,5.666777315818618
2074-02-12,6.065246085011855
2074-02-13,7.0002828972012905
2074-02-14,6.683244067789352
2074-02-15,5.940357070341888
2074-02-16,5.270418105884985
2074-02-17,4.7510611332559565
2074-02-18,4.344762323970402
2074-02-19,4.023995387260595
2074-02-20,3.7683975298355175
2074-02-21,3.6411239177644465
2074-02-22,3.808390307374104
2074-02-23,4.432163964434415
2074-02-24,4.704862996474199
2074-02-25,4.292507373227118
2074-02-26,4.0021622823987615
2074-02-27,3.9609941914375946
2074-02-28,4.191972223695778
2074-03-01,4.560262662748592
2074-03-02,5.026772713588639
2074-03-03,5.267849456634148
2074-03-04,4.996677918083157
2074-03-05,4.588709606024062
2074-03-06,4.187381723753127
2074-03-07,3.8701920264326
2074-03-08,4.049029313958994
2074-03-09,4.782058294206772
2074-03-10,5.406259103708424
2074-03-11,5.429685506928972
2074-03-12,6.146222619600827
2074-03-13,7.020209311222178
2074-03-14,6.376707118286368
2074-03-15,5.677143409440299
2074-03-16,6.007727316934101
2074-03-17,7.882819937896914
2074-03-18,8.484479910173045
2074-03-19,7.1800750166012435
2074-03-20,6.4258077709301284
2074-03-21,5.892486923922514
2074-03-22,5.852649744033994
2074-03-23,6.699793443789286
2074-03-24,7.592249611305943
2074-03-25,7.585935840828452
2074-03-26,7.586396297071992
2074-03-27,7.749671205642003
2074-03-28,6.936021982580321
2074-03-29,6.303088433102179
2074-03-30,5.704104561426476
2074-03-31,5.07384212423166
2074-04-01,4.583753751092469
2074-04-02,4.516744387918416
2074-04-03,6.482360126579498
2074-04-04,8.680452626475107
2074-04-05,11.747006518521879
2074-04-06,14.546892904522862
2074-04-07,15.582389374145349
2074-04-08,15.76173016280796
2074-04-09,13.478000360217868
2074-04-10,13.50672636447497
2074-04-11,15.019325496127765
2074-04-12,14.410944519851363
2074-04-13,12.900647869189255
2074-04-14,15.676788630740814
2074-04-15,17.450831049182426
2074-04-16,13.985402198044426
2074-04-17,13.380203676757178
2074-04-18,19.175219108375078
2074-04-19,24.619308067351636
2074-04-20,20.991321804489953
2074-04-21,16.51360503730477
2074-04-22,13.379380661735913
2074-04-23,11.067773833865145
2074-04-24,9.343708631755048
2074-04-25,8.046968664864023
2074-04-26,7.061770847374124
2074-04-27,6.305905955711783
2074-04-28,5.720373011430955
2074-04-29,5.2624053777749085
2074-04-30,5.036969843296334
2074-05-01,4.863517280847471
2074-05-02,4.580285440436058
2074-05-03,4.351082171483512
2074-05-04,4.164334130672076
2074-05-05,4.360679382972702
2074-05-06,4.7845588518468505
2074-05-07,5.938767946500025
2074-05-08,7.022905033117504
2074-05-09,6.472420511561527
2074-05-10,5.826179931567388
2074-05-11,5.304931379011612
2074-05-12,4.896140486378989
2074-05-13,4.710053861000698
2074-05-14,4.64407737056842
2074-05-15,4.960598963255647
2074-05-16,5.519476523614192
2074-05-17,5.284982344281975
2074-05-18,5.214053059315945
2074-05-19,5.064575153337845
2074-05-20,4.696086305717347
2074-05-21,4.393255453976177
2074-05-22,4.1504367349126845
2074-05-23,3.9537589895183074
2074-05-24,3.9056144761170786
2074-05-25,4.127767033456918
2074-05-26,4.111234042387928
2074-05-27,4.024824255931823
2074-05-28,3.9432877487415223
2074-05-29,3.9819515490240907
2074-05-30,5.150739287604986
2074-05-31,5.912005454999661
2074-06-01,6.015285949380389
2074-06-02,6.097974400523097
2074-06-03,5.44734150978897
2074-06-04,4.9406355044477515
2074-06-05,4.543486769402887
2074-06-06,4.229262508010636
2074-06-07,3.978252701833051
2074-06-08,3.7757560042408826
2074-06-09,3.6107264934774004
2074-06-10,3.4748077828562014
2074-06-11,3.386459983365342
2074-06-12,3.3020080419609523
2074-06-13,3.214373304530429
2074-06-14,3.1391134309910336
2074-06-15,3.281845596503015
2074-06-16,3.576562466341725
2074-06-17,3.493290520207496
2074-06-18,3.3509786956105203
2074-06-19,3.232736078924772
2074-06-20,3.202918554028946
2074-06-21,3.169215239110864
2074-06-22,3.0762907815786864
2074-06-23,2.996907768571393
2074-06-24,2.9287672161021665
2074-06-25,2.8695813488855983
2074-06-26,2.82021647081937
2074-06-27,3.26347518949284
2074-06-28,3.858214234072315
2074-06-29,3.676812764176427
2074-06-30,3.457225172311515
2074-07-01,3.2798879779152172
2074-07-02,3.1351875944024674
2074-07-03,3.015915404024138
2074-07-04,2.916564981196603
2074-07-05,2.832905560520913
2074-07-06,2.7616685894889765
2074-07-07,3.019672012333427
2074-07-08,3.265901767475824
2074-07-09,3.1055671836905385
2074-07-10,2.971671126467031
2074-07-11,2.8607312929800734
2074-07-12,2.7681956990459926
2074-07-13,2.690168296234541
2074-07-14,3.1252375128317156
2074-07-15,3.594118611826852
2074-07-16,3.344096604154352
2074-07-17,3.143851387348295
2074-07-18,2.9819387702418374
2074-07-19,2.849758551737695
2074-07-20,2.7407725827612253
2074-07-21,2.6653278442080115
2074-07-22,2.593582993845607
2074-07-23,2.5249033265778027
2074-07-24,2.465992316018834
2074-07-25,2.41491167045245
2074-07-26,2.3701167139666723
2074-07-27,2.330391565058297
2074-07-28,2.29477507238508
2074-07-29,2.262504363910588
2074-07-30,2.2454925716561576
2074-07-31,2.2274373289821483
2074-08-01,2.1986503561332076
2074-08-02,2.1719096666788946
2074-08-03,2.146990662637301
2074-08-04,2.123584689326826
2074-08-05,2.1014426640416954
2074-08-06,2.0803629192928215
2074-08-07,2.0601816578571808
2074-08-08,2.0407654295941677
2074-08-09,2.0220051799310004
2074-08-10,2.003811525083552
2074-08-11,1.9964031342549016
2074-08-12,2.0078763336579355
2074-08-13,1.9948826795512078
2074-08-14,1.9721711744071933
2074-08-15,1.9508038652002597
2074-08-16,1.9305940637923105
2074-08-17,1.9113581583518753
2074-08-18,1.8929467120990005
2074-08-19,1.875237743980598
2074-08-20,1.8581313968158935
2074-08-21,1.8415456923077935
2074-08-22,1.8254131405649057
2074-08-23,1.8096780238165862
2074-08-24,1.7942942138508962
2074-08-25,1.7792234133444131
2074-08-26,1.7644337349050117
2074-08-27,1.7498985499770432
2074-08-28,1.7355955540135064
2074-08-29,1.721506005446216
2074-08-30,1.7076141046991011
2074-08-31,1.6939064863371238
2074-09-01,1.6807264775508208
2074-09-02,1.6674930074598853
2074-09-03,1.6542191529907484
2074-09-04,1.6411017079884491
2074-09-05,1.6281334389670994
2074-09-06,1.6153078248530208
2074-09-07,1.6026192228069058
2074-09-08,1.5900627252421915
2074-09-09,1.5776340412337524
2074-09-10,1.565329397991415
2074-09-11,1.553145458870702
2074-09-12,1.5410792550380192
2074-09-13,1.5291281284296563
2074-09-14,1.5172896840678665
2074-09-15,1.5055617501420333
2074-09-16,1.4939423445439564
2074-09-17,1.4982383623044264
2074-09-18,1.5075868448706966
2074-09-19,1.4933672626496477
2074-09-20,1.4832725546133598
2074-09-21,1.4669131650213931
2074-09-22,1.4673279790536977
2074-09-23,1.5374376633168392
2074-09-24,1.6627395777963982
2074-09-25,1.765458654689137
2074-09-26,1.7465017967348164
2074-09-27,1.6753183308361848
2074-09-28,1.6167056058063343
2074-09-29,1.5674360130893732
2074-09-30,1.525614558428637
2074-10-01,1.4897571022114924
2074-10-02,1.4586960508403373
2074-10-03,1.4315089188535621
2074-10-04,1.4074639154942001
2074-10-05,1.3859782806434973
2074-10-06,1.3665862234833
2074-10-07,1.3489141334072832
2074-10-08,1.3326613269415102
2074-10-09,1.3175850298545217
2074-10-10,1.3034886146190143
2074-10-11,1.2902123513771218
2074-10-12,1.2776261079922755
2074-10-13,1.2656235677509218
2074-10-14,1.3714515986605782
2074-10-15,1.481765279042019
2074-10-16,1.5480300152734492
2074-10-17,1.5847723844892576
2074-10-18,1.5606348857751449
2074-10-19,1.5239751172437366
2074-10-20,1.4617780831938842
2074-10-21,1.4102890691363446
2074-10-22,1.3669891354961237
2074-10-23,1.3302314431172297
2074-10-24,1.2987229477412543
2074-10-25,1.2714439418760215
2074-10-26,1.2475869276507545
2074-10-27,1.512478132589327
2074-10-28,1.8111613913515068
2074-10-29,1.719068030077553
2074-10-30,1.8996437648730684
2074-10-31,2.0688252206030913
2074-11-01,1.8940641214211524
2074-11-02,1.778882984491246
2074-11-03,2.027830582990003
2074-11-04,2.191879329712077
2074-11-05,1.985852914747226
2074-11-06,1.822461715632094
2074-11-07,2.026184811407769
2074-11-08,2.287177374730885
2074-11-09,2.308114504542884
2074-11-10,2.2615535093478853
2074-11-11,3.208530507189814
2074-11-12,5.218646191214316
2074-11-13,5.7736034038356765
2074-11-14,5.324368532564066
2074-11-15,4.706101343421964
2074-11-16,4.075537777596279
2074-11-17,4.037384531933792
2074-11-18,5.527536643675668
2074-11-19,10.11602433624067
2074-11-20,14.97848902444219
2074-11-21,15.37708718371992
2074-11-22,13.323690825757081
2074-11-23,11.006679618344679
2074-11-24,8.838127275644133
2074-11-25,11.048749481685183
2074-11-26,17.054401788890637
2074-11-27,17.524040979544857
2074-11-28,13.448843319744773
2074-11-29,10.663126884826912
2074-11-30,8.9148745430824
2074-12-01,8.639860031286364
2074-12-02,7.974930642840445
2074-12-03,6.618672911315891
2074-12-04,5.593974844568264
2074-12-05,4.813422731470747
2074-12-06,4.61445763436391
2074-12-07,4.968633215440126
2074-12-08,4.777880196868698
2074-12-09,4.189450737016162
2074-12-10,3.7326345012442825
2074-12-11,3.7112120311730905
2074-12-12,4.040068781565733
2074-12-13,4.8554817933534276
2074-12-14,5.359622974731553
2074-12-15,4.712381510658305
2074-12-16,4.141846750298151
2074-12-17,3.698829082408503
2074-12-18,3.3519856016780687
2074-12-19,3.0781466231750994
2074-12-20,2.860106661089588
2074-12-21,2.6849915234190864
2074-12-22,2.543099179375367
2074-12-23,2.4270692674194576
2074-12-24,2.3312828798647622
2074-12-25,2.251425229841164
2074-12-26,2.184164553974653
2074-12-27,4.546060896423186
2074-12-28,5.009913510796639
2074-12-29,6.199739037184973
2074-12-30,7.61595391773891
2074-12-31,7.579615010248741
2075-01-01,7.337933597276877
2075-01-02,6.5185145897563705
2075-01-03,7.548229655471645
2075-01-04,9.987368277584668
2075-01-05,15.414163631730728
2075-01-06,21.50905913039054
2075-01-07,20.175799371546958
2075-01-08,15.799719037829531
2075-01-09,12.529234459127588
2075-01-10,10.131014298165681
2075-01-11,9.10838436902628
2075-01-12,10.02195412196334
2075-01-13,14.731935923876632
2075-01-14,19.020998767186086
2075-01-15,17.667479364953362
2075-01-16,15.072408967013347
2075-01-17,13.674510644206359
2075-01-18,12.296363802266683
2075-01-19,10.05736551653861
2075-01-20,8.394675077404324
2075-01-21,7.161840838493995
2075-01-22,6.20524782145516
2075-01-23,5.472435210768578
2075-01-24,4.905925428121288
2075-01-25,4.856803186650928
2075-01-26,5.411193572732547
2075-01-27,6.673788421196501
2075-01-28,7.214947937484443
2075-01-29,6.2537736170560025
2075-01-30,5.509339043539229
2075-01-31,4.932833225939334
2075-02-01,4.73752910344
2075-02-02,4.729626846960209
2075-02-03,4.454508327101444
2075-02-04,4.3522567888069785
2075-02-05,6.648873585923514
2075-02-06,8.330194349851682
2075-02-07,7.0866697212033225
2075-02-08,6.139827455392104
2075-02-09,5.992965418965732
2075-02-10,9.19114007172121
2075-02-11,14.4313143751204
2075-02-12,16.497742454738987
2075-02-13,15.452903097148699
2075-02-14,14.205630924446048
2075-02-15,12.587254472573482
2075-02-16,10.33526420411957
2075-02-17,8.658310436155386
2075-02-18,7.397781835544578
2075-02-19,6.440943452931026
2075-02-20,5.707627013371117
2075-02-21,5.140312393109347
2075-02-22,4.697314192101199
2075-02-23,4.348141419421486
2075-02-24,4.0702986336687745
2075-02-25,3.85196754892589
2075-02-26,3.6723436576528847
2075-02-27,3.5225189762310083
2075-02-28,3.3983914757405445
2075-03-01,3.294406773098244
2075-03-02,3.2062965400096535
2075-03-03,3.1307626742824897
2075-03-04,3.0652434998846556
2075-03-05,3.0077395290132873
2075-03-06,2.9566827886842457
2075-03-07,2.9108382310887024
2075-03-08,2.8692289270638347
2075-03-09,3.0750282522251204
2075-03-10,3.3985278221728077
2075-03-11,3.307284524988003
2075-03-12,3.2571361535399848
2075-03-13,3.2500114080511557
2075-03-14,3.1271518523644435
2075-03-15,3.0242576928502687
2075-03-16,3.2958863354083436
2075-03-17,6.346277505197318
2075-03-18,9.638849477592872
2075-03-19,10.730050539429108
2075-03-20,12.504203948711767
2075-03-21,13.206718640367304
2075-03-22,11.866498591009409
2075-03-23,13.864118720239409
2075-03-24,15.574002400668439
2075-03-25,12.510343020419898
2075-03-26,10.249279593854931
2075-03-27,8.588176264443677
2075-03-28,7.434649944039921
2075-03-29,6.5112950902549676
2075-03-30,8.493334812714759
2075-03-31,15.509201662517526
2075-04-01,21.235107731057393
2075-04-02,20.913837930722263
2075-04-03,21.47498301042035
2075-04-04,20.70460439757951
2075-04-05,16.25145448983066
2075-04-06,13.33321071701396
2075-04-07,11.927489808615817
2075-04-08,14.419504580452786
2075-04-09,15.752607489892299
2075-04-10,12.793718554529638
2075-04-11,10.649940870065569
2075-04-12,9.908700253873375
2075-04-13,9.496032704596493
2075-04-14,8.704087010037252
2075-04-15,7.881989286041882
2075-04-16,6.919694712212666
2075-04-17,6.180489677493895
2075-04-18,5.607776630529647
2075-04-19,5.159740945572368
2075-04-20,4.805801955500055
2075-04-21,4.527697946757731
2075-04-22,4.300890918353324
2075-04-23,4.11445280676087
2075-04-24,3.960946717807245
2075-04-25,3.833120150033476
2075-04-26,3.7254316571334254
2075-04-27,3.8406709855320873
2075-04-28,4.00749757131086
2075-04-29,4.115510000063511
2075-04-30,4.704988782932456
2075-05-01,4.947767999620946
2075-05-02,4.595520589487864
2075-05-03,4.309848866743628
2075-05-04,7.253280023225105
2075-05-05,10.513023805924828
2075-05-06,8.962049739257749
2075-05-07,7.671521978356526
2075-05-08,6.69202981706832
2075-05-09,5.945120521529245
2075-05-10,5.364140404700002
2075-05-11,4.910402713111705
2075-05-12,4.552785659975693
2075-05-13,4.268193403516484
2075-05-14,4.0394635245040424
2075-05-15,4.030997326333165
2075-05-16,4.175090018298618
2075-05-17,4.217485194070738
2075-05-18,4.464848325372424
2075-05-19,4.45553168951927
2075-05-20,4.1688658928535975
2075-05-21,3.9383284873560513
2075-05-22,3.7514075490940297
2075-05-23,4.357696127859511
2075-05-24,6.939381382385771
2075-05-25,8.259281600889032
2075-05-26,7.097104167700922
2075-05-27,6.211415709695733
2075-05-28,5.533880281917393
2075-05-29,5.051010053413008
2075-05-30,4.640854486426419
2075-05-31,4.29816879018719
2075-06-01,4.025388257390839
2075-06-02,3.8061404882822782
2075-06-03,3.628152040056088
2075-06-04,3.4821578482644413
2075-06-05,3.3611179560175963
2075-06-06,3.259650161064018
2075-06-07,3.1736157740595217
2075-06-08,3.0998148943491124
2075-06-09,3.0357606618673714
2075-06-10,2.979510899581065
2075-06-11,2.9295417638503713
2075-06-12,3.1043720395483785
2075-06-13,3.263941855437661
2075-06-14,3.152009714618508
2075-06-15,3.056992105960757
2075-06-16,2.976433108446751
2075-06-17,2.9973883023339023
2075-06-18,3.0960421288881794
2075-06-19,3.0208751729998955
2075-06-20,2.9337844769743593
2075-06-21,3.652861276406916
2075-06-22,4.424981665956586
2075-06-23,4.039829126213429
2075-06-24,3.7352034032379158
2075-06-25,3.493056474790221
2075-06-26,3.298703726290295
2075-06-27,3.1411555461978633
2075-06-28,4.29422970486575
2075-06-29,5.541741645019495
2075-06-30,4.891472533892352
2075-07-01,4.42922351525101
2075-07-02,5.045524177119347
2075-07-03,5.611830756228435
2075-07-04,4.998305235981122
2075-07-05,4.510846336492712
2075-07-06,4.090633536821859
2075-07-07,3.7599199407023645
2075-07-08,3.497679776555735
2075-07-09,3.2878014493993386
2075-07-10,3.3370081205544095
2075-07-11,3.3664829375013468
2075-07-12,3.177004820811092
2075-07-13,3.0222986641438143
2075-07-14,3.427723892643632
2075-07-15,3.9110220822954815
2075-07-16,4.033884880546103
2075-07-17,4.143472909097957
2075-07-18,3.7772046810706095
2075-07-19,3.4879299840767115
2075-07-20,3.261720234784296
2075-07-21,3.2391770766970556
2075-07-22,3.2015186541339635
2075-07-23,3.090655919577564
2075-07-24,3.0237946282828805
2075-07-25,2.8766326647079272
2075-07-26,2.7556747577830905
2075-07-27,2.6557194230376457
2075-07-28,2.572224493449142
2075-07-29,2.5017010260468804
2075-07-30,2.441453786576323
2075-07-31,2.389765265712188
2075-08-01,2.5528122364784256
2075-08-02,2.6956824976866707
2075-08-03,2.588509529098886
2075-08-04,2.4998828630809036
2075-08-05,2.4267742195059574
2075-08-06,2.363979647293321
2075-08-07,2.3092992573534934
2075-08-08,2.5964781954047536
2075-08-09,2.912710614609088
2075-08-10,2.7440668460753135
2075-08-11,2.6075151067648825
2075-08-12,2.495836818666256
2075-08-13,2.403573022471149
2075-08-14,2.3265475376809532
2075-08-15,2.2615465814903053
2075-08-16,2.2060831923818895
2075-08-17,2.1582227396454075
2075-08-18,2.19778891329266
2075-08-19,2.2648867036159217
2075-08-20,2.2025175450602914
2075-08-21,2.146016698552761
2075-08-22,2.0974701637334685
2075-08-23,2.055283254382547
2075-08-24,2.0182058333939663
2075-08-25,1.9852533891892845
2075-08-26,1.9556472333167736
2075-08-27,1.9287689306076532
2075-08-28,1.9041253887883645
2075-08-29,1.8813219783822632
2075-08-30,1.8600417359506285
2075-08-31,1.8400292001779501
2075-09-01,1.8210777939421992
2075-09-02,1.8030199335163462
2075-09-03,1.7916475378395293
2075-09-04,1.7795124270613394
2075-09-05,1.7619645794303558
2075-09-06,1.745079783872437
2075-09-07,1.7288279698267335
2075-09-08,1.713119832229926
2075-09-09,1.6978820189293022
2075-09-10,1.6830541084133561
2075-09-11,1.668586188584548
2075-09-12,1.6544369111879567
2075-09-13,1.6405719239253624
2075-09-14,1.6269626034254265
2075-09-15,1.623517254724499
2075-09-16,1.6420664577710022
2075-09-17,1.7575217122656925
2075-09-18,1.8355955180664676
2075-09-19,1.778724412153272
2075-09-20,1.7314443346575867
2075-09-21,1.6909244730939796
2075-09-22,1.655821258010915
2075-09-23,1.625078175625046
2075-09-24,1.5978608017879943
2075-09-25,1.5735073771398114
2075-09-26,1.551491002195335
2075-09-27,1.5313905720593466
2075-09-28,1.5452917725103514
2075-09-29,1.569648678826775
2075-09-30,1.6545107092135989
2075-10-01,1.7474173864521232
2075-10-02,2.0275011693817935
2075-10-03,2.3421252057279394
2075-10-04,2.2863792941852363
2075-10-05,2.2227069995203315
2075-10-06,2.2805442776639997
2075-10-07,2.513232966560769
2075-10-08,2.5287366129020215
2075-10-09,2.3071220889753454
2075-10-10,2.131102359587348
2075-10-11,1.989893786048887
2075-10-12,1.8756917885786992
2075-10-13,1.7825595840880728
2075-10-14,1.7063506617791864
2075-10-15,1.6912154112910736
2075-10-16,1.674243930373714
2075-10-17,1.6140261572316936
2075-10-18,1.563291682112819
2075-10-19,1.5240276289875851
2075-10-20,1.4946894881335842
2075-10-21,1.4871927474295061
2075-10-22,1.498703395172659
2075-10-23,1.4618318280273657
2075-10-24,1.430249443105671
2075-10-25,1.4100565045725642
2075-10-26,1.4004968748724729
2075-10-27,1.6684799183876617
2075-10-28,1.9056658946737561
2075-10-29,1.843159078882864
2075-10-30,2.0770838408993257
2075-10-31,2.372083461183219
2075-11-01,2.3638399123776197
2075-11-02,2.278024466414966
2075-11-03,2.1892261024300192
2075-11-04,2.009199171379267
2075-11-05,2.0656917141509843
2075-11-06,2.1499032983980535
2075-11-07,2.273970568566321
2075-11-08,2.5809938646705715
2075-11-09,5.649690000020054
2075-11-10,8.991318439191966
2075-11-11,8.032538827332129
2075-11-12,6.964795146426685
2075-11-13,8.166346919968744
2075-11-14,9.374864468109456
2075-11-15,8.0699431684879
2075-11-16,9.554981488257122
2075-11-17,10.283331396067252
2075-11-18,8.252180323849908
2075-11-19,7.151736176869843
2075-11-20,7.230616050815399
2075-11-21,7.0443667518731585
2075-11-22,6.07358437398307
2075-11-23,5.112050228473238
2075-11-24,4.378875722330967
2075-11-25,3.9336826915219043
2075-11-26,3.888727746545893
2075-11-27,3.664956232417509
2075-11-28,3.262492121681168
2075-11-29,2.946882360113164
2075-11-30,2.697597432943976
2075-12-01,2.4990907115651706
2075-12-02,2.339707602524218
2075-12-03,2.2106495811569307
2075-12-04,2.1052304299842
2075-12-05,2.0183376496994287
2075-12-06,2.176987692023245
2075-12-07,2.371673037523928
2075-12-08,2.240638176606535
2075-12-09,2.1218544013238665
2075-12-10,2.02457872241303
2075-12-11,1.9441872887545317
2075-12-12,1.8771178670000255
2075-12-13,1.8206112389871485
2075-12-14,1.7764515237099818
2075-12-15,1.745287617656988
2075-12-16,1.7075690584731689
2075-12-17,1.7805510797990525
2075-12-18,2.1299541024954354
2075-12-19,2.283433583859391
2075-12-20,2.13739941618813
2075-12-21,2.1770192157818413
2075-12-22,2.3814469016064805
2075-12-23,2.3330063468359925
2075-12-24,2.1728775035373453
2075-12-25,2.043551189548581
2075-12-26,1.938304193547576
2075-12-27,1.8519037296784109
2075-12-28,1.7803311464215132
2075-12-29,3.3598395914921118
2075-12-30,5.369121953945189
2075-12-31,5.243954529848076
2076-01-01,4.917592583887797
2076-01-02,4.845961734992053
2076-01-03,4.838299444208265
2076-01-04,4.256260102499043
2076-01-05,5.067219800904166
2076-01-06,7.658916730401874
2076-01-07,8.216246185167025
2076-01-08,8.260402507394835
2076-01-09,10.717743812216263
2076-01-10,11.039937483041706
2076-01-11,10.64965146536635
2076-01-12,11.008187679197922
2076-01-13,9.364755530240078
2076-01-14,7.641799147458758
2076-01-15,6.35078840713533
2076-01-16,5.374718074513484
2076-01-17,5.508823852777534
2076-01-18,5.9248994520177645
2076-01-19,6.28068041438942
2076-01-20,9.814751506962534
2076-01-21,11.923553570909457
2076-01-22,13.831647425223787
2076-01-23,15.784695300231855
2076-01-24,12.962226062726401
2076-01-25,11.031395547312442
2076-01-26,10.210092794710949
2076-01-27,9.216009215580245
2076-01-28,7.847097845032973
2076-01-29,7.3671100098944615
2076-01-30,7.512216788179166
2076-01-31,6.778032105927632
2076-02-01,5.802286150189038
2076-02-02,5.0560500989398385
2076-02-03,4.48064963427381
2076-02-04,4.033077540347704
2076-02-05,3.6819009555823605
2076-02-06,3.403946899125281
2076-02-07,3.1819936789994667
2076-02-08,3.0031459648896086
2076-02-09,2.8576798351366084
2076-02-10,3.46047884922735
2076-02-11,5.0515224761524395
2076-02-12,5.113521158932984
2076-02-13,4.5100204365514776
2076-02-14,4.056317813185932
2076-02-15,3.8513188472780873
2076-02-16,3.833544878467407
2076-02-17,3.6732900448795385
2076-02-18,4.974905153628146
2076-02-19,6.285948339206954
2076-02-20,5.431035156856574
2076-02-21,4.752743563094154
2076-02-22,4.951700703610473
2076-02-23,5.843262084906223
2076-02-24,5.740133471628926
2076-02-25,4.99728680581359
2076-02-26,4.422752779163115
2076-02-27,3.9749252639662207
2076-02-28,3.6239269729529835
2076-02-29,3.3464020218820583
2076-03-01,3.125016690515537
2076-03-02,2.949426114739944
2076-03-03,2.805508828182832
2076-03-04,2.686033698189778
2076-03-05,2.974131690270084
2076-03-06,3.3416792217728877
2076-03-07,3.2051497190147313
2076-03-08,2.9978204823614827
2076-03-09,3.808932056189219
2076-03-10,5.313776763307458
2076-03-11,5.332200453989181
2076-03-12,4.871692030552366
2076-03-13,10.226796201860287
2076-03-14,15.281135118887029
2076-03-15,13.527521126682892
2076-03-16,12.1038162173709
2076-03-17,12.26144316296764
2076-03-18,12.128028826317305
2076-03-19,10.303002685187467
2076-03-20,9.157644629783102
2076-03-21,7.711060917507453
2076-03-22,7.78213699293267
2076-03-23,9.889921846245691
2076-03-24,10.870493267743216
2076-03-25,11.507534071470708
2076-03-26,15.913848598670443
2076-03-27,19.575847947521858
2076-03-28,19.08083321921902
2076-03-29,18.723293224192158
2076-03-30,30.796917961410283
2076-03-31,36.94399840285324
2076-04-01,43.17201576975882
2076-04-02,53.01842629972111
2076-04-03,42.04464168943691
2076-04-04,29.89508380604984
2076-04-05,21.18719907268515
2076-04-06,16.86773751394374
2076-04-07,13.665204030529507
2076-04-08,11.307014301104731
2076-04-09,9.551982556538618
2076-04-10,8.232021692538753
2076-04-11,7.229820632499973
2076-04-12,6.460613140788133
2076-04-13,5.864295132202482
2076-04-14,5.415435050889453
2076-04-15,5.0979051992625815
2076-04-16,5.212235271041407
2076-04-17,5.497255731978391
2076-04-18,5.161036477982663
2076-04-19,4.9509135460929325
2076-04-20,4.809579234708699
2076-04-21,4.545575884801514
2076-04-22,5.468721292494848
2076-04-23,6.327970270854492
2076-04-24,5.722581488060174
2076-04-25,5.247894818007355
2076-04-26,4.873773001565853
2076-04-27,5.28550124604273
2076-04-28,5.683705519861689
2076-04-29,10.111810612968092
2076-04-30,17.59741505948331
2076-05-01,17.409804258861936
2076-05-02,14.03026361798945
2076-05-03,13.211042274441127
2076-05-04,13.45815407151708
2076-05-05,11.840424584819425
2076-05-06,9.98062566927897
2076-05-07,8.548560928697464
2076-05-08,7.68074508508569
2076-05-09,7.215317238584632
2076-05-10,7.005383480074991
2076-05-11,6.80353543102915
2076-05-12,6.5345603313723055
2076-05-13,6.449970998010016
2076-05-14,6.13369834269536
2076-05-15,5.628262064551556
2076-05-16,5.984481193931558
2076-05-17,6.982654305825268
2076-05-18,6.961255745341689
2076-05-19,6.796651824915472
2076-05-20,6.690239811398722
2076-05-21,6.085007432249704
2076-05-22,5.544462441192607
2076-05-23,5.119180915161803
2076-05-24,4.781249589911636
2076-05-25,7.42770128729448
2076-05-26,10.272131684900549
2076-05-27,8.766083765358326
2076-05-28,7.589641445657796
2076-05-29,6.6933798215675075
2076-05-30,6.003857545111718
2076-05-31,5.4682344911929315
2076-06-01,5.048118715709346
2076-06-02,4.715361609255497
2076-06-03,4.449150122811532
2076-06-04,4.2339737216127675
2076-06-05,4.126983787852542
2076-06-06,4.340097448817156
2076-06-07,4.388563852422341
2076-06-08,4.1708129856255605
2076-06-09,3.9922132314966365
2076-06-10,3.8449834075989013
2076-06-11,3.7222431389997426
2076-06-12,3.6187281869563983
2076-06-13,3.53038775711448
2076-06-14,3.454087925316701
2076-06-15,3.3873916961045563
2076-06-16,3.811741962635274
2076-06-17,4.258853642102339
2076-06-18,4.023219773779145
2076-06-19,3.8318291830994142
2076-06-20,3.6751697814235116
2076-06-21,3.545539360087209
2076-06-22,3.437064024296102
2076-06-23,3.3452375431602195
2076-06-24,3.2897888177781383
2076-06-25,3.2498079637269033
2076-06-26,4.3502342660895055
2076-06-27,5.7094068216455085
2076-06-28,6.632450933628455
2076-06-29,7.381458604151277
2076-06-30,6.410457657993255
2076-07-01,5.660683350966238
2076-07-02,5.095814712774468
2076-07-03,4.878084620231027
2076-07-04,4.638764622121141
2076-07-05,4.2807979094488955
2076-07-06,3.9959837015264186
2076-07-07,3.767757553945847
2076-07-08,3.583059741992343
2076-07-09,3.4320534092297965
2076-07-10,3.3072793727127636
2076-07-11,3.2030457007894326
2076-07-12,3.1149832234378754
2076-07-13,3.6488181878339603
2076-07-14,7.301782017851152
2076-07-15,10.08410356019816
2076-07-16,8.427975681703874
2076-07-17,7.166307723148047
2076-07-18,6.209778904083774
2076-07-19,5.4858217965144505
2076-07-20,5.346593333410293
2076-07-21,5.212984063985169
2076-07-22,4.705890848830568
2076-07-23,4.48573584363655
2076-07-24,4.3334136317330705
2076-07-25,4.012452847606689
2076-07-26,3.7558057029729426
2076-07-27,3.54949254670585
2076-07-28,4.539036184876095
2076-07-29,5.519696988007156
2076-07-30,4.927298535637903
2076-07-31,4.522824029671805
2076-08-01,5.3272375875952696
2076-08-02,6.465577441416259
2076-08-03,6.2011563234624125
2076-08-04,5.46424531225449
2076-08-05,4.880740238188881
2076-08-06,4.426450091858041
2076-08-07,4.125094507242336
2076-08-08,4.8422637155433845
2076-08-09,5.401602022707675
2076-08-10,4.826577719758755
2076-08-11,4.383433015549003
2076-08-12,4.043894706627545
2076-08-13,3.7647917321666267
2076-08-14,3.536935544605432
2076-08-15,3.3705752073567505
2076-08-16,3.2557513240452884
2076-08-17,3.128238922326444
2076-08-18,3.0161021768485337
2076-08-19,2.999412264859492
2076-08-20,3.6068959719100024
2076-08-21,6.050247222572196
2076-08-22,7.630044319056118
2076-08-23,6.5011487995487185
2076-08-24,5.640365573403387
2076-08-25,5.33392510603057
2076-08-26,6.271367028306045
2076-08-27,9.26307564408497
2076-08-28,10.77422780655156
2076-08-29,8.902043673217078
2076-08-30,7.479401687076005
2076-08-31,6.407056649407012
2076-09-01,5.590816456626288
2076-09-02,4.963618691627643
2076-09-03,4.505370772324578
2076-09-04,4.132093339526765
2076-09-05,3.8240143325097904
2076-09-06,3.5785975343004055
2076-09-07,3.381262989659394
2076-09-08,3.2210350114395436
2076-09-09,3.089616848624575
2076-09-10,2.9806958580034144
2076-09-11,2.8894395716332135
2076-09-12,2.8121272890565603
2076-09-13,2.7458787228998087
2076-09-14,2.6884527166127783
2076-09-15,2.638096944106635
2076-09-16,2.5934349716894065
2076-09-17,3.469571023859203
2076-09-18,4.584092632189432
2076-09-19,5.6274326191687
2076-09-20,6.7878850543516736
2076-09-21,6.462759513519203
2076-09-22,6.6276358828686694
2076-09-23,6.86392237208656
2076-09-24,6.309287466851772
2076-09-25,5.483860143251724
2076-09-26,4.843347580372423
2076-09-27,6.632916614876528
2076-09-28,10.994633820249987
2076-09-29,12.062463176250056
2076-09-30,9.929467931879882
2076-10-01,8.242259778574804
2076-10-02,6.9757091454979125
2076-10-03,6.015905030391881
2076-10-04,5.28169833728481
2076-10-05,4.714917001371462
2076-10-06,4.273436388541774
2076-10-07,3.9264658737575875
2076-10-08,3.651303250555165
2076-10-09,3.4310743415334244
2076-10-10,3.253142065196647
2076-10-11,3.122542306070674
2076-10-12,3.9767939576956413
2076-10-13,4.773571330647663
2076-10-14,4.322688095747978
2076-10-15,3.950388769935192
2076-10-16,3.65376255649064
2076-10-17,3.417258536646407
2076-10-18,3.226941772996195
2076-10-19,3.0723282964733802
2076-10-20,2.9454770021394716
2076-10-21,2.8403346199689126
2076-10-22,2.7522593232941763
2076-10-23,2.677671565993171
2076-10-24,2.6137962996218875
2076-10-25,3.185006831714239
2076-10-26,7.621499938381241
2076-10-27,10.897905795497502
2076-10-28,8.925838658340334
2076-10-29,7.487432950283324
2076-10-30,7.6623794602094755
2076-10-31,9.622839542364561
2076-11-01,12.96784967802053
2076-11-02,14.41163360912485
2076-11-03,12.352087639284385
2076-11-04,10.054382754910328
2076-11-05,9.476242131256312
2076-11-06,9.201864876504402
2076-11-07,10.097224245519225
2076-11-08,12.218318966534083
2076-11-09,11.204384299310272
2076-11-10,13.627154348346878
2076-11-11,22.877912226150055
2076-11-12,29.54537961806159
2076-11-13,25.565320155260594
2076-11-14,20.498521908429485
2076-11-15,17.29550014803603
2076-11-16,13.850038344188773
2076-11-17,11.322859530701436
2076-11-18,9.44923319083571
2076-11-19,8.371382857989959
2076-11-20,9.272323049266074
2076-11-21,9.577012799678503
2076-11-22,8.150933066702438
2076-11-23,7.070019030303091
2076-11-24,6.558045333863972
2076-11-25,6.833323086158875
2076-11-26,6.74595373470597
2076-11-27,6.115019688379977
2076-11-28,6.493561933068816
2076-11-29,8.55051452833711
2076-11-30,11.757067225975627
2076-12-01,19.78435265617588
2076-12-02,23.45949268332181
2076-12-03,18.856357589484563
2076-12-04,21.248826124668053
2076-12-05,43.46285179068682
2076-12-06,55.69081725959436
2076-12-07,47.845069559376576
2076-12-08,38.681340007720245
2076-12-09,29.798501889420965
2076-12-10,25.550172502127353
2076-12-11,20.06541634913533
2076-12-12,16.167671677587368
2076-12-13,13.619931365501698
2076-12-14,11.834495393576843
2076-12-15,10.102115397792698
2076-12-16,9.56193005228169
2076-12-17,9.284726356732959
2076-12-18,9.161411325644341
2076-12-19,9.831021946753202
2076-12-20,9.851578766293605
2076-12-21,9.215040107986992
2076-12-22,8.11994212603358
2076-12-23,7.280639855693459
2076-12-24,6.6313931626374485
2076-12-25,7.049227791433684
2076-12-26,9.787664798832354
2076-12-27,15.152820764593208
2076-12-28,19.22737944485506
2076-12-29,22.79611856734243
2076-12-30,24.56467610025493
2076-12-31,19.887204746861133
2077-01-01,23.497483972823343
2077-01-02,27.7298542482083
2077-01-03,21.61071175878079
2077-01-04,17.640843605449565
2077-01-05,14.623940017611252
2077-01-06,12.281390030817422
2077-01-07,10.850509692786135
2077-01-08,10.260739336293588
2077-01-09,11.776423072722613
2077-01-10,13.871885228322215
2077-01-11,13.903727014366211
2077-01-12,12.729757159363816
2077-01-13,10.88100559400007
2077-01-14,10.1870643989649
2077-01-15,11.949304366343222
2077-01-16,14.33978389463479
2077-01-17,17.62328124619914
2077-01-18,19.743458429905292
2077-01-19,23.04796321911688
2077-01-20,24.75909382211302
2077-01-21,21.553962593207398
2077-01-22,19.031282638644523
2077-01-23,15.617257710677606
2077-01-24,13.105513323425557
2077-01-25,11.23760852747813
2077-01-26,9.832979376279761
2077-01-27,8.76529165605654
2077-01-28,7.945094035717408
2077-01-29,7.30835233463167
2077-01-30,6.808761425033086
2077-01-31,6.412521573666447
2077-02-01,6.094745654882406
2077-02-02,5.836959951880826
2077-02-03,5.625347297987562
2077-02-04,5.449499894895631
2077-02-05,5.301525799924701
2077-02-06,5.1754032748435455
2077-02-07,5.066510466496579
2077-02-08,4.971280201442604
2077-02-09,4.886944796935178
2077-02-10,4.811346140268657
2077-02-11,4.753968985098596
2077-02-12,5.535092104773033
2077-02-13,8.070883477406008
2077-02-14,9.397332270104682
2077-02-15,8.47700857111377
2077-02-16,7.596562285404116
2077-02-17,6.916395156023438
2077-02-18,7.012438237844864
2077-02-19,8.185180993118534
2077-02-20,9.283086546031722
2077-02-21,12.899780982520646
2077-02-22,16.021659913534148
2077-02-23,14.53138017980015
2077-02-24,12.150509865289019
2077-02-25,10.469116197972474
2077-02-26,9.228990303025723
2077-02-27,8.171473663540937
2077-02-28,7.511597798500394
2077-03-01,8.58971602995591
2077-03-02,12.858035081714158
2077-03-03,15.10103065125467
2077-03-04,13.455951748646953
2077-03-05,11.538801687779133
2077-03-06,11.402284296354901
2077-03-07,11.61670644554097
2077-03-08,11.16460188717185
2077-03-09,13.544873986771648
2077-03-10,15.172302344268738
2077-03-11,14.1426370789734
2077-03-12,13.446538377093873
2077-03-13,12.50110436930638
2077-03-14,10.994254343346912
2077-03-15,9.605866632096921
2077-03-16,8.485487009674868
2077-03-17,9.81680120675304
2077-03-18,11.589596331081095
2077-03-19,11.318491817956586
2077-03-20,11.079296677177027
2077-03-21,10.647979993598637
2077-03-22,10.61171157574204
2077-03-23,10.421214778657498
2077-03-24,10.693541878446394
2077-03-25,10.446001289675861
2077-03-26,9.123666741141884
2077-03-27,8.219540863735363
2077-03-28,8.383296260949786
2077-03-29,8.807570351798956
2077-03-30,8.294522430309083
2077-03-31,7.641544155823445
2077-04-01,7.051486566621471
2077-04-02,6.5049033950677675
2077-04-03,6.073918458311116
2077-04-04,5.730977360309075
2077-04-05,5.4550972088420755
2077-04-06,11.449127225525343
2077-04-07,19.222828830387463
2077-04-08,18.611428032028464
2077-04-09,17.313897407319754
2077-04-10,15.135698121503289
2077-04-11,12.683820287922943
2077-04-12,11.878206019658924
2077-04-13,13.499284958663816
2077-04-14,17.192655275225864
2077-04-15,18.663849503878993
2077-04-16,16.528541293522313
2077-04-17,13.722431162933804
2077-04-18,11.607119940767314
2077-04-19,10.025371487744588
2077-04-20,8.829761360470167
2077-04-21,7.916484579117994
2077-04-22,7.211610376251392
2077-04-23,8.436886774955072
2077-04-24,10.272877893020565
2077-04-25,10.284521409931044
2077-04-26,10.149432989108998
2077-04-27,10.86430619219878
2077-04-28,11.425740124324129
2077-04-29,10.59859164694489
2077-04-30,10.109364269891248
2077-05-01,9.474622805472638
2077-05-02,10.555052471550026
2077-05-03,15.471857735230481
2077-05-04,17.37827991741822
2077-05-05,14.350524622068283
2077-05-06,12.134360190912602
2077-05-07,11.438739685026095
2077-05-08,10.869754111407778
2077-05-09,9.556385902807204
2077-05-10,8.49415119124207
2077-05-11,7.66038347491214
2077-05-12,7.014630057987912
2077-05-13,6.976531933770002
2077-05-14,7.1034097075087645
2077-05-15,6.571721412922599
2077-05-16,6.151841667215645
2077-05-17,5.81514304446542
2077-05-18,5.543749607560142
2077-05-19,5.779197098029045
2077-05-20,6.714095177214483
2077-05-21,7.131513218008824
2077-05-22,6.689312477198347
2077-05-23,6.204452807825159
2077-05-24,5.919508536755461
2077-05-25,5.748537905215874
2077-05-26,5.45274997516558
2077-05-27,5.212478373298974
2077-05-28,5.0711088912601365
2077-05-29,4.923832870423355
2077-05-30,4.825280719459092
2077-05-31,4.746005944694516
2077-06-01,5.39592946353233
2077-06-02,6.2572273844469715
2077-06-03,6.138595977306497
2077-06-04,5.987143520589128
2077-06-05,5.605648003653584
2077-06-06,5.2832967189257305
2077-06-07,5.396004439239135
2077-06-08,5.6616437360065115
2077-06-09,5.338766411516271
2077-06-10,5.093639769064654
2077-06-11,4.869688650343067
2077-06-12,4.672880835830935
2077-06-13,4.510605283696512
2077-06-14,4.375207789666649
2077-06-15,4.260854174050929
2077-06-16,4.163070630467062
2077-06-17,4.078406991629979
2077-06-18,4.290106268471115
2077-06-19,4.560621417040849
2077-06-20,4.3887278757242925
2077-06-21,4.2420361662487736
2077-06-22,4.119210318249242
2077-06-23,4.015118214836216
2077-06-24,3.925813253793937
2077-06-25,3.9419201442349805
2077-06-26,4.085431982586745
2077-06-27,4.592234122437489
2077-06-28,5.105264693999466
2077-06-29,4.85785652467471
2077-06-30,4.573930247677501
2077-07-01,4.345253498804213
2077-07-02,4.159325841084191
2077-07-03,4.006483388147094
2077-07-04,3.879401881165247
2077-07-05,3.772494822401619
2077-07-06,3.681475605205481
2077-07-07,3.6030364625946487
2077-07-08,3.5346113379862607
2077-07-09,3.4741995286228016
2077-07-10,3.420233670173065
2077-07-11,3.37148030420393
2077-07-12,3.326964549520897
2077-07-13,3.2859127185592953
2077-07-14,3.4856695061373846
2077-07-15,3.727332249435231
2077-07-16,3.647627486991878
2077-07-17,3.5585600497832783
2077-07-18,3.45715994415494
2077-07-19,3.370813031718035
2077-07-20,3.2966296229235863
2077-07-21,3.2368644110157443
2077-07-22,3.651784371871066
2077-07-23,4.084291195095029
2077-07-24,3.8966032365264796
2077-07-25,3.7368896345713254
2077-07-26,3.570733691365177
2077-07-27,3.443687899340537
2077-07-28,4.948583520511266
2077-07-29,6.479684459953613
2077-07-30,5.702907837213668
2077-07-31,5.102688271004517
2077-08-01,4.636299093858702
2077-08-02,4.270512317317507
2077-08-03,3.980927623471244
2077-08-04,3.7494752407314462
2077-08-05,3.5626680135615625
2077-08-06,3.4104114539843047
2077-08-07,3.284953353890869
2077-08-08,3.1804434467384617
2077-08-09,3.092430495787633
2077-08-10,3.0174572951932075
2077-08-11,2.9528443589191316
2077-08-12,2.896504422148778
2077-08-13,2.846803730191128
2077-08-14,2.8024576684382896
2077-08-15,2.7624517691465678
2077-08-16,2.725981591361871
2077-08-17,2.692406722650702
2077-08-18,2.661215408590625
2077-08-19,2.787517437734184
2077-08-20,3.1589370802024255
2077-08-21,3.237577044826716
2077-08-22,3.0929397724081884
2077-08-23,2.974276949535406
2077-08-24,2.8756997526615975
2077-08-25,2.792916352998914
2077-08-26,2.722617215525782
2077-08-27,2.66223658435066
2077-08-28,2.609775244608121
2077-08-29,2.563667950938003
2077-08-30,2.5226836490363618
2077-08-31,2.485849936594714
2077-09-01,2.4523955562645936
2077-09-02,2.4217063846513502
2077-09-03,2.393291580811229
2077-09-04,2.36675742463692
2077-09-05,2.34178700629168
2077-09-06,2.318124389751364
2077-09-07,2.302982949960295
2077-09-08,2.2980290407223585
2077-09-09,2.275057162065336
2077-09-10,2.2516757290312137
2077-09-11,2.229450435377883
2077-09-12,2.3873305324830065
2077-09-13,3.0161483435472873
2077-09-14,3.3306901489033525
2077-09-15,3.1931669068683974
2077-09-16,3.1132360996250963
2077-09-17,2.919154668468819
2077-09-18,2.7597757618052516
2077-09-19,2.6301998272685987
2077-09-20,2.5238447597740197
2077-09-21,2.4356819230356086
2077-09-22,2.3618468602572262
2077-09-23,2.299353288856713
2077-09-24,2.245881454848101
2077-09-25,2.1996204455024224
2077-09-26,2.159149947651552
2077-09-27,2.1233510449226713
2077-09-28,2.0913385347576825
2077-09-29,2.062409293368425
2077-09-30,2.0850946206516707
2077-10-01,2.241124410178664
2077-10-02,2.2882213161353255
2077-10-03,2.216940737888509
2077-10-04,2.1580518683388674
2077-10-05,2.305204424816599
2077-10-06,2.4591672383874204
2077-10-07,2.345175055254355
2077-10-08,2.2518979527426444
2077-10-09,2.1744659974030935
2077-10-10,2.109533470675851
2077-10-11,2.0545105947136415
2077-10-12,2.0073823215322513
2077-10-13,1.9757677150063968
2077-10-14,1.9720364930769447
2077-10-15,1.9390731003180404
2077-10-16,1.9042981347306727
2077-10-17,1.8734484406661274
2077-10-18,1.8458128992513512
2077-10-19,1.8208008565544747
2077-10-20,1.9871664624153678
2077-10-21,2.1700527557495866
2077-10-22,2.2405056746153367
2077-10-23,2.3181266195612724
2077-10-24,2.1993116580769247
2077-10-25,2.1066889817312453
2077-10-26,2.1662842481937297
2077-10-27,2.2207501231828823
2077-10-28,2.138096805338192
2077-10-29,2.1909778715869646
2077-10-30,3.029693544519143
2077-10-31,3.643283716515611
2077-11-01,3.3285374795418137
2077-11-02,3.0481184517459705
2077-11-03,2.776434601933243
2077-11-04,2.5703192238496135
2077-11-05,2.567319092653563
2077-11-06,2.830637966426176
2077-11-07,2.9291032440154314
2077-11-08,2.768757433994478
2077-11-09,3.138884748584612
2077-11-10,3.510511539457859
2077-11-11,3.1313667636688725
2077-11-12,2.833022369957243
2077-11-13,2.597268147552084
2077-11-14,2.4725564320793683
2077-11-15,2.4115152125953503
2077-11-16,2.277991229923474
2077-11-17,2.3109787944521587
2077-11-18,2.6777827369496596
2077-11-19,3.0304697088219386
2077-11-20,2.906525448534891
2077-11-21,2.6496601283556975
2077-11-22,3.694503105696809
2077-11-23,4.846374105151104
2077-11-24,4.2926626148744385
2077-11-25,4.168597552571454
2077-11-26,4.084790122439887
2077-11-27,3.6577944974187395
2077-11-28,3.2808752705568462
2077-11-29,2.9559460977221157
2077-11-30,2.7021444661436944
2077-12-01,2.495174566562835
2077-12-02,2.3294140605198117
2077-12-03,2.195574414054541
2077-12-04,2.0865980916558136
2077-12-05,1.997092027445453
2077-12-06,2.1493561499856835
2077-12-07,2.4577268622658317
2077-12-08,3.1435733274125286
2077-12-09,3.8035952231668504
2077-12-10,3.524064208525351
2077-12-11,3.136732275622196
2077-12-12,2.835823014688008
2077-12-13,2.625604619981384
2077-12-14,2.6032159454657795
2077-12-15,2.6145455050426243
2077-12-16,2.416415057929847
2077-12-17,2.28991913826353
2077-12-18,2.210879126539852
2077-12-19,2.720986867554964
2077-12-20,3.2130952283594314
2077-12-21,2.886337663482996
2077-12-22,3.0762563993267604
2077-12-23,3.147780355703493
2077-12-24,2.880419071661864
2077-12-25,2.6233089842013473
2077-12-26,2.4190701921605355
2077-12-27,2.255611434494403
2077-12-28,2.1237216157577605
2077-12-29,2.016410233092196
2077-12-30,1.928338674402702
2077-12-31,1.8554057785965894
2078-01-01,1.7944434805792244
2078-01-02,1.7429916767350135
2078-01-03,1.6991305515061457
2078-01-04,2.6626831620290137
2078-01-05,3.337481497639292
2078-01-06,5.53129233856319
2078-01-07,7.673043643958677
2078-01-08,6.30113875024314
2078-01-09,5.264824398436724
2078-01-10,4.476584114005706
2078-01-11,3.872370584632458
2078-01-12,3.405371555009019
2078-01-13,3.0414986121389362
2078-01-14,2.755716851531685
2078-01-15,2.529485190364409
2078-01-16,2.348964102526541
2078-01-17,2.240994019693951
2078-01-18,2.310045244556842
2078-01-19,2.3174331231157916
2078-01-20,2.6132409031093555
2078-01-21,3.2405553437319408
2078-01-22,4.913352253921686
2078-01-23,6.2345233283412576
2078-01-24,9.661972787204386
2078-01-25,12.472315917709794
2078-01-26,10.000122068318982
2078-01-27,8.29406295929939
2078-01-28,7.072678963893726
2078-01-29,5.901922001060522
2078-01-30,5.013847947409201
2078-01-31,4.334476272762585
2078-02-01,3.810341325896694
2078-02-02,3.4026238206886155
2078-02-03,3.0828795729625242
2078-02-04,2.8300887798687495
2078-02-05,2.7194550767954975
2078-02-06,2.6639262445177283
2078-02-07,2.4939306537716575
2078-02-08,2.8605855971117475
2078-02-09,3.24676190007454
2078-02-10,7.610601802705786
2078-02-11,20.9778863993011
2078-02-12,27.613695004418563
2078-02-13,20.506246236671945
2078-02-14,15.694390430750987
2078-02-15,12.435911530166289
2078-02-16,10.016700765088542
2078-02-17,8.674372852813477
2078-02-18,7.291818894104413
2078-02-19,6.181744894473621
2078-02-20,6.229446473851989
2078-02-21,10.217304805026442
2078-02-22,12.996049687192503
2078-02-23,13.736983143270338
2078-02-24,15.556036347137223
2078-02-25,18.434989220837057
2078-02-26,21.17793462187647
2078-02-27,18.597506774424257
2078-02-28,15.160258710726707
2078-03-01,12.162625915147126
2078-03-02,9.95398403389268
2078-03-03,8.30972485100913
2078-03-04,7.5111734720023735
2078-03-05,8.859049524830619
2078-03-06,14.006911383518203
2078-03-07,18.63518980712903
2078-03-08,18.860909919995525
2078-03-09,16.734767108860144
2078-03-10,19.09291012349261
2078-03-11,25.036749396770563
2078-03-12,24.80954060069251
2078-03-13,22.27767281338004
2078-03-14,18.36004311349514
2078-03-15,20.901551250611053
2078-03-16,24.21180160511093
2078-03-17,19.122688916796744
2078-03-18,15.75545908750719
2078-03-19,13.38223212831919
2078-03-20,11.087608912979425
2078-03-21,9.377661622731928
2078-03-22,9.09248042497734
2078-03-23,9.465851684935346
2078-03-24,9.37116799357143
2078-03-25,8.920476195752565
2078-03-26,7.765719631797712
2078-03-27,6.868719262825806
2078-03-28,8.418305558378306
2078-03-29,11.443238105321292
2078-03-30,12.4870794503801
2078-03-31,12.18635538341149
2078-04-01,10.67685067109615
2078-04-02,9.135229854941349
2078-04-03,9.383213900682923
2078-04-04,11.301076659465153
2078-04-05,15.095288819767342
2078-04-06,17.443483068732636
2078-04-07,15.370602223490314
2078-04-08,12.665258746519727
2078-04-09,10.615905525150017
2078-04-10,9.083716456768984
2078-04-11,7.9261752223938595
2078-04-12,7.149633702203032
2078-04-13,7.847138496048923
2078-04-14,8.864133856957771
2078-04-15,11.538917105562502
2078-04-16,15.085282497706553
2078-04-17,14.607617685986197
2078-04-18,14.46150375000712
2078-04-19,14.696413591580535
2078-04-20,12.692677463820473
2078-04-21,12.962573849109576
2078-04-22,13.19721616087361
2078-04-23,11.061937510536792
2078-04-24,9.46370145110292
2078-04-25,8.257562340896765
2078-04-26,7.337924699643454
2078-04-27,6.62963578201285
2078-04-28,6.078639309693565
2078-04-29,5.645670920995872
2078-04-30,5.35565850984615
2078-05-01,5.317991267479976
2078-05-02,5.903055036973964
2078-05-03,6.655575951250548
2078-05-04,6.695796217903406
2078-05-05,7.078184566837105
2078-05-06,8.27987874983517
2078-05-07,8.626472635500587
2078-05-08,8.251724126899294
2078-05-09,11.526214981913208
2078-05-10,14.499000781548707
2078-05-11,12.625365973536054
2078-05-12,11.69702562541451
2078-05-13,16.521363570307457
2078-05-14,19.998783703582042
2078-05-15,16.825839906606934
2078-05-16,14.647466843447134
2078-05-17,13.286810677314861
2078-05-18,13.207630484305446
2078-05-19,13.671475703499242
2078-05-20,15.49636039249382
2078-05-21,17.620227596279694
2078-05-22,17.935021255811332
2078-05-23,15.568567697584237
2078-05-24,12.885842575058035
2078-05-25,11.522263416501486
2078-05-26,10.705473111628832
2078-05-27,9.282519955234344
2078-05-28,8.20824306930427
2078-05-29,7.79695170140305
2078-05-30,7.4617693647118815
2078-05-31,6.832763633606679
2078-06-01,6.393872244264568
2078-06-02,6.98185035819133
2078-06-03,8.188735727590462
2078-06-04,7.834212031096166
2078-06-05,7.050944290996799
2078-06-06,6.502293975720282
2078-06-07,7.607122879132984
2078-06-08,8.900499577724455
2078-06-09,9.855977821831274
2078-06-10,10.474682189107867
2078-06-11,9.50494619542864
2078-06-12,9.391316107051919
2078-06-13,8.919057072434683
2078-06-14,7.9321393651613725
2078-06-15,7.113992243377133
2078-06-16,8.00275743549451
2078-06-17,10.668513436542916
2078-06-18,10.892233279620298
2078-06-19,9.376484969581696
2078-06-20,8.21706039052409
2078-06-21,7.329781443171584
2078-06-22,6.643278099751234
2078-06-23,7.72239500374879
2078-06-24,8.749930955120732
2078-06-25,7.727399290354303
2078-06-26,6.940290629647041
2078-06-27,8.142595471250468
2078-06-28,10.934446093933515
2078-06-29,10.855130946016446
2078-06-30,9.316452681052736
2078-07-01,8.151557894308903
2078-07-02,7.262824764259406
2078-07-03,6.577856016076173
2078-07-04,6.0445746971804075
2078-07-05,5.625149530555409
2078-07-06,5.323364280593025
2078-07-07,9.647621873175444
2078-07-08,15.15486369226687
2078-07-09,13.70946998353695
2078-07-10,11.461954426393367
2078-07-11,9.763408177989378
2078-07-12,12.427199729830692
2078-07-13,16.18249800643783
2078-07-14,14.737981660524559
2078-07-15,12.398734454439252
2078-07-16,12.061376787122223
2078-07-17,12.522432021262086
2078-07-18,11.699473024846535
2078-07-19,10.64349374913512
2078-07-20,9.208355172964025
2078-07-21,9.873932178724498
2078-07-22,11.001444507222374
2078-07-23,9.877350959220324
2078-07-24,8.615656761523603
2078-07-25,7.671295596695447
2078-07-26,8.001548562498266
2078-07-27,8.34766429790651
2078-07-28,7.504312414166911
2078-07-29,7.048239338362609
2078-07-30,7.836447913272813
2078-07-31,8.442136175001929
2078-08-01,7.530814221426062
2078-08-02,6.796175175503458
2078-08-03,6.338211408818327
2078-08-04,6.02830626764876
2078-08-05,5.620863367599916
2078-08-06,5.295658554827324
2078-08-07,5.0341457512207155
2078-08-08,4.821518758784091
2078-08-09,4.646656582864435
2078-08-10,4.501148478385027
2078-08-11,4.378592223774523
2078-08-12,4.274084791417896
2078-08-13,4.252149954913334
2078-08-14,7.390576056019792
2078-08-15,12.1115110489138
2078-08-16,14.968749127628397
2078-08-17,16.555237082173498
2078-08-18,15.495991004007927
2078-08-19,15.296558947787787
2078-08-20,14.349085478817031
2078-08-21,11.956016041928857
2078-08-22,10.128004766934188
2078-08-23,8.755058483665513
2078-08-24,7.713215587511383
2078-08-25,13.980501047677976
2078-08-26,21.341786179211876
2078-08-27,18.237562176619793
2078-08-28,15.149452093971584
2078-08-29,12.541536330559929
2078-08-30,10.605494443719092
2078-08-31,9.154358976433082
2078-09-01,8.05516921830584
2078-09-02,7.214002394945116
2078-09-03,6.563765314471643
2078-09-04,6.056033511860012
2078-09-05,5.7360746131773
2078-09-06,9.89667563624443
2078-09-07,24.565203740445625
2078-09-08,31.898736434623405
2078-09-09,22.581524686499225
2078-09-10,17.71466067456736
2078-09-11,14.477870611596721
2078-09-12,12.098950056494692
2078-09-13,10.964075464676094
2078-09-14,10.126201058485028
2078-09-15,11.048190674375663
2078-09-16,12.446040959206899
2078-09-17,11.090786036782406
2078-09-18,9.600252732339692
2078-09-19,8.445425809140277
2078-09-20,7.563115494170145
2078-09-21,6.882041528117804
2078-09-22,6.425449300749929
2078-09-23,6.539656238672225
2078-09-24,8.016211292212247
2078-09-25,9.182688447605345
2078-09-26,8.370551885711464
2078-09-27,7.484321652022938
2078-09-28,7.599228791924112
2078-09-29,8.012588198339678
2078-09-30,7.840076651457758
2078-10-01,7.661307273492191
2078-10-02,6.929021429449599
2078-10-03,6.357537250988481
2078-10-04,5.908852349025991
2078-10-05,5.5529190745650645
2078-10-06,5.2675549750017945
2078-10-07,5.534990519936989
2078-10-08,5.867266351931872
2078-10-09,5.501829865542462
2078-10-10,5.208527658458361
2078-10-11,4.971315377689589
2078-10-12,4.7773173624515115
2078-10-13,4.616821288677207
2078-10-14,4.482452824203624
2078-10-15,4.368578201678436
2078-10-16,4.27086831971227
2078-10-17,9.401719528126078
2078-10-18,24.639317717279425
2078-10-19,30.35681479029302
2078-10-20,21.6659211631853
2078-10-21,17.152369019372774
2078-10-22,14.17622358937821
2078-10-23,12.52671525593165
2078-10-24,12.15313402619311
2078-10-25,13.173183626359501
2078-10-26,16.28714178864311
2078-10-27,19.426236344777426
2078-10-28,19.085846234494316
2078-10-29,16.402535153129385
2078-10-30,13.51894462627043
2078-10-31,12.354474840322924
2078-11-01,11.739647329010348
2078-11-02,10.065343030372867
2078-11-03,8.798092825105549
2078-11-04,8.128776710150229
2078-11-05,7.816113961214344
2078-11-06,10.800749101927563
2078-11-07,13.500330723767535
2078-11-08,12.78911969178477
2078-11-09,14.026649557923333
2078-11-10,15.235381960310164
2078-11-11,16.235798790823026
2078-11-12,16.03222985892094
2078-11-13,14.03899221574033
2078-11-14,11.884594949208173
2078-11-15,10.831654536104148
2078-11-16,10.177328493458424
2078-11-17,8.914983337897208
2078-11-18,7.9520242040168325
2078-11-19,7.210733788920996
2078-11-20,6.645873118116145
2078-11-21,6.256461813752534
2078-11-22,5.880929887868724
2078-11-23,5.579785471933458
2078-11-24,6.218187752673386
2078-11-25,7.8537178386282145
2078-11-26,8.067672927951778
2078-11-27,7.26424977955705
2078-11-28,6.640516957123829
2078-11-29,6.15236977713682
2078-11-30,5.948609553451857
2078-12-01,5.9317622092833515
2078-12-02,5.647251145072036
2078-12-03,6.271892822632602
2078-12-04,7.539172977094001
2078-12-05,7.7043623811160655
2078-12-06,7.796505284943993
2078-12-07,8.110018804711329
2078-12-08,10.647717656933631
2078-12-09,13.23100852921361
2078-12-10,11.686238137858723
2078-12-11,11.272257056855793
2078-12-12,19.084503338758097
2078-12-13,25.71516413417584
2078-12-14,20.630870230044156
2078-12-15,17.62663611141396
2078-12-16,18.72191261853693
2078-12-17,35.30302798631694
2078-12-18,47.01549134233014
2078-12-19,35.01590537079041
2078-12-20,25.534542950149188
2078-12-21,22.767383440093322
2078-12-22,24.168815613460087
2078-12-23,47.747166008749126
2078-12-24,62.53990333724689
2078-12-25,47.30889546384546
2078-12-26,34.282143180967914
2078-12-27,24.557625863197334
2078-12-28,19.577773074165915
2078-12-29,16.146196829270377
2078-12-30,13.621081376096859
2078-12-31,11.741282296714495
2079-01-01,10.326211433368865
2079-01-02,9.249377966957477
2079-01-03,8.421136189027871
2079-01-04,7.777262201637551
2079-01-05,7.27128269426333
2079-01-06,6.86925597808962
2079-01-07,6.546178406514021
2079-01-08,6.283482206899804
2079-01-09,6.067275062195848
2079-01-10,5.887089496041292
2079-01-11,7.308212162920782
2079-01-12,9.039084732598946
2079-01-13,9.592388711121151
2079-01-14,24.292026944080543
2079-01-15,30.479075707605347
2079-01-16,24.032836293352815
2079-01-17,20.677695395805873
2079-01-18,17.632836935090726
2079-01-19,17.961852725505864
2079-01-20,18.418815777315054
2079-01-21,18.496654706359983
2079-01-22,18.62448138530256
2079-01-23,26.093734954178263
2079-01-24,33.14804343950281
2079-01-25,34.13968560573104
2079-01-26,35.48622313165623
2079-01-27,26.85782855643234
2079-01-28,20.99374006416474
2079-01-29,17.714948713840897
2079-01-30,18.2785889958888
2079-01-31,19.249624054299286
2079-02-01,16.947654432188028
2079-02-02,15.64600717268693
2079-02-03,14.900443931341107
2079-02-04,13.450967906139153
2079-02-05,19.422563119521126
2079-02-06,23.94240027293125
2079-02-07,19.73144479209994
2079-02-08,22.832973675438833
2079-02-09,25.9023211295265
2079-02-10,25.324318926185125
2079-02-11,24.747477855636017
2079-02-12,21.433599772375317
2079-02-13,24.62282741688415
2079-02-14,29.61615649213255
2079-02-15,27.272312802356936
2079-02-16,24.98598972958008
2079-02-17,22.867533764462607
2079-02-18,19.939043873687908
2079-02-19,17.68693940369752
2079-02-20,16.653572627235494
2079-02-21,15.126936876928797
2079-02-22,15.119234965086795
2079-02-23,14.976342506559327
2079-02-24,17.591684041272618
2079-02-25,19.909022939243844
2079-02-26,16.7276022388545
2079-02-27,14.305391947150175
2079-02-28,12.497724634710508
2079-03-01,11.133374081464721
2079-03-02,10.687016816517927
2079-03-03,10.635480363173636
2079-03-04,12.654575363949577
2079-03-05,14.25187540261195
2079-03-06,12.433386735833851
2079-03-07,11.05702459406308
2079-03-08,10.007219510934666
2079-03-09,9.197480747688973
2079-03-10,8.565845631479517
2079-03-11,8.080777816281374
2079-03-12,7.733152494644169
2079-03-13,7.41004082242952
2079-03-14,7.134352123580034
2079-03-15,9.675656420016752
2079-03-16,15.043407633187556
2079-03-17,15.872905764327555
2079-03-18,13.566275285403274
2079-03-19,19.572677955246863
2079-03-20,27.419305714582823
2079-03-21,23.464294941118453
2079-03-22,19.14828578322125
2079-03-23,16.128779386863886
2079-03-24,13.782778762174402
2079-03-25,14.242077364899684
2079-03-26,15.483742355232984
2079-03-27,13.949551517136527
2079-03-28,12.155477926612859
2079-03-29,10.800612411076228
2079-03-30,9.76694150484356
2079-03-31,9.141244923202045
2079-04-01,8.877457911093966
2079-04-02,8.472932257263867
2079-04-03,7.9491872920185545
2079-04-04,7.531807446445341
2079-04-05,7.195944290446751
2079-04-06,6.9223625885388955
2079-04-07,6.696690410832869
2079-04-08,6.50811247292534
2079-04-09,6.348435191253802
2079-04-10,6.211411892624372
2079-04-11,6.092251815417119
2079-04-12,5.987260103518334
2079-04-13,5.893571939039474
2079-04-14,5.808954859200218
2079-04-15,8.198382978096705
2079-04-16,10.94917526102303
2079-04-17,13.049217844413773
2079-04-18,18.95408082299553
2079-04-19,20.28207043289928
2079-04-20,17.04118689956559
2079-04-21,14.818733262474248
2079-04-22,15.277607854188458
2079-04-23,17.653427001091057
2079-04-24,19.62584250229666
2079-04-25,20.062147364166297
2079-04-26,19.65347959038147
2079-04-27,18.292737423592715
2079-04-28,17.83005335493664
2079-04-29,22.625916686007574
2079-04-30,23.815385882559728
2079-05-01,19.692893786369268
2079-05-02,17.998331873089025
2079-05-03,16.816698065747723
2079-05-04,15.704518673003077
2079-05-05,14.250511670123984
2079-05-06,14.485283534212536
2079-05-07,14.987515794522617
2079-05-08,12.949592452424648
2079-05-09,11.524277170941282
2079-05-10,10.25613794100387
2079-05-11,9.993566523695078
2079-05-12,12.080981956527888
2079-05-13,13.497573972585165
2079-05-14,13.904936766222791
2079-05-15,13.786397577115318
2079-05-16,11.976192638616316
2079-05-17,10.5818807772369
2079-05-18,9.520363192758579
2079-05-19,8.70334124252119
2079-05-20,8.068063079755989
2079-05-21,7.567994131928278
2079-05-22,7.169858097577936
2079-05-23,6.8519749188993115
2079-05-24,6.591523085668425
2079-05-25,6.375431998630249
2079-05-26,6.194913574672465
2079-05-27,6.0421298862041715
2079-05-28,5.920615882932545
2079-05-29,5.80907442852558
2079-05-30,5.706676101206207
2079-05-31,5.615591015562252
2079-06-01,5.533578550861229
2079-06-02,5.458884551833265
2079-06-03,5.390129427112144
2079-06-04,5.32622342768621
2079-06-05,5.325000766219861
2079-06-06,6.30210313008824
2079-06-07,8.05634583292082
2079-06-08,8.637447025395511
2079-06-09,8.402661357394205
2079-06-10,7.765405409019358
2079-06-11,7.168129011751454
2079-06-12,6.698077452349085
2079-06-13,6.324792362151228
2079-06-14,6.025020218973734
2079-06-15,5.998095557875257
2079-06-16,6.777574593570943
2079-06-17,7.112797352157112
2079-06-18,6.620505406224144
2079-06-19,6.229824737456361
2079-06-20,5.9171172846556805
2079-06-21,5.663983775490396
2079-06-22,5.456673344466009
2079-06-23,5.284835153231418
2079-06-24,5.140625137150457
2079-06-25,5.018061252780846
2079-06-26,5.241452841907511
2079-06-27,5.492227122828108
2079-06-28,5.282842005446795
2079-06-29,5.109095453103656
2079-06-30,4.963728149873879
2079-07-01,4.840634173417594
2079-07-02,4.735071757467954
2079-07-03,4.643386274109081
2079-07-04,4.562745840725305
2079-07-05,4.490944931741462
2079-07-06,4.4262575480366975
2079-07-07,4.367326758653965
2079-07-08,4.3130811177232
2079-07-09,4.262671066229279
2079-07-10,4.215420284954685
2079-07-11,4.170788297205485
2079-07-12,4.128341582632447
2079-07-13,4.087731163758265
2079-07-14,4.13722837751252
2079-07-15,4.209403133392171
2079-07-16,4.1432741536952085
2079-07-17,4.080292584400515
2079-07-18,4.8446196598801885
2079-07-19,5.884179792668032
2079-07-20,5.939139124910731
2079-07-21,5.782010438759649
2079-07-22,5.36488733474889
2079-07-23,5.034415107533571
2079-07-24,5.234674538006421
2079-07-25,5.540891315978249
2079-07-26,5.195762919355403
2079-07-27,4.887162809805769
2079-07-28,4.6392531577437115
2079-07-29,4.438210071129797
2079-07-30,4.273368171166301
2079-07-31,4.141251738971525
2079-08-01,4.027909139606696
2079-08-02,5.346014207904106
2079-08-03,6.797363038619245
2079-08-04,6.100996989664824
2079-08-05,5.559614321416309
2079-08-06,5.3767445870370985
2079-08-07,5.280666027767393
2079-08-08,4.91197752525811
2079-08-09,4.618366127294836
2079-08-10,4.40767408476546
2079-08-11,4.275533582305861
2079-08-12,4.116973712054587
2079-08-13,3.9708179515159876
2079-08-14,4.064927557645975
2079-08-15,4.173179738119051
2079-08-16,4.003868364556474
2079-08-17,3.86330254913865
2079-08-18,3.7462738665435222
2079-08-19,3.64767797546779
2079-08-20,3.5635993556744925
2079-08-21,3.4910171781591157
2079-08-22,3.4275882556982036
2079-08-23,3.3714857408876746
2079-08-24,3.32127845472065
2079-08-25,3.2758400437828765
2079-08-26,3.2342801865379074
2079-08-27,3.195892204127428
2079-08-28,3.160112951284944
2079-08-29,3.126491953595572
2079-08-30,3.0946675454248225
2079-08-31,3.0643483361965207
2079-09-01,3.035298752537463
2079-09-02,3.007327713126676
2079-09-03,2.980279722322136
2079-09-04,2.9540278394747435
2079-09-05,2.9284681088369613
2079-09-06,2.903515131365058
2079-09-07,2.888642744629545
2079-09-08,2.8878555762483096
2079-09-09,2.9110573523830445
2079-09-10,2.9297529574458747
2079-09-11,4.0498469058695905
2079-09-12,7.1184752387601335
2079-09-13,8.198520781809428
2079-09-14,7.001135226002375
2079-09-15,6.0798084646592585
2079-09-16,5.656742633052666
2079-09-17,6.098126059130728
2079-09-18,6.217711121070405
2079-09-19,5.8240417806878035
2079-09-20,5.565881628218938
2079-09-21,5.120190638257241
2079-09-22,4.632887873287911
2079-09-23,4.359274450539651
2079-09-24,4.236834251217196
2079-09-25,3.946556543618508
2079-09-26,3.705009257814595
2079-09-27,3.5106577832007084
2079-09-28,3.3527532436277387
2079-09-29,3.223159407067451
2079-09-30,3.1156819258846684
2079-10-01,3.0255762455684905
2079-10-02,2.949187516528246
2079-10-03,2.8836851430745507
2079-10-04,2.826865729178584
2079-10-05,2.7770058328268274
2079-10-06,2.732751253230921
2079-10-07,2.693033295715677
2079-10-08,2.657005086477515
2079-10-09,2.623992879393125
2079-10-10,2.59345863792049
2079-10-11,2.564971143398529
2079-10-12,2.538183584960389
2079-10-13,2.5128161012802956
2079-10-14,2.488642123469316
2079-10-15,2.465477649112165
2079-10-16,2.4431727864013837
2079-10-17,2.4216050637261612
2079-10-18,2.4006741177276996
2079-10-19,2.3802974617714336
2079-10-20,2.360407104331119
2079-10-21,2.340946838306815
2079-10-22,2.32187006177552
2079-10-23,3.152823665027037
2079-10-24,4.563979056703113
2079-10-25,4.565614305471232
2079-10-26,4.135408106466374
2079-10-27,3.783743179450141
2079-10-28,3.4761268970156824
2079-10-29,3.260302890095071
2079-10-30,3.118554965915191
2079-10-31,2.9449826631090468
2079-11-01,2.80384478692874
2079-11-02,2.688227712635118
2079-11-03,2.679794673159232
2079-11-04,2.8598029290318614
2079-11-05,2.878639372404829
2079-11-06,2.739970789206606
2079-11-07,2.6263386305885104
2079-11-08,3.5275087392478173
2079-11-09,4.4579218267386675
2079-11-10,4.2096461081357655
2079-11-11,4.0641177848166885
2079-11-12,3.672203161409831
2079-11-13,3.743441499710251
2079-11-14,3.8623053059600494
2079-11-15,3.5126559473325254
2079-11-16,3.236461836117607
2079-11-17,3.016627479628211
2079-11-18,2.840137571006041
2079-11-19,3.004001580843832
2079-11-20,3.387993786679855
2079-11-21,3.3108664383143758
2079-11-22,3.907546794391598
2079-11-23,4.527347547789958
2079-11-24,4.144759192786176
2079-11-25,5.2151683802469915
2079-11-26,6.467466914076128
2079-11-27,5.913494255679684
2079-11-28,5.098672590509746
2079-11-29,4.472890195080934
2079-11-30,3.9884484697048532
2079-12-01,3.6102474485389666
2079-12-02,3.31250361664169
2079-12-03,3.076118687340521
2079-12-04,3.3615164267128197
2079-12-05,6.368884773068416
2079-12-06,9.406575410882292
2079-12-07,9.903995121068851
2079-12-08,9.784995162881767
2079-12-09,8.710177191476655
2079-12-10,7.571522771301502
2079-12-11,6.391492302082017
2079-12-12,5.884488104142552
2079-12-13,6.134146585405257
2079-12-14,8.574069030014813
2079-12-15,11.062643373808234
2079-12-16,12.671720858765477
2079-12-17,14.07101211170908
2079-12-18,13.908938708201967
2079-12-19,18.812795760098872
2079-12-20,40.115979118003246
2079-12-21,69.56937131882988
2079-12-22,76.31321226614303
2079-12-23,60.012118858605476
2079-12-24,40.9412520548574
2079-12-25,26.66574376414601
2079-12-26,19.909543471062673
2079-12-27,16.568929990205138
2079-12-28,13.727698275088835
2079-12-29,11.348616976641965
2079-12-30,9.566175305974205
2079-12-31,8.226435903493169
2080-01-01,7.209368192740555
2080-01-02,6.429718542659494
2080-01-03,5.826323085824442
2080-01-04,5.354864588734274
2080-01-05,4.982936470089666
2080-01-06,4.698852030221196
2080-01-07,4.494196847221716
2080-01-08,4.291241293380161
2080-01-09,4.124713615125251
2080-01-10,3.986677047269786
2080-01-11,3.8709389790836397
2080-01-12,3.772748879258194
2080-01-13,3.6884421869982247
2080-01-14,3.615177178927666
2080-01-15,3.5507392221968583
2080-01-16,3.4933942258470707
2080-01-17,3.4417782610715157
2080-01-18,3.580374165710682
2080-01-19,3.762758318715528
2080-01-20,3.649781506542435
2080-01-21,3.5536633343572936
2080-01-22,3.471407149060251
2080-01-23,3.4001688243131487
2080-01-24,3.337732807775288
2080-01-25,3.282364954481087
2080-01-26,3.232701762687924
2080-01-27,3.187666523043548
2080-01-28,3.1464054915633284
2080-01-29,3.194815876541117
2080-01-30,3.273835607966753
2080-01-31,3.206494529928451
2080-02-01,3.1472363366722464
2080-02-02,3.094736200241156
2080-02-03,3.156309385078256
2080-02-04,8.09027442509084
2080-02-05,13.087401168916854
2080-02-06,12.355226817754684
2080-02-07,11.574478260023056
2080-02-08,10.138881156351381
2080-02-09,10.403569835962115
2080-02-10,9.861037247975323
2080-02-11,8.328795689090297
2080-02-12,7.530798347818492
2080-02-13,7.644679747192328
2080-02-14,7.299643300844186
2080-02-15,6.379394409875055
2080-02-16,5.6721435051654785
2080-02-17,5.124346938421199
2080-02-18,4.696112842755892
2080-02-19,4.358220007232053
2080-02-20,5.143300564731468
2080-02-21,5.92915224208411
2080-02-22,5.314207494554298
2080-02-23,6.404283640575926
2080-02-24,7.576520475683232
2080-02-25,7.3930307000606446
2080-02-26,7.84327530642485
2080-02-27,11.446915977284148
2080-02-28,15.36628528019233
2080-02-29,14.712983463372836
2080-03-01,14.875776962936065
2080-03-02,14.656662255451195
2080-03-03,12.663085522423154
2080-03-04,10.858984456802
2080-03-05,9.120982457113431
2080-03-06,7.814549324722907
2080-03-07,6.823215329892196
2080-03-08,6.063692779950465
2080-03-09,5.476247176528694
2080-03-10,5.587279585632814
2080-03-11,11.269508073409424
2080-03-12,16.16307445203619
2080-03-13,14.861237182105292
2080-03-14,15.780345765046974
2080-03-15,16.722555474428354
2080-03-16,16.504118520957427
2080-03-17,16.472956856061757
2080-03-18,14.946388466883965
2080-03-19,12.236551267455518
2080-03-20,10.50537924173104
2080-03-21,10.294853911704324
2080-03-22,11.196155986650304
2080-03-23,11.100952517481394
2080-03-24,9.601704730353223
2080-03-25,8.269116947133467
2080-03-26,7.2570369507833155
2080-03-27,8.585655552889266
2080-03-28,12.145034726066251
2080-03-29,13.054119486076631
2080-03-30,11.464385423740703
2080-03-31,9.73105710010487
2080-04-01,8.381794899789826
2080-04-02,7.619918552390146
2080-04-03,10.036599838479962
2080-04-04,11.740163554620727
2080-04-05,9.912678132014326
2080-04-06,10.525887907853603
2080-04-07,12.160368567655958
2080-04-08,11.267852822533749
2080-04-09,10.492596041398174
2080-04-10,10.738290059238585
2080-04-11,11.512073178855628
2080-04-12,11.622143023680186
2080-04-13,9.897799010056858
2080-04-14,8.61530491124715
2080-04-15,8.067065664989725
2080-04-16,7.790596760510337
2080-04-17,7.158922561878174
2080-04-18,6.450924901123318
2080-04-19,5.899618418391495
2080-04-20,5.696311832212591
2080-04-21,5.591242759330545
2080-04-22,6.33006709513482
2080-04-23,7.050752673291673
2080-04-24,6.349664050176531
2080-04-25,5.97629245294129
2080-04-26,5.7941768782152
2080-04-27,5.687037491595664
2080-04-28,5.5309869728223235
2080-04-29,6.346875596890524
2080-04-30,7.4362489221029575
2080-05-01,7.003586628699245
2080-05-02,6.564853366515024
2080-05-03,7.420252686815917
2080-05-04,8.236361908758496
2080-05-05,7.245771509094177
2080-05-06,6.471408017226679
2080-05-07,5.872387339750232
2080-05-08,6.087397927510845
2080-05-09,6.7302234023001395
2080-05-10,6.2138666392964375
2080-05-11,5.662633328551791
2080-05-12,5.2304000035711224
2080-05-13,5.174122174606819
2080-05-14,5.528680496840546
2080-05-15,5.396466621033188
2080-05-16,5.02053720103565
2080-05-17,4.710579947347854
2080-05-18,4.462038339175167
2080-05-19,4.260633291155031
2080-05-20,4.095638982452855
2080-05-21,3.958942779794194
2080-05-22,3.844368694768187
2080-05-23,3.747186366487652
2080-05-24,3.6637518589146443
2080-05-25,3.6070129759721254
2080-05-26,3.6017427593543485
2080-05-27,3.544996559973031
2080-05-28,3.481152882608067
2080-05-29,3.4244138082434397
2080-05-30,3.3734086188169115
2080-05-31,3.327055450378536
2080-06-01,3.284496867084766
2080-06-02,3.2450505996186734
2080-06-03,3.2081716890909195
2080-06-04,3.1734232564083524
2080-06-05,3.140453828857065
2080-06-06,3.108979676455885
2080-06-07,3.0787709940420758
2080-06-08,3.0496410489429366
2080-06-09,3.0214376254601216
2080-06-10,3.2928118833937545
2080-06-11,3.7319141573205474
2080-06-12,4.6725649333167185
2080-06-13,5.761474687588829
2080-06-14,5.352320907223394
2080-06-15,5.00331064604944
2080-06-16,4.806333746619761
2080-06-17,4.408766974977735
2080-06-18,5.621967540645692
2080-06-19,6.806508495933367
2080-06-20,5.954864489456626
2080-06-21,5.298361865376683
2080-06-22,4.789233255567626
2080-06-23,4.415470833253343
2080-06-24,4.602206168777363
2080-06-25,4.739043964697542
2080-06-26,4.350093861941411
2080-06-27,4.037832331337983
2080-06-28,3.788973429440839
2080-06-29,3.5887270889459812
2080-06-30,3.4259922946909493
2080-07-01,3.292378814456956
2080-07-02,3.1815038087583343
2080-07-03,3.1089012484159593
2080-07-04,3.035383526501088
2080-07-05,2.962999372186166
2080-07-06,2.900471472038014
2080-07-07,2.8458313024382793
2080-07-08,2.797529654853387
2080-07-09,2.754346783232829
2080-07-10,2.7153182424394466
2080-07-11,2.6796783512107307
2080-07-12,2.646816867062194
2080-07-13,2.616245621603316
2080-07-14,2.5875727055467728
2080-07-15,2.560482405611073
2080-07-16,2.5347195451237687
2080-07-17,2.510077211919497
2080-07-18,2.4863871033702263
2080-07-19,3.559263401045373
2080-07-20,4.877718313697381
2080-07-21,4.36038200683577
2080-07-22,3.9563812173252386
2080-07-23,3.638998094910819
2080-07-24,3.38739437040322
2080-07-25,3.1860952887013743
2080-07-26,3.023519865465784
2080-07-27,2.8909383838446345
2080-07-28,2.781725872882943
2080-07-29,2.690822771679953
2080-07-30,2.6143420323721474
2080-07-31,2.54928066701946
2080-08-01,2.4933064214255145
2080-08-02,2.4445989207752965
2080-08-03,2.4017306085295353
2080-08-04,2.42549960655314
2080-08-05,2.4588904839329837
2080-08-06,2.422451398993337
2080-08-07,2.4518481075466165
2080-08-08,2.453996364796176
2080-08-09,2.634336022324615
2080-08-10,2.8591517249462295
2080-08-11,2.733740518841793
2080-08-12,2.6144289327874195
2080-08-13,2.5199402138550266
2080-08-14,2.4388109634787667
2080-08-15,2.3746352195694467
2080-08-16,2.3169530265784926
2080-08-17,2.2644052835509805
2080-08-18,2.21883136610465
2080-08-19,2.178864651779288
2080-08-20,2.1434216411133953
2080-08-21,2.1116455894977197
2080-08-22,2.082856279572485
2080-08-23,2.056511541701743
2080-08-24,2.032177626654197
2080-08-25,2.0223666957705246
2080-08-26,2.012520021998282
2080-08-27,1.9966218321606635
2080-08-28,1.986351113418016
2080-08-29,1.963697610341659
2080-08-30,1.943917242561971
2080-08-31,2.1934149137487626
2080-09-01,2.4687796424374486
2080-09-02,2.3703098105562836
2080-09-03,2.281159817046579
2080-09-04,2.1921284870075506
2080-09-05,2.118022781890032
2080-09-06,2.055851979284141
2080-09-07,2.0031329415254464
2080-09-08,1.9579366095949051
2080-09-09,1.9187567837188395
2080-09-10,1.8844118062740665
2080-09-11,1.8893625495527602
2080-09-12,1.9014780516788232
2080-09-13,1.8645266094092594
2080-09-14,1.831796722814393
2080-09-15,1.8027307549008729
2080-09-16,1.7766408093528019
2080-09-17,1.7529794749860705
2080-09-18,1.7313094746673166
2080-09-19,1.734654107781146
2080-09-20,1.7480360110682556
2080-09-21,2.1012278299263736
2080-09-22,3.0704559728815983
2080-09-23,3.63251287383534
2080-09-24,3.425458469872296
2080-09-25,3.0588797474759093
2080-09-26,2.771791681652649
2080-09-27,2.545043696251049
2080-09-28,2.3644785464428533
2080-09-29,2.219489719368944
2080-09-30,2.102073626847713
2080-10-01,2.260762188343444
2080-10-02,2.413705208461379
2080-10-03,2.253981657944259
2080-10-04,2.1255179697750006
2080-10-05,2.020977896070999
2080-10-06,2.0947356134869586
2080-10-07,2.1917224019242028
2080-10-08,2.0703718263477944
2080-10-09,1.9717187461151138
2080-10-10,2.3098163484815557
2080-10-11,5.91018129307189
2080-10-12,9.35309096862525
2080-10-13,7.774297701071948
2080-10-14,6.388978168642843
2080-10-15,5.3458133056604105
2080-10-16,4.553268359144319
2080-10-17,3.945910927542876
2080-10-18,3.8148544280720453
2080-10-19,5.675919903979312
2080-10-20,6.898006682520815
2080-10-21,5.74947736133671
2080-10-22,4.876843401184409
2080-10-23,4.21018987967659
2080-10-24,3.696497305900948
2080-10-25,3.297353876313253
2080-10-26,2.984666645218224
2080-10-27,2.7377089582116874
2080-10-28,2.5410641748110647
2080-10-29,2.3831781806427936
2080-10-30,2.5790439692763716
2080-10-31,2.8668975533633625
2080-11-01,2.664483238827785
2080-11-02,2.4785958162582546
2080-11-03,2.3280596001670992
2080-11-04,2.205985321884393
2080-11-05,2.2040425436579505
2080-11-06,2.616352132530156
2080-11-07,2.825324640747627
2080-11-08,2.5983030040747224
2080-11-09,2.4168134119405975
2080-11-10,2.2707730551359258
2080-11-11,2.204102738127445
2080-11-12,2.275201822951558
2080-11-13,3.788366494302634
2080-11-14,5.957132616235352
2080-11-15,6.382536388854681
2080-11-16,5.862875500085884
2080-11-17,5.863911008819259
2080-11-18,6.672685971995578
2080-11-19,6.344015011387037
2080-11-20,5.482657287188348
2080-11-21,4.870578799305733
2080-11-22,4.215209139208081
2080-11-23,3.709228005345255
2080-11-24,3.315559690046183
2080-11-25,3.6026130011702837
2080-11-26,3.9442070515361265
2080-11-27,3.5000628463452332
2080-11-28,3.152269733445158
2080-11-29,2.8783583703385536
2080-11-30,2.6608639896616872
2080-12-01,4.107723439650095
2080-12-02,5.6648666392516605
2080-12-03,5.724338038985191
2080-12-04,6.209139680981153
2080-12-05,5.8128639136154545
2080-12-06,7.815690462920446
2080-12-07,9.649496554709339
2080-12-08,9.367397501743513
2080-12-09,9.598924635483007
2080-12-10,8.364960882177497
2080-12-11,7.788109625498155
2080-12-12,17.26538026820321
2080-12-13,30.96534332036983
2080-12-14,28.481917034101006
2080-12-15,22.414712013793572
2080-12-16,17.264168756187374
2080-12-17,14.537943115441402
2080-12-18,12.629456546758655
2080-12-19,10.248457537519252
2080-12-20,8.715083109847312
2080-12-21,7.641147281662022
2080-12-22,6.520907556837677
2080-12-23,5.667347757394631
2080-12-24,5.011353803390728
2080-12-25,4.502682673067916
2080-12-26,4.1047497655538185
2080-12-27,3.790866345973394
2080-12-28,3.649936024462882
2080-12-29,4.72585637185045
2080-12-30,5.159752413469808
2080-12-31,4.677492429817619
2081-01-01,4.688597464688251
2081-01-02,4.59301098001926
2081-01-03,4.164673213918216
2081-01-04,3.8707374048836596
2081-01-05,3.6751883276039066
2081-01-06,3.4374739587375474
2081-01-07,3.9460515550200976
2081-01-08,6.777416968341917
2081-01-09,8.643320631370743
2081-01-10,7.49991290445466
2081-01-11,6.39871163712003
2081-01-12,5.560018631009559
2081-01-13,4.91563395406131
2081-01-14,4.41607638126457
2081-01-15,4.02534133933784
2081-01-16,3.7169937895675367
2081-01-17,3.4714619150880295
2081-01-18,3.2741419860022867
2081-01-19,3.660410049003964
2081-01-20,4.079961269358857
2081-01-21,3.749640792438646
2081-01-22,3.5075091167477024
2081-01-23,3.346201310236063
2081-01-24,3.1621467463557162
2081-01-25,3.012303613474936
2081-01-26,2.889273724660818
2081-01-27,2.7872210044403967
2081-01-28,2.7016680837462697
2081-01-29,2.6291606404571657
2081-01-30,2.56701948422448
2081-01-31,2.513156185941001
2081-02-01,2.465935089933268
2081-02-02,2.8483228717039473
2081-02-03,3.2616213072781997
2081-02-04,3.3058520866878975
2081-02-05,5.684838755671759
2081-02-06,10.974816045968685
2081-02-07,12.68601687120089
2081-02-08,10.256199914361682
2081-02-09,8.438576560984744
2081-02-10,7.078208285252838
2081-02-11,6.439772546706479
2081-02-12,8.09607839451116
2081-02-13,9.551149863542111
2081-02-14,11.34478053825723
2081-02-15,12.997932195241445
2081-02-16,15.209923217647772
2081-02-17,18.172890515227937
2081-02-18,16.00711799247814
2081-02-19,12.923490280754114
2081-02-20,11.064081190396294
2081-02-21,9.473414512847546
2081-02-22,7.9620360365992475
2081-02-23,6.855596853381859
2081-02-24,5.987080666378958
2081-02-25,5.30418524671899
2081-02-26,5.025995670215271
2081-02-27,5.086336294428148
2081-02-28,4.877285124694593
2081-03-01,4.453605587190381
2081-03-02,4.105130382052127
2081-03-03,3.8284392727699075
2081-03-04,3.6067297436971923
2081-03-05,3.427341619463405
2081-03-06,3.2807313847251245
2081-03-07,3.1846998400581445
2081-03-08,3.2691511434363147
2081-03-09,3.5101526921805495
2081-03-10,3.7296236679928554
2081-03-11,5.81081979910747
2081-03-12,10.439853598207277
2081-03-13,12.039640172634323
2081-03-14,10.785211065590838
2081-03-15,9.952240101732711
2081-03-16,8.839806543912259
2081-03-17,8.180796256930622
2081-03-18,7.776094677779926
2081-03-19,7.980692380034317
2081-03-20,12.977803878316024
2081-03-21,19.7242380433978
2081-03-22,21.22750205758873
2081-03-23,18.702755282927164
2081-03-24,18.935231217738615
2081-03-25,21.086701753353896
2081-03-26,20.56577111294169
2081-03-27,18.674963813705883
2081-03-28,15.73483380928262
2081-03-29,17.53212096927681
2081-03-30,18.48557683296833
2081-03-31,14.790981378349493
2081-04-01,12.08767764180976
2081-04-02,10.579874584480054
2081-04-03,9.56930954583901
2081-04-04,8.205077147160294
2081-04-05,7.169054403094246
2081-04-06,6.537770050340626
2081-04-07,6.3327075029366355
2081-04-08,5.890974804353647
2081-04-09,6.030111382820283
2081-04-10,7.353792972535316
2081-04-11,7.590002326987473
2081-04-12,6.689374833694425
2081-04-13,7.443793822965577
2081-04-14,8.693576782989917
2081-04-15,9.615043138239908
2081-04-16,10.096628481712042
2081-04-17,8.64136317244416
2081-04-18,7.495761848050613
2081-04-19,6.622226731850625
2081-04-20,5.999680211451346
2081-04-21,5.5190177283749335
2081-04-22,5.089086726780166
2081-04-23,4.974334167589688
2081-04-24,4.955084021628411
2081-04-25,4.636972576802129
2081-04-26,4.381026200571967
2081-04-27,5.000808304578661
2081-04-28,6.761477430550321
2081-04-29,7.448949297208169
2081-04-30,6.757881643182395
2081-05-01,6.024762753841121
2081-05-02,5.455974054169466
2081-05-03,6.2477900694441155
2081-05-04,9.856584916134361
2081-05-05,15.92739176505802
2081-05-06,19.290236292986187
2081-05-07,16.783113255048907
2081-05-08,13.569083991202254
2081-05-09,11.19973051575034
2081-05-10,9.434869386237011
2081-05-11,8.109240348073625
2081-05-12,8.691870314732936
2081-05-13,10.332030599118609
2081-05-14,10.356394039623083
2081-05-15,9.503252836556214
2081-05-16,8.260722282588477
2081-05-17,7.246483280240049
2081-05-18,6.451466640393897
2081-05-19,5.837002670238462
2081-05-20,5.35745937232937
2081-05-21,5.300253657413175
2081-05-22,5.674643195118986
2081-05-23,5.549341597985851
2081-05-24,5.124796748787094
2081-05-25,4.78461295221467
2081-05-26,5.110071549721638
2081-05-27,6.636325242017718
2081-05-28,7.014659353557954
2081-05-29,6.24335629699954
2081-05-30,5.6908455381975775
2081-05-31,5.868524820983171
2081-06-01,5.911977919476979
2081-06-02,5.470638173067422
2081-06-03,5.064343553303608
2081-06-04,4.7134909454042235
2081-06-05,4.433884324142352
2081-06-06,4.208777212530995
2081-06-07,4.025625481704827
2081-06-08,3.968462783649351
2081-06-09,4.074752245217694
2081-06-10,5.4330055550620004
2081-06-11,6.761142121902029
2081-06-12,6.04303603964136
2081-06-13,5.446146926259794
2081-06-14,4.980777532587176
2081-06-15,4.614517564728636
2081-06-16,4.323448322388667
2081-06-17,4.089825692589787
2081-06-18,3.9003844310321765
2081-06-19,3.74513605216888
2081-06-20,3.616508595236846
2081-06-21,3.508725607582828
2081-06-22,3.417354119604729
2081-06-23,3.4231097081071353
2081-06-24,3.425155296065172
2081-06-25,3.3751640243942345
2081-06-26,3.3164931179264605
2081-06-27,3.3478366202447756
2081-06-28,3.375104449392302
2081-06-29,3.611586320081146
2081-06-30,3.872694381876148
2081-07-01,3.67497840588277
2081-07-02,3.5137432384644622
2081-07-03,3.4570699435631163
2081-07-04,3.488231641013133
2081-07-05,3.3620639035094393
2081-07-06,5.174876495392792
2081-07-07,8.941407138353604
2081-07-08,9.57529069645104
2081-07-09,8.480719962996684
2081-07-10,7.597002890440986
2081-07-11,6.699285004134009
2081-07-12,7.464270767508722
2081-07-13,7.951939245509824
2081-07-14,6.830971552530904
2081-07-15,5.970054577525762
2081-07-16,5.313379145312622
2081-07-17,4.802219140274627
2081-07-18,4.4012857353990675
2081-07-19,4.0887849814380495
2081-07-20,3.8377087256219866
2081-07-21,3.633924522288987
2081-07-22,3.4683525272359432
2081-07-23,3.440622684028044
2081-07-24,3.7908434569852125
2081-07-25,3.9342342869129183
2081-07-26,3.69553855829361
2081-07-27,3.5028686612308455
2081-07-28,3.34607393902971
2081-07-29,3.217142497261642
2081-07-30,3.232467576854532
2081-07-31,3.2557449483208
2081-08-01,3.135319032642253
2081-08-02,3.034120207987181
2081-08-03,2.9488917808832955
2081-08-04,2.876281266329487
2081-08-05,2.813692326469688
2081-08-06,2.828119537246836
2081-08-07,3.304194579071926
2081-08-08,3.9182346495020948
2081-08-09,3.869811528611494
2081-08-10,3.595764272087479
2081-08-11,3.3841427688050927
2081-08-12,3.2092777371696433
2081-08-13,3.0840273654964765
2081-08-14,5.202780285533439
2081-08-15,8.461607587879174
2081-08-16,8.142700805520692
2081-08-17,6.948650992663498
2081-08-18,8.267079362089957
2081-08-19,9.781115650077341
2081-08-20,8.591841714174153
2081-08-21,7.259988651295662
2081-08-22,6.232009396066348
2081-08-23,5.447535878257351
2081-08-24,4.843378254089419
2081-08-25,4.373891312903243
2081-08-26,4.005787275506283
2081-08-27,3.7145747564859772
2081-08-28,3.4820856043243977
2081-08-29,3.294738719098241
2081-08-30,3.142308988241581
2081-08-31,3.0170462035031584
2081-09-01,2.9130389377685524
2081-09-02,2.8257515071922406
2081-09-03,2.751684324585206
2081-09-04,2.6881229551265413
2081-09-05,2.6329514408986143
2081-09-06,2.5845125377504803
2081-09-07,2.5415024361580176
2081-09-08,2.9735907000481965
2081-09-09,3.475176303904124
2081-09-10,3.2606526860768685
2081-09-11,3.0790777998624677
2081-09-12,2.9315500227110376
2081-09-13,2.8105157687773166
2081-09-14,2.7102120228750604
2081-09-15,2.6262158700487945
2081-09-16,2.5827570910861777
2081-09-17,2.5733263287078647
2081-09-18,2.5068376019628267
2081-09-19,2.4494426905174516
2081-09-20,2.3995902722528144
2081-09-21,2.3557977707659723
2081-09-22,2.3168971578485724
2081-09-23,2.2819643453189853
2081-09-24,2.250265306093842
2081-09-25,2.2212147497286554
2081-09-26,2.1943442723117177
2081-09-27,3.09540859892344
2081-09-28,4.203160216142291
2081-09-29,3.8551026680008404
2081-09-30,3.556358353930685
2081-10-01,3.5200467545633956
2081-10-02,3.5024175842340353
2081-10-03,3.4697734573142807
2081-10-04,3.856272307030381
2081-10-05,4.180870041654774
2081-10-06,3.973904031167775
2081-10-07,4.104039556322578
2081-10-08,4.979748593915857
2081-10-09,5.30673230490733
2081-10-10,5.175181837978624
2081-10-11,5.008632296682004
2081-10-12,5.014012518537194
2081-10-13,5.817298989275653
2081-10-14,5.742503968751525
2081-10-15,4.9871050526809855
2081-10-16,4.4849511514036395
2081-10-17,4.005567508413386
2081-10-18,4.145626394554968
2081-10-19,4.5768732273713235
2081-10-20,4.270915768397358
2081-10-21,3.828207067073818
2081-10-22,3.481151945201121
2081-10-23,3.2070474104145923
2081-10-24,3.4337896168353517
2081-10-25,3.787028315765219
2081-10-26,3.7151468580430245
2081-10-27,4.403926852252249
2081-10-28,5.387759051885925
2081-10-29,5.383948970064385
2081-10-30,4.729682623809681
2081-10-31,4.183448898914485
2081-11-01,3.80536705390047
2081-11-02,3.9865364447201537
2081-11-03,4.041841012363589
2081-11-04,3.6468786878168458
2081-11-05,3.3357895065827314
2081-11-06,3.0890572824936835
2081-11-07,2.8916704067949315
2081-11-08,2.7323568369629663
2081-11-09,2.602594123272023
2081-11-10,2.4958970099264675
2081-11-11,2.407300466379569
2081-11-12,2.332981572939926
2081-11-13,2.269980910669818
2081-11-14,2.2159958332696843
2081-11-15,2.169226062123912
2081-11-16,2.1282576414949954
2081-11-17,2.0919752083315273
2081-11-18,2.0594952964710527
2081-11-19,2.2544013661105393
2081-11-20,2.676283306155069
2081-11-21,2.6932598170770565
2081-11-22,2.878784884198145
2081-11-23,3.0901347037506324
2081-11-24,2.854415113030168
2081-11-25,2.6656272956416696
2081-11-26,2.5133262346128653
2081-11-27,2.3893762306493618
2081-11-28,2.3222783747244886
2081-11-29,2.30467219170043
2081-11-30,2.4649677338655325
2081-12-01,2.6680117359648445
2081-12-02,2.5092772150650444
2081-12-03,2.8415053031438364
2081-12-04,3.2524444172896394
2081-12-05,3.0678255316939445
2081-12-06,2.818700420335707
2081-12-07,3.1299210396113755
2081-12-08,3.8418176213297115
2081-12-09,4.650965195344576
2081-12-10,5.552891737275011
2081-12-11,5.932891113546918
2081-12-12,6.18430277257833
2081-12-13,7.24266175089222
2081-12-14,8.06483622748315
2081-12-15,9.173302713258616
2081-12-16,11.348497562524974
2081-12-17,10.96827493053531
2081-12-18,8.885556092208295
2081-12-19,8.332955219491529
2081-12-20,8.290351506601068
2081-12-21,7.271178533574364
2081-12-22,6.2627098655337905
2081-12-23,5.375856356891585
2081-12-24,5.486974122365464
2081-12-25,5.6797261289254015
2081-12-26,4.949714465235451
2081-12-27,6.453909585529608
2081-12-28,8.70026667032181
2081-12-29,12.079108313202717
2081-12-30,14.145285176795904
2081-12-31,11.487562773354448
2082-01-01,9.360576323892756
2082-01-02,8.328367220323974
2082-01-03,7.634619211857761
2082-01-04,6.98443288141516
2082-01-05,6.5649609707398815
2082-01-06,5.658236773743983
2082-01-07,4.9628366617692246
2082-01-08,4.4253171035480525
2082-01-09,5.014817775342924
2082-01-10,5.874334032611507
2082-01-11,5.84388747560428
2082-01-12,5.987410433664986
2082-01-13,5.971478732892263
2082-01-14,5.750919737036875
2082-01-15,8.094646107813785
2082-01-16,10.905327075956068
2082-01-17,12.193632609859172
2082-01-18,12.53238733110056
2082-01-19,12.225151800832768
2082-01-20,14.126200986123417
2082-01-21,14.31233967282943
2082-01-22,11.997626071347232
2082-01-23,9.8300168089897
2082-01-24,8.244351790385553
2082-01-25,7.455572095805723
2082-01-26,6.935908459153352
2082-01-27,6.025418407113793
2082-01-28,5.326359524134301
2082-01-29,5.451194901515158
2082-01-30,12.375172360785314
2082-01-31,17.78274357915627
2082-02-01,14.11943956633376
2082-02-02,12.368737458941036
2082-02-03,11.201737057684847
2082-02-04,9.299978018458802
2082-02-05,7.868293927558178
2082-02-06,6.78511443235426
2082-02-07,5.958530895449196
2082-02-08,5.321812306514492
2082-02-09,4.82679202870831
2082-02-10,4.438370192066192
2082-02-11,6.551628803961872
2082-02-12,9.343003715166729
2082-02-13,8.659180592098918
2082-02-14,7.393228367708768
2082-02-15,6.43909831069304
2082-02-16,5.96363179060846
2082-02-17,5.64612217270619
2082-02-18,5.443417046604709
2082-02-19,6.312064420988339
2082-02-20,7.796832359107614
2082-02-21,7.642608742390614
2082-02-22,6.853380630086927
2082-02-23,6.2398800925363425
2082-02-24,9.158173045764435
2082-02-25,11.567038618425087
2082-02-26,13.073302685789947
2082-02-27,13.164508261001275
2082-02-28,10.789173354650751
2082-03-01,9.021367749350016
2082-03-02,7.694759949387233
2082-03-03,6.689226972467414
2082-03-04,5.919660529691634
2082-03-05,5.32509535221617
2082-03-06,4.861416331241973
2082-03-07,5.0509226326669365
2082-03-08,5.290664445196575
2082-03-09,6.048665880236938
2082-03-10,7.109058054374309
2082-03-11,6.730768278361585
2082-03-12,7.674106657928628
2082-03-13,8.242594614341293
2082-03-14,7.144962387574245
2082-03-15,8.233371894964273
2082-03-16,10.9738832627363
2082-03-17,11.365011052502105
2082-03-18,9.745309096912196
2082-03-19,8.252142739368416
2082-03-20,7.123875202655662
2082-03-21,6.263824632663103
2082-03-22,5.665578545154548
2082-03-23,5.981675961424899
2082-03-24,8.262625933641383
2082-03-25,10.137805807789167
2082-03-26,9.93004340095046
2082-03-27,9.11215134896694
2082-03-28,8.340778621398597
2082-03-29,8.75964811009907
2082-03-30,10.106040263295197
2082-03-31,10.838011799785157
2082-04-01,9.689082006739513
2082-04-02,8.232536696551882
2082-04-03,7.5514385803244615
2082-04-04,7.203311204515054
2082-04-05,6.474167205279291
2082-04-06,8.601215671262635
2082-04-07,10.71854102156137
2082-04-08,9.302773059756142
2082-04-09,11.485318007147162
2082-04-10,13.75912565765051
2082-04-11,12.567306152782797
2082-04-12,12.769739151580472
2082-04-13,11.71008547669116
2082-04-14,9.795768913339275
2082-04-15,8.931086008093281
2082-04-16,9.39398054948119
2082-04-17,9.817078798218615
2082-04-18,9.509417489565337
2082-04-19,8.452710539220968
2082-04-20,7.354398086439727
2082-04-21,6.5693165114901015
2082-04-22,5.992651038392521
2082-04-23,5.46105489930136
2082-04-24,5.04330611973994
2082-04-25,4.712369146251777
2082-04-26,4.447573910649062
2082-04-27,4.233512991800585
2082-04-28,4.0586173119663975
2082-04-29,3.9141401313459148
2082-04-30,3.793425817454573
2082-05-01,3.6913791627799064
2082-05-02,3.6040772198212454
2082-05-03,3.5284832796513075
2082-05-04,3.462234646273634
2082-05-05,3.403484130557185
2082-05-06,3.7779395432798117
2082-05-07,4.415583692271446
2082-05-08,4.850577129153113
2082-05-09,5.1060554884403
2082-05-10,4.6942076513760655
2082-05-11,4.367976234426831
2082-05-12,5.06363237645955
2082-05-13,6.13012055732765
2082-05-14,6.326407856682718
2082-05-15,6.5581338067126405
2082-05-16,6.079504259180466
2082-05-17,5.441161935645961
2082-05-18,5.437276602324708
2082-05-19,5.833480017001873
2082-05-20,5.558883027193477
2082-05-21,5.045291558408565
2082-05-22,5.041004982770644
2082-05-23,5.466960303932574
2082-05-24,5.324329909179945
2082-05-25,4.9352316763491695
2082-05-26,4.566482932014915
2082-05-27,4.244058706199614
2082-05-28,4.002580219951472
2082-05-29,3.799518577216856
2082-05-30,3.6270961555184567
2082-05-31,3.485503233951745
2082-06-01,3.367954145775917
2082-06-02,3.269262709455651
2082-06-03,3.185441939469589
2082-06-04,3.1239595239415583
2082-06-05,3.064114040095673
2082-06-06,3.176345268140261
2082-06-07,3.4406087361031923
2082-06-08,3.3533066371936857
2082-06-09,3.2319448293546755
2082-06-10,3.1303022597023378
2082-06-11,3.1264024556800867
2082-06-12,3.134197944599457
2082-06-13,3.0416622394434847
2082-06-14,2.9625442979714105
2082-06-15,2.894661081680878
2082-06-16,2.8482251122889433
2082-06-17,2.8093851271648798
2082-06-18,2.759210004152919
2082-06-19,2.7143276539126315
2082-06-20,2.67501251961806
2082-06-21,2.638631098967132
2082-06-22,2.604608477340412
2082-06-23,2.5730818972796907
2082-06-24,2.5436179295014614
2082-06-25,2.515868293175807
2082-06-26,2.489779221963777
2082-06-27,2.4794012067613496
2082-06-28,2.458217742164685
2082-06-29,2.4323259168568625
2082-06-30,2.451885867587215
2082-07-01,2.480846197483133
2082-07-02,2.4460977945706714
2082-07-03,2.4110254701074862
2082-07-04,2.3789893988143027
2082-07-05,2.504069491688206
2082-07-06,2.6807034870385507
2082-07-07,2.5922854605220516
2082-07-08,2.517548615330743
2082-07-09,2.8664957056141005
2082-07-10,3.235265153187056
2082-07-11,3.029598544661122
2082-07-12,2.8608556750282204
2082-07-13,2.7237522682263307
2082-07-14,3.6516559510388693
2082-07-15,4.646500327369946
2082-07-16,4.120930567238091
2082-07-17,3.7114548352895174
2082-07-18,3.3908710401772306
2082-07-19,3.1376132138960897
2082-07-20,2.935716657203685
2082-07-21,2.773267986183613
2082-07-22,2.6413104242663064
2082-07-23,2.5582164137385948
2082-07-24,2.4950560043388594
2082-07-25,2.4118756616906967
2082-07-26,2.3403910874032996
2082-07-27,2.2796961740435857
2082-07-28,2.3261182076561826
2082-07-29,2.510975499725724
2082-07-30,3.4825773704433662
2082-07-31,4.251454628329696
2082-08-01,3.7843934814587175
2082-08-02,3.4186695743691033
2082-08-03,3.131236090156898
2082-08-04,2.9033510702464813
2082-08-05,2.721073067138976
2082-08-06,2.573951686050711
2082-08-07,2.4540971684306268
2082-08-08,2.6060772768534917
2082-08-09,2.7972941704752015
2082-08-10,2.6360935754840904
2082-08-11,2.499598629469887
2082-08-12,2.385463227399203
2082-08-13,2.2914420044553907
2082-08-14,2.2132159801598656
2082-08-15,2.147458268262227
2082-08-16,2.0915921742099126
2082-08-17,2.043611739026836
2082-08-18,2.001947710485804
2082-08-19,1.9653668048305721
2082-08-20,1.9328955348063073
2082-08-21,1.9037622854143557
2082-08-22,1.8773530284525357
2082-08-23,1.8531772912364808
2082-08-24,1.830841878061543
2082-08-25,2.2518804613452486
2082-08-26,2.708534857880244
2082-08-27,2.517045278083683
2082-08-28,2.374876866505838
2082-08-29,2.267599426241578
2082-08-30,2.1631155733302463
2082-08-31,2.0750564963228686
2082-09-01,2.0018875672605314
2082-09-02,1.9404833774412795
2082-09-03,1.8884201399862832
2082-09-04,1.8438086749868008
2082-09-05,1.9171013331083975
2082-09-06,2.406059913611974
2082-09-07,2.6689359554128766
2082-09-08,2.4659216930853405
2082-09-09,2.3039925899030833
2082-09-10,2.1732029644018906
2082-09-11,2.0666509814590808
2082-09-12,1.9790676917288634
2082-09-13,1.906406882448908
2082-09-14,1.8455439936411748
2082-09-15,1.794053489900714
2082-09-16,1.7500431161842671
2082-09-17,1.7364796217678589
2082-09-18,1.9326404772795007
2082-09-19,2.503298194675782
2082-09-20,2.901265307444282
2082-09-21,2.9437495109645577
2082-09-22,2.867602604293179
2082-09-23,3.1079463533249196
2082-09-24,3.6867739212790744
2082-09-25,3.7736521813989956
2082-09-26,3.4556731302626176
2082-09-27,3.0686594291029703
2082-09-28,2.7655273000216383
2082-09-29,2.5262378055927712
2082-09-30,2.335836704912066
2082-10-01,2.1831106200326347
2082-10-02,2.059591962856386
2082-10-03,1.9588443843267374
2082-10-04,1.8965755772716422
2082-10-05,2.2900679803834483
2082-10-06,3.378505957726277
2082-10-07,3.8032176306475765
2082-10-08,3.3323781782328763
2082-10-09,2.9654969833736877
2082-10-10,2.6777857972650803
2082-10-11,2.450364122191144
2082-10-12,2.351072856766511
2082-10-13,2.3414713710968598
2082-10-14,2.1892151807380564
2082-10-15,2.0704290631344753
2082-10-16,2.254965131564669
2082-10-17,2.5721624182880625
2082-10-18,2.5407594066049017
2082-10-19,2.6764489028818144
2082-10-20,2.9873792734139966
2082-10-21,3.103330422744492
2082-10-22,3.0432890350147606
2082-10-23,2.7333179646319317
2082-10-24,2.4887089148847044
2082-10-25,2.2942377291478446
2082-10-26,2.138403344331892
2082-10-27,2.0125203089827055
2082-10-28,1.9099863776106423
2082-10-29,1.825751900272887
2082-10-30,1.7559323121849235
2082-10-31,1.697522990351984
2082-11-01,1.6540321218016096
2082-11-02,1.9424503458426041
2082-11-03,2.1965085546804906
2082-11-04,2.048199002667809
2082-11-05,1.9283008701672244
2082-11-06,1.9330943146958084
2082-11-07,1.9808584608600546
2082-11-08,1.9760476361319033
2082-11-09,2.1958769391919115
2082-11-10,2.241965012595205
2082-11-11,2.0778204276956482
2082-11-12,3.3601969289100126
2082-11-13,5.382488351674771
2082-11-14,5.615375236267867
2082-11-15,5.0472228899437885
2082-11-16,4.2750297652476545
2082-11-17,3.9197315228501464
2082-11-18,4.299989686622984
2082-11-19,4.753090784911991
2082-11-20,4.491944119875775
2082-11-21,3.8603102388070174
2082-11-22,3.3724706194272014
2082-11-23,2.9930168783426274
2082-11-24,2.6955335651195114
2082-11-25,3.878272247105141
2082-11-26,6.25907336687541
2082-11-27,6.462369154591452
2082-11-28,5.587572374066412
2082-11-29,5.5402776373822675
2082-11-30,5.4407076169073365
2082-12-01,4.7884572405729715
2082-12-02,4.116141146707253
2082-12-03,3.596183916177609
2082-12-04,3.192202292440243
2082-12-05,3.9087811760265367
2082-12-06,4.631647013245039
2082-12-07,4.072766049405192
2082-12-08,3.7633569022591167
2082-12-09,3.414004992149301
2082-12-10,3.0818980499004938
2082-12-11,2.8112168240545916
2082-12-12,3.1327649609058725
2082-12-13,3.458692390208443
2082-12-14,3.089847715971373
2082-12-15,2.7999982692969354
2082-12-16,4.01744914733957
2082-12-17,6.058465681409614
2082-12-18,6.953374197841375
2082-12-19,7.1094651832635805
2082-12-20,6.314611141193226
2082-12-21,5.388983991609212
2082-12-22,5.835005672953456
2082-12-23,18.004181083538096
2082-12-24,29.889672796159942
2082-12-25,27.84035349473059
2082-12-26,24.526741810843557
2082-12-27,20.085624522127464
2082-12-28,15.376898068167833
2082-12-29,16.472098062034153
2082-12-30,19.58792449315601
2082-12-31,17.546475562141833
2083-01-01,14.355060422471588
2083-01-02,11.822274176587335
2083-01-03,10.485798847761854
2083-01-04,9.264174272885471
2083-01-05,9.330092270624723
2083-01-06,10.605541652725135
2083-01-07,12.127778354201231
2083-01-08,12.893352209998389
2083-01-09,11.024055385577794
2083-01-10,11.135369389542788
2083-01-11,10.65922739475923
2083-01-12,16.22268122048833
2083-01-13,21.71624122506617
2083-01-14,16.768591839445552
2083-01-15,16.821294377988668
2083-01-16,17.147328980544668
2083-01-17,14.677172049221946
2083-01-18,13.530030132444496
2083-01-19,14.973005137200028
2083-01-20,16.560569133944465
2083-01-21,14.190256890543367
2083-01-22,11.586851592286491
2083-01-23,9.658060420849873
2083-01-24,8.214570276185746
2083-01-25,7.123181758931636
2083-01-26,6.289843290638081
2083-01-27,5.647393939165233
2083-01-28,5.147375372053499
2083-01-29,4.754487102273779
2083-01-30,4.4427842987612065
2083-01-31,4.3635328902099895
2083-02-01,4.571480928964032
2083-02-02,4.988335290287471
2083-02-03,5.588259963092766
2083-02-04,5.684706869547782
2083-02-05,7.6635930875416305
2083-02-06,10.06155121150268
2083-02-07,9.230191361825314
2083-02-08,8.600365279034952
2083-02-09,12.567552928707109
2083-02-10,17.015553711339773
2083-02-11,16.579093118261298
2083-02-12,14.249317505914604
2083-02-13,16.01080053205222
2083-02-14,17.652789424033173
2083-02-15,14.633846149340476
2083-02-16,14.656887822519927
2083-02-17,14.801714005943921
2083-02-18,14.010051425094474
2083-02-19,12.888943757638943
2083-02-20,11.839405144185953
2083-02-21,19.79814264298215
2083-02-22,27.262096826142308
2083-02-23,21.85057730546514
2083-02-24,17.57875702046212
2083-02-25,16.363422391863704
2083-02-26,16.267655199698325
2083-02-27,14.03032820522205
2083-02-28,11.811628718288846
2083-03-01,11.09213196684164
2083-03-02,18.43849641595828
2083-03-03,24.327610023140284
2083-03-04,19.635405509511266
2083-03-05,16.291804970075535
2083-03-06,13.392002892309916
2083-03-07,11.239543591543189
2083-03-08,9.632065833423317
2083-03-09,8.418697351583397
2083-03-10,7.493292844184379
2083-03-11,6.780310271057637
2083-03-12,6.225415044474573
2083-03-13,7.715182819097007
2083-03-14,9.158275853438093
2083-03-15,8.045328585268393
2083-03-16,7.311008450307917
2083-03-17,6.9562854400538905
2083-03-18,6.8646058791406865
2083-03-19,7.9192224345940625
2083-03-20,8.3664607941493
2083-03-21,7.425509770582714
2083-03-22,7.769826919385147
2083-03-23,9.577059909558075
2083-03-24,21.062533032356104
2083-03-25,32.13725827782188
2083-03-26,25.872856771348353
2083-03-27,21.184892232069014
2083-03-28,16.916930450704374
2083-03-29,13.887726265602696
2083-03-30,11.652934234266565
2083-03-31,10.133196713418481
2083-04-01,10.099693011271002
2083-04-02,10.910262538245426
2083-04-03,10.653476342645101
2083-04-04,9.548187289528535
2083-04-05,8.712320361981538
2083-04-06,10.267709840544525
2083-04-07,15.412755247002798
2083-04-08,17.29784238033066
2083-04-09,14.195110411285716
2083-04-10,11.901257223686848
2083-04-11,10.191633033590447
2083-04-12,8.90352163731894
2083-04-13,7.922743951131349
2083-04-14,7.168234784116231
2083-04-15,6.671734571160055
2083-04-16,6.29284199810457
2083-04-17,5.891357016717027
2083-04-18,5.570053349785344
2083-04-19,5.3107036775037155
2083-04-20,5.098976946592602
2083-04-21,4.924091579354251
2083-04-22,4.777881503466866
2083-04-23,4.654122376266618
2083-04-24,4.5480415202692805
2083-04-25,4.455958726495658
2083-04-26,4.375021064447796
2083-04-27,4.303005753759357
2083-04-28,4.238172680502967
2083-04-29,4.179153379796666
2083-04-30,4.124866983243167
2083-05-01,4.074456231445445
2083-05-02,4.027238506953645
2083-05-03,3.9826681754279427
2083-05-04,3.940307486463263
2083-05-05,3.899803987082047
2083-05-06,3.8608729148624845
2083-05-07,3.823283416456661
2083-05-08,3.7868477180170124
2083-05-09,3.7514125832967533
2083-05-10,3.7168525519544375
2083-05-11,3.6830645686271626
2083-05-12,3.6499637026372453
2083-05-13,3.618816437613418
2083-05-14,4.455027126448905
2083-05-15,5.8085720675445165
2083-05-16,5.669970781464587
2083-05-17,5.213844911170859
2083-05-18,4.853779438957317
2083-05-19,4.851869626414069
2083-05-20,5.0235173263053605
2083-05-21,5.005540086528291
2083-05-22,5.439946308165443
2083-05-23,7.793670253773958
2083-05-24,10.433460484292022
2083-05-25,9.857725835129033
2083-05-26,8.399794115957695
2083-05-27,7.2970505902444
2083-05-28,6.455934853224144
2083-05-29,5.808044099305794
2083-05-30,5.30412452026285
2083-05-31,4.908360241334106
2083-06-01,4.594469054110846
2083-06-02,4.3430011698465885
2083-06-03,4.139449470205462
2083-06-04,3.972913787287991
2083-06-05,3.835147688888222
2083-06-06,3.7198721146299327
2083-06-07,3.622276999226013
2083-06-08,3.538656538920799
2083-06-09,3.46614028348638
2083-06-10,3.4034744454902945
2083-06-11,3.468566088286241
2083-06-12,3.5352810837608595
2083-06-13,3.4534936002771808
2083-06-14,3.375857894953931
2083-06-15,3.3083780377002037
2083-06-16,3.249017979662629
2083-06-17,3.230491006039624
2083-06-18,3.441431488517075
2083-06-19,4.690870067430184
2083-06-20,5.6390372284608015
2083-06-21,5.087462965044153
2083-06-22,4.644543811097357
2083-06-23,4.295905421474277
2083-06-24,4.539505561935201
2083-06-25,5.191743549583308
2083-06-26,5.276482425360454
2083-06-27,4.937751255954447
2083-06-28,4.619577764318306
2083-06-29,4.418910134578021
2083-06-30,4.768108576831296
2083-07-01,5.083243499649253
2083-07-02,4.8363521732387245
2083-07-03,6.158205292639413
2083-07-04,7.0282231225363505
2083-07-05,6.131336639849302
2083-07-06,5.431974441925806
2083-07-07,4.890927334303496
2083-07-08,4.468473832118612
2083-07-09,4.135553943165497
2083-07-10,3.8707228251840635
2083-07-11,3.6580273933096
2083-07-12,3.485510563678485
2083-07-13,3.3441472264063328
2083-07-14,3.2270803734782096
2083-07-15,3.12906799303547
2083-07-16,3.0460793468878955
2083-07-17,2.9749980540854275
2083-07-18,3.009043201263252
2083-07-19,4.698600580582834
2083-07-20,6.339792419471098
2083-07-21,5.547933090707576
2083-07-22,4.937009461351553
2083-07-23,4.462820840631215
2083-07-24,4.091384415118923
2083-07-25,3.7977536036174038
2083-07-26,3.5634596982778315
2083-07-27,3.384380864240983
2083-07-28,3.23336472599172
2083-07-29,3.1048276784087876
2083-07-30,2.9981859137746003
2083-07-31,2.908747083616088
2083-08-01,2.8328935306665333
2083-08-02,2.7678235115968786
2083-08-03,2.711356081730998
2083-08-04,2.6617853225853074
2083-08-05,2.6177707513050903
2083-08-06,2.5782544428784067
2083-08-07,2.542398001829623
2083-08-08,2.5095343739806073
2083-08-09,2.4791308177103124
2083-08-10,2.4507603134331313
2083-08-11,2.4240793872166373
2083-08-12,2.3988108344408574
2083-08-13,2.3747302047268533
2083-08-14,2.351655187202944
2083-08-15,2.330758517129697
2083-08-16,2.341585751995224
2083-08-17,2.346836310713875
2083-08-18,2.317584122907438
2083-08-19,2.2902748025675286
2083-08-20,2.2647255189713307
2083-08-21,2.2406411717268093
2083-08-22,2.217783430413081
2083-08-23,2.1981123555604216
2083-08-24,2.1795238432742656
2083-08-25,2.1589265098949277
2083-08-26,2.138769390084965
2083-08-27,2.119276822923085
2083-08-28,2.202445262315041
2083-08-29,2.295771102146334
2083-08-30,2.241506363406015
2083-08-31,2.195341723264394
2083-09-01,2.154914897319817
2083-09-02,2.119716016858527
2083-09-03,2.0878471615010645
2083-09-04,2.0586963420173157
2083-09-05,2.0320576353247097
2083-09-06,2.007482401685626
2083-09-07,1.9846109975188047
2083-09-08,1.96315410723784
2083-09-09,1.942878202988659
2083-09-10,1.9235941715150897
2083-09-11,1.905148382329255
2083-09-12,1.887415646075265
2083-09-13,1.8702936426047563
2083-09-14,1.8536984964641843
2083-09-15,1.8375612516556916
2083-09-16,1.8218250538200838
2083-09-17,1.8064428909063535
2083-09-18,1.7913757762572617
2083-09-19,1.7765912833149073
2083-09-20,1.7620623606657595
2083-09-21,1.7477663712723286
2083-09-22,1.7336843115087808
2083-09-23,1.7198001748087606
2083-09-24,1.7126479113431634
2083-09-25,1.8902450473674792
2083-09-26,2.2107173831497557
2083-09-27,2.3123041241639664
2083-09-28,2.2218564595594126
2083-09-29,2.1915533085661134
2083-09-30,2.2012704893965123
2083-10-01,2.1701557152477897
2083-10-02,2.3567706892107143
2083-10-03,2.5469827642860126
2083-10-04,2.4521255442517327
2083-10-05,2.489474797361594
2083-10-06,2.498584872227933
2083-10-07,3.134594796672881
2083-10-08,3.863721704681508
2083-10-09,3.7008944360847935
2083-10-10,3.515178000477397
2083-10-11,3.238540939631095
2083-10-12,2.97119299850359
2083-10-13,2.7037338536286324
2083-10-14,2.5558064352588916
2083-10-15,2.427480015834157
2083-10-16,2.266811060455351
2083-10-17,2.6145766101399746
2083-10-18,2.961890773493236
2083-10-19,3.2085004448919974
2083-10-20,3.5469489517668067
2083-10-21,3.67699420253312
2083-10-22,3.8337076851205083
2083-10-23,3.4818736691449446
2083-10-24,3.8765672988609694
2083-10-25,4.296742397825104
2083-10-26,3.7463095090416605
2083-10-27,3.3106916683845444
2083-10-28,3.635165211103193
2083-10-29,3.985443174446233
2083-10-30,3.4992747857283786
2083-10-31,3.1215528712069873
2083-11-01,2.824139142351601
2083-11-02,2.5889463968074735
2083-11-03,2.4014903945536106
2083-11-04,2.250859071948573
2083-11-05,2.1288033016474297
2083-11-06,2.0386677377398437
2083-11-07,1.9857309987463578
2083-11-08,1.9102240860951551
2083-11-09,1.9233605004841754
2083-11-10,2.108893895636317
2083-11-11,2.1423615874495914
2083-11-12,2.031153628492747
2083-11-13,1.9399833333389624
2083-11-14,1.8645721365969126
2083-11-15,1.8016130600106763
2083-11-16,1.7485401352385883
2083-11-17,1.703352422942797
2083-11-18,1.6644822215302817
2083-11-19,1.6306957635484347
2083-11-20,1.7322361796603276
2083-11-21,1.8714255453077426
2083-11-22,1.7956064353144068
2083-11-23,1.7324886877938417
2083-11-24,1.6794278846557835
2083-11-25,1.6343813035796362
2083-11-26,1.903165939639134
2083-11-27,2.335464240106188
2083-11-28,2.3429572055988492
2083-11-29,2.6214215798951357
2083-11-30,2.819124686755553
2083-12-01,2.5434521579274203
2083-12-02,2.325103857295493
2083-12-03,2.15101389893008
2083-12-04,2.011119385717632
2083-12-05,1.8977991505485685
2083-12-06,1.8052442362126506
2083-12-07,1.7290002988292583
2083-12-08,1.665632360437572
2083-12-09,1.6124773791655915
2083-12-10,1.5674603604207513
2083-12-11,1.528956793186807
2083-12-12,1.4956891022855663
2083-12-13,1.4666482474739222
2083-12-14,1.5093966218183972
2083-12-15,1.8791236687974076
2083-12-16,6.411204269981987
2083-12-17,10.916927224976561
2083-12-18,9.617796962797685
2083-12-19,8.413041598335859
2083-12-20,6.920669878332396
2083-12-21,5.812494483580655
2083-12-22,4.883698297587645
2083-12-23,4.172264928415529
2083-12-24,4.103741683169634
2083-12-25,4.498399518164587
2083-12-26,4.575152613057827
2083-12-27,6.300415040959159
2083-12-28,6.627209267307326
2083-12-29,5.728648045086711
2083-12-30,5.109330048078941
2083-12-31,5.031846625038924
2084-01-01,5.720626282719525
2084-01-02,7.994184531222142
2084-01-03,10.943378732090347
2084-01-04,21.963016957036533
2084-01-05,31.562791177394473
2084-01-06,30.813797623438088
2084-01-07,39.72733803298434
2084-01-08,43.938144798310674
2084-01-09,36.27500170014888
2084-01-10,25.67922753149679
2084-01-11,19.20473475523742
2084-01-12,15.532632564554811
2084-01-13,13.567145023214811
2084-01-14,13.47217289699921
2084-01-15,16.7562862880721
2084-01-16,17.49441695179819
2084-01-17,14.045563196441426
2084-01-18,12.897784557086252
2084-01-19,13.048099669837697
2084-01-20,12.786905690272095
2084-01-21,12.85061716157471
2084-01-22,12.30926818080318
2084-01-23,10.618926595051045
2084-01-24,13.832240441801781
2084-01-25,16.556075473241396
2084-01-26,13.607469586385397
2084-01-27,15.051008647911901
2084-01-28,17.20522042060297
2084-01-29,14.972899033677193
2084-01-30,12.18203813652548
2084-01-31,10.118831796468767
2084-02-01,8.578120888105776
2084-02-02,7.850822411136732
2084-02-03,7.721240938729109
2084-02-04,9.549553773665801
2084-02-05,10.851815331413846
2084-02-06,9.301837272485205
2084-02-07,8.454545674393577
2084-02-08,8.981092230324046
2084-02-09,9.033963495354064
2084-02-10,7.977754795195249
2084-02-11,7.357538127154258
2084-02-12,6.933912723243387
2084-02-13,6.680249015076927
2084-02-14,6.615585376910499
2084-02-15,8.103999846814139
2084-02-16,9.950476126498764
2084-02-17,11.5110501976702
2084-02-18,13.157762463812011
2084-02-19,12.482364374654018
2084-02-20,11.605398340189089
2084-02-21,10.20650316274656
2084-02-22,8.802303124612786
2084-02-23,7.795945232975889
2084-02-24,6.86350352663539
2084-02-25,6.14463953958187
2084-02-26,6.473666763584383
2084-02-27,8.63202883029892
2084-02-28,12.37535532645939
2084-02-29,13.597148228870985
2084-03-01,11.292562524392586
2084-03-02,9.516238313261931
2084-03-03,8.181853147897138
2084-03-04,7.169453162021111
2084-03-05,6.482406297875166
2084-03-06,5.965863345891648
2084-03-07,5.459740158936956
2084-03-08,5.061052539521355
2084-03-09,4.744341075019947
2084-03-10,4.49018808849629
2084-03-11,4.284094227368151
2084-03-12,4.115154463650079
2084-03-13,3.9751115468537943
2084-03-14,3.935839927061245
2084-03-15,6.224241916362149
2084-03-16,11.567041980741363
2084-03-17,14.294706871147575
2084-03-18,13.069289409710718
2084-03-19,17.47044507853342
2084-03-20,24.241960120408013
2084-03-21,23.582465955984784
2084-03-22,21.002257206408533
2084-03-23,17.350339714445873
2084-03-24,15.305819482976744
2084-03-25,14.219546032690788
2084-03-26,13.613840272968963
2084-03-27,13.528600110379541
2084-03-28,13.029070060588746
2084-03-29,12.769451819801672
2084-03-30,11.36237388093376
2084-03-31,9.939933195021943
2084-04-01,8.915220545748424
2084-04-02,7.8121925920111535
2084-04-03,6.967482094933486
2084-04-04,6.315004225798627
2084-04-05,5.813158245342929
2084-04-06,5.413154810372592
2084-04-07,5.092177118463962
2084-04-08,4.834050300305452
2084-04-09,4.624215010247763
2084-04-10,4.451720263615164
2084-04-11,4.455137975085765
2084-04-12,4.472926996290625
2084-04-13,4.397589993199709
2084-04-14,4.321524475663412
2084-04-15,4.184793933704223
2084-04-16,4.068995985526528
2084-04-17,3.9702423033184986
2084-04-18,3.8849830194432737
2084-04-19,3.868409957442491
2084-04-20,3.8730717227672025
2084-04-21,3.8205626094537557
2084-04-22,3.783523822842311
2084-04-23,3.7091230507325714
2084-04-24,3.643160775587431
2084-04-25,3.584313442677857
2084-04-26,3.642999593485783
2084-04-27,3.7093411687433995
2084-04-28,3.62553406917141
2084-04-29,3.5520937495970064
2084-04-30,3.487525723134865
2084-05-01,3.430080247690793
2084-05-02,3.3783830068092375
2084-05-03,3.3313497809008843
2084-05-04,3.2881216040145405
2084-05-05,3.248015222837321
2084-05-06,3.21048505337105
2084-05-07,3.1750938249462113
2084-05-08,3.141489823062349
2084-05-09,3.1093891700239866
2084-05-10,3.078561970190307
2084-05-11,3.0488214335224204
2084-05-12,3.337388984128932
2084-05-13,3.8576431606127444
2084-05-14,3.8120531148469854
2084-05-15,3.7033320953600417
2084-05-16,3.567913159139622
2084-05-17,3.429265869181338
2084-05-18,4.180267812926577
2084-05-19,5.207902212349859
2084-05-20,4.854853412427746
2084-05-21,4.43779083311004
2084-05-22,4.108571409383864
2084-05-23,3.846481569359622
2084-05-24,3.6358295349899614
2084-05-25,3.464844106578956
2084-05-26,3.3246336336572058
2084-05-27,3.3694857702098973
2084-05-28,5.139622038316179
2084-05-29,6.801153088417362
2084-05-30,5.977814075468555
2084-05-31,5.331169083807747
2084-06-01,5.4135796206207125
2084-06-02,5.392996504553143
2084-06-03,4.833763042272764
2084-06-04,4.6635763121349365
2084-06-05,4.704696676167781
2084-06-06,4.542943188893987
2084-06-07,4.6128727092997535
2084-06-08,4.3384282474340665
2084-06-09,4.001281411941302
2084-06-10,3.733191848743589
2084-06-11,3.520294663449215
2084-06-12,3.3608382066308256
2084-06-13,3.2195602132792374
2084-06-14,3.098537939756135
2084-06-15,2.9976596985102977
2084-06-16,2.912643643076987
2084-06-17,2.840183233230094
2084-06-18,2.777711641932143
2084-06-19,2.723226352648122
2084-06-20,2.6971883042447877
2084-06-21,2.694939792824769
2084-06-22,2.6489634792006993
2084-06-23,2.6044939752633582
2084-06-24,2.5646079428600737
2084-06-25,2.5284485284375053
2084-06-26,2.4953345069362167
2084-06-27,2.464722201424266
2084-06-28,2.4361761123918204
2084-06-29,2.409346159124011
2084-06-30,2.383949966370507
2084-07-01,2.3597590195243403
2084-07-02,2.336587799770976
2084-07-03,2.4646512550270376
2084-07-04,3.6384744148002546
2084-07-05,4.566943671515809
2084-07-06,4.084165433985059
2084-07-07,3.7068284745695337
2084-07-08,3.4096965325212616
2084-07-09,3.1736419153500326
2084-07-10,2.984413228990166
2084-07-11,2.8375585527114318
2084-07-12,2.804641276713102
2084-07-13,2.7740278432056265
2084-07-14,2.657017723043832
2084-07-15,2.5978922725600877
2084-07-16,2.9777827351829824
2084-07-17,3.385430628696892
2084-07-18,3.263071461508424
2084-07-19,3.0381871457842675
2084-07-20,2.855806054272584
2084-07-21,3.1455720201291246
2084-07-22,3.5175028261104706
2084-07-23,3.2974192238750946
2084-07-24,3.062985276331773
2084-07-25,2.868443507241896
2084-07-26,2.7589166027508427
2084-07-27,2.9322883076074526
2084-07-28,3.010483679179124
2084-07-29,2.8196940379620083
2084-07-30,2.665885981473973
2084-07-31,2.540558812703748
2084-08-01,2.4374665288280144
2084-08-02,2.35182639087153
2084-08-03,2.27995515592294
2084-08-04,2.219001003604902
2084-08-05,2.166744597816969
2084-08-06,2.1280507008686396
2084-08-07,2.0905725674534414
2084-08-08,2.0539631223663517
2084-08-09,2.0212882455250045
2084-08-10,1.9918277688118053
2084-08-11,1.9649966391656426
2084-08-12,1.9535904168076428
2084-08-13,1.9405911686045554
2084-08-14,1.915666887166038
2084-08-15,1.8925554565051101
2084-08-16,1.871011351007228
2084-08-17,1.8507723758583838
2084-08-18,1.831626182417456
2084-08-19,1.8134002647061658
2084-08-20,1.7959540664500195
2084-08-21,1.7799555199563037
2084-08-22,1.7639570398359081
2084-08-23,1.7481018480733075
2084-08-24,1.7326992214831918
2084-08-25,1.7176925029423409
2084-08-26,1.703034774495654
2084-08-27,1.6886870884881373
2084-08-28,1.6746170227507016
2084-08-29,1.6607975098928576
2084-08-30,1.6472058863177323
2084-08-31,1.6338231178546831
2084-09-01,1.6206331677411876
2084-09-02,1.6076224796306715
2084-09-03,1.5969918946269737
2084-09-04,1.5863950551974912
2084-09-05,1.5733539916552914
2084-09-06,1.560507239294795
2084-09-07,1.5478673463661419
2084-09-08,1.5354174026357945
2084-09-09,1.5231431516738783
2084-09-10,1.5110325337078991
2084-09-11,1.4990753107740256
2084-09-12,1.4872627587117255
2084-09-13,1.4755874135751803
2084-09-14,1.4640428624439623
2084-09-15,1.4526235705376038
2084-09-16,1.4413247380764622
2084-09-17,1.430142181564731
2084-09-18,1.4190722351633
2084-09-19,1.4589378009491079
2084-09-20,1.4916026644983003
2084-09-21,1.4650926205720938
2084-09-22,1.4429437158217293
2084-09-23,1.4229229799961953
2084-09-24,1.4046495617227064
2084-09-25,1.3878173195804642
2084-09-26,1.3721793530387083
2084-09-27,1.3575359060408667
2084-09-28,1.4183481305046495
2084-09-29,1.5418657055001008
2084-09-30,1.5486602654410682
2084-10-01,1.4991770551288932
2084-10-02,1.4571216466940975
2084-10-03,1.4207947653941373
2084-10-04,1.389474316479852
2084-10-05,1.364620973154545
2084-10-06,1.341077790018746
2084-10-07,1.3192632531340887
2084-10-08,1.3382496822613328
2084-10-09,1.3612633061420054
2084-10-10,1.331353425111543
2084-10-11,1.3061174579489618
2084-10-12,1.3113819495865333
2084-10-13,1.3766914838946158
2084-10-14,1.421591930973616
2084-10-15,1.4155766564968673
2084-10-16,1.4930550141217915
2084-10-17,1.559218288485918
2084-10-18,1.505227056420339
2084-10-19,1.4402709250107415
2084-10-20,1.3865462354569038
2084-10-21,1.3897690772779596
2084-10-22,1.403140902950956
2084-10-23,1.3526558037417509
2084-10-24,1.3107270491720062
2084-10-25,1.2751308017054106
2084-10-26,1.2446202602973189
2084-10-27,1.2182110163291568
2084-10-28,1.1951226603385072
2084-10-29,1.2118558335200327
2084-10-30,1.2411583000376043
2084-10-31,1.2105237439667909
2084-11-01,1.263763995196594
2084-11-02,1.3102360789086887
2084-11-03,1.4140826173752428
2084-11-04,1.5085035836488088
2084-11-05,1.4454943367782318
2084-11-06,1.4733362587785992
2084-11-07,1.4932155411348509
2084-11-08,1.5557105648313925
2084-11-09,1.58078661995728
2084-11-10,2.7403232985715893
2084-11-11,4.433013623870845
2084-11-12,4.674818592231622
2084-11-13,4.434276279658755
2084-11-14,3.90645452814063
2084-11-15,4.44541619802514
2084-11-16,6.49639120335851
2084-11-17,7.449210532005872
2084-11-18,6.423817875385212
2084-11-19,5.35469678003804
2084-11-20,4.464688673845589
2084-11-21,3.7853343471640173
2084-11-22,3.26261785373916
2084-11-23,2.8980971926493333
2084-11-24,2.65422737654915
2084-11-25,2.3814310684208517
2084-11-26,2.165455783639628
2084-11-27,2.0029480393811396
2084-11-28,2.580668350136461
2084-11-29,3.473044488011731
2084-11-30,3.9574131460262314
2084-12-01,6.090774738094257
2084-12-02,9.39958593878214
2084-12-03,9.858410691701565
2084-12-04,8.070559316496958
2084-12-05,6.566286018105056
2084-12-06,5.435912259401761
2084-12-07,4.578900947460091
2084-12-08,3.923509862676184
2084-12-09,3.4181435211116695
2084-12-10,3.0253266342289895
2084-12-11,2.717589500709202
2084-12-12,2.47462478036349
2084-12-13,2.2813008014706933
2084-12-14,2.126258931832738
2084-12-15,2.000913715903193
2084-12-16,1.8987336783881685
2084-12-17,1.814719631502541
2084-12-18,1.7450232434864204
2084-12-19,1.6866660767239792
2084-12-20,1.6373311770349774
2084-12-21,1.595207454571562
2084-12-22,1.5588727558060673
2084-12-23,1.5847904723513997
2084-12-24,1.6397925255129124
2084-12-25,1.5911292730856552
2084-12-26,1.5494083001369587
2084-12-27,1.5924795004625645
2084-12-28,2.680290362632793
2084-12-29,7.815162356731741
2084-12-30,11.908307010831535
2084-12-31,10.252748772280631
2085-01-01,8.981392222302862
2085-01-02,8.650541114508696
2085-01-03,7.865375842856984
2085-01-04,6.739118397817964
2085-01-05,5.899795293259699
2085-01-06,5.051471099800354
2085-01-07,5.609599401467957
2085-01-08,6.011131199699548
2085-01-09,5.065033680833889
2085-01-10,4.341814900610308
2085-01-11,3.7853915667790514
2085-01-12,3.353733056548231
2085-01-13,4.055622362407309
2085-01-14,4.763326529339742
2085-01-15,4.627417667099821
2085-01-16,4.814227061038864
2085-01-17,4.279600378056926
2085-01-18,3.7499558824215646
2085-01-19,3.8795014000257946
2085-01-20,4.06258443887551
2085-01-21,5.3950427425451
2085-01-22,7.819280592582925
2085-01-23,9.023813755174343
2085-01-24,8.79849953280583
2085-01-25,7.218230837967589
2085-01-26,6.216837973374742
2085-01-27,5.547566466849211
2085-01-28,5.45595722044364
2085-01-29,5.464714838512037
2085-01-30,4.700412172518295
2085-01-31,4.111781631148458
2085-02-01,4.176383626350404
2085-02-02,6.6511540281054025
2085-02-03,8.050666996640683
2085-02-04,6.680231392565894
2085-02-05,5.64275676542415
2085-02-06,4.852743413805139
2085-02-07,4.651723578599976
2085-02-08,4.561554885711378
2085-02-09,4.267329664299362
2085-02-10,4.326742871235943
2085-02-11,5.247288431880499
2085-02-12,6.152563346729475
2085-02-13,5.609043489712348
2085-02-14,4.836916255362425
2085-02-15,4.242642541271425
2085-02-16,3.889330446545302
2085-02-17,3.654508423423234
2085-02-18,4.256576588382445
2085-02-19,5.413289086095495
2085-02-20,5.487174841097782
2085-02-21,4.956378862701471
2085-02-22,4.339050005637632
2085-02-23,3.8605885674697475
2085-02-24,3.486908951865025
2085-02-25,3.192572552550727
2085-02-26,2.958742415081826
2085-02-27,2.771360316385236
2085-02-28,2.6198574707807176
2085-03-01,2.760566932903765
2085-03-02,2.840908302418786
2085-03-03,3.159465227913333
2085-03-04,3.5025648439682047
2085-03-05,3.1925935284311073
2085-03-06,2.9461527231526676
2085-03-07,3.334397019553118
2085-03-08,3.7634670370925623
2085-03-09,3.3932218977129747
2085-03-10,3.1007524933707162
2085-03-11,2.8686170189840823
2085-03-12,2.682775396998202
2085-03-13,2.9198390173499154
2085-03-14,3.4921412810540517
2085-03-15,5.79000119176674
2085-03-16,8.522555968229074
2085-03-17,8.172065561410111
2085-03-18,7.184010866972405
2085-03-19,7.874101102057959
2085-03-20,10.805708213052684
2085-03-21,12.022301845552116
2085-03-22,10.301489696910895
2085-03-23,8.693926544344114
2085-03-24,7.521128340063297
2085-03-25,6.829695099518908
2085-03-26,7.039992918091898
2085-03-27,6.590087232442085
2085-03-28,5.700657901509909
2085-03-29,5.021543991163692
2085-03-30,4.499465656818399
2085-03-31,4.227367807314148
2085-04-01,4.223479655584973
2085-04-02,4.177797666650519
2085-04-03,4.201373516464419
2085-04-04,5.699088221740311
2085-04-05,7.683851744597855
2085-04-06,8.255489112944815
2085-04-07,7.491652919664861
2085-04-08,6.436427424471585
2085-04-09,5.532102788217784
2085-04-10,6.585936742390082
2085-04-11,9.104256100413048
2085-04-12,12.944551190081244
2085-04-13,18.09591464543792
2085-04-14,17.79942831428186
2085-04-15,16.444748972749384
2085-04-16,16.47460578746386
2085-04-17,13.802257549637043
2085-04-18,11.146205364919956
2085-04-19,9.18067410852273
2085-04-20,8.170001657058421
2085-04-21,9.774916914531898
2085-04-22,10.843998637886022
2085-04-23,9.647713858902303
2085-04-24,9.404799027881827
2085-04-25,8.820206193272968
2085-04-26,8.092815600879605
2085-04-27,10.236485381628475
2085-04-28,11.886399380212977
2085-04-29,10.278759561520255
2085-04-30,12.929560001112085
2085-05-01,17.309184436810693
2085-05-02,15.777787765616198
2085-05-03,12.7923125830711
2085-05-04,11.660166675902351
2085-05-05,10.688476001126164
2085-05-06,8.949617815935268
2085-05-07,7.636527943450865
2085-05-08,6.641468448275912
2085-05-09,5.880001650074051
2085-05-10,5.291695020685867
2085-05-11,6.189420638358789
2085-05-12,7.080506704121013
2085-05-13,6.215041386846786
2085-05-14,5.546910489417679
2085-05-15,5.0282830847722355
2085-05-16,4.621888601536952
2085-05-17,5.044000352239986
2085-05-18,5.920818552696047
2085-05-19,5.868121512172447
2085-05-20,5.421393364996669
2085-05-21,4.969257472096491
2085-05-22,4.573003235876434
2085-05-23,4.251551452664364
2085-05-24,3.9948772458749073
2085-05-25,5.141914185839989
2085-05-26,6.386217001240058
2085-05-27,5.665964257644501
2085-05-28,5.092759112684841
2085-05-29,4.6459360412799215
2085-05-30,5.110540224171451
2085-05-31,8.079231371210215
2085-06-01,9.882694323851855
2085-06-02,10.227946545958808
2085-06-03,11.463503975351598
2085-06-04,10.57094733811203
2085-06-05,8.83703402183417
2085-06-06,7.534567899367725
2085-06-07,6.547636710215613
2085-06-08,5.792473895812729
2085-06-09,5.209125219581428
2085-06-10,4.754236346818762
2085-06-11,4.3961576866644565
2085-06-12,4.111580186563757
2085-06-13,3.8831964046006653
2085-06-14,3.698056877581894
2085-06-15,3.560901721998821
2085-06-16,3.9346283244621065
2085-06-17,4.2319101923927755
2085-06-18,3.962253373430403
2085-06-19,3.7449353149996845
2085-06-20,4.3430878056043065
2085-06-21,6.701904055511516
2085-06-22,7.713551933734138
2085-06-23,6.649325605883092
2085-06-24,5.901368764979804
2085-06-25,5.3998211127627345
2085-06-26,4.894305122276115
2085-06-27,4.471951665363682
2085-06-28,5.429565743790214
2085-06-29,6.4793165139871824
2085-06-30,5.71375332778521
2085-07-01,5.1049653557932695
2085-07-02,4.6314327729814595
2085-07-03,4.285089695820818
2085-07-04,3.994539757662315
2085-07-05,3.7528646106050974
2085-07-06,3.5578776425563863
2085-07-07,3.3989736091907665
2085-07-08,3.268123207261805
2085-07-09,3.159208483564843
2085-07-10,3.0675397953011587
2085-07-11,2.9895019800561715
2085-07-12,2.9222932665221406
2085-07-13,2.8637312832265587
2085-07-14,2.812107979062409
2085-07-15,2.766080452643456
2085-07-16,3.2981962628728567
2085-07-17,4.020956205617093
2085-07-18,3.7749630964347354
2085-07-19,3.5278986644328367
2085-07-20,3.3293518853496367
2085-07-21,3.170073756216659
2085-07-22,3.091185059570737
2085-07-23,2.9888231961028624
2085-07-24,2.8866321079632797
2085-07-25,2.80082797209723
2085-07-26,2.727977620048233
2085-07-27,2.665404412163682
2085-07-28,2.6110268569741115
2085-07-29,2.563218223360288
2085-07-30,2.520701194784858
2085-07-31,2.4824683332177258
2085-08-01,2.447721680743944
2085-08-02,2.415826641928977
2085-08-03,2.3862765868847373
2085-08-04,2.3586655484810213
2085-08-05,2.332667063831759
2085-08-06,2.308017703990621
2085-08-07,2.2845041984337606
2085-08-08,2.261953328840066
2085-08-09,2.2402239657787995
2085-08-10,2.2192007706789467
2085-08-11,2.1987891971936944
2085-08-12,2.4544319879157617
2085-08-13,2.7371519128572115
2085-08-14,2.61426619295429
2085-08-15,2.5138514500059737
2085-08-16,2.430142372600893
2085-08-17,2.359615940918852
2085-08-18,2.2995448610778735
2085-08-19,2.247806972242197
2085-08-20,2.202742940611714
2085-08-21,2.163049334862617
2085-08-22,2.1279103487569393
2085-08-23,2.0962176029494834
2085-08-24,2.0672176208806623
2085-08-25,2.040588351275305
2085-08-26,2.0159151152909187
2085-08-27,1.992862869474413
2085-08-28,1.9711613249162803
2085-08-29,1.9505917253860705
2085-08-30,1.9309764666017941
2085-08-31,1.9121709149397421
2085-09-01,1.8940569359815187
2085-09-02,1.8765377576301745
2085-09-03,1.859533878903117
2085-09-04,1.8429798010711338
2085-09-05,2.0225188294417715
2085-09-06,2.229046660883235
2085-09-07,2.3048025061531137
2085-09-08,2.3224735203101656
2085-09-09,2.2139429824648484
2085-09-10,2.1245514516563384
2085-09-11,2.0497461776827905
2085-09-12,1.9868970525394867
2085-09-13,1.9335460456289155
2085-09-14,1.8877760389035656
2085-09-15,1.8481046821956157
2085-09-16,1.8511880473996694
2085-09-17,2.162822116814333
2085-09-18,2.38124395788279
2085-09-19,2.2401470633186524
2085-09-20,2.12652021541236
2085-09-21,2.0332898929125105
2085-09-22,1.9560817566058064
2085-09-23,1.8915233886763572
2085-09-24,1.837000886874824
2085-09-25,1.8139250018034196
2085-09-26,1.9794770850162136
2085-09-27,2.297329617787202
2085-09-28,2.970928389652835
2085-09-29,3.3859365859968764
2085-09-30,3.564238094788022
2085-10-01,5.141760679190226
2085-10-02,6.082190019548334
2085-10-03,5.19986725288345
2085-10-04,4.534578816214535
2085-10-05,4.082574814917966
2085-10-06,3.7458649798081614
2085-10-07,3.5616305990789576
2085-10-08,3.271648555447232
2085-10-09,2.9663017714628133
2085-10-10,2.7526310134622864
2085-10-11,2.534830393725928
2085-10-12,2.360361526026779
2085-10-13,2.2196848760892127
2085-10-14,2.1052856719368114
2085-10-15,2.094039319948777
2085-10-16,2.162009952581077
2085-10-17,2.5614467668838343
2085-10-18,5.252097283523928
2085-10-19,7.396790833452933
2085-10-20,7.023443324851243
2085-10-21,6.888891670417258
2085-10-22,6.070610433022234
2085-10-23,5.153135543730513
2085-10-24,4.418205678413003
2085-10-25,6.301922991710769
2085-10-26,8.129535524659024
2085-10-27,6.695309850113261
2085-10-28,5.611367068992016
2085-10-29,4.7879891681613325
2085-10-30,4.156990841212192
2085-10-31,3.669284338343991
2085-11-01,3.552121941186627
2085-11-02,3.6141762601227936
2085-11-03,3.3057676124967705
2085-11-04,3.0038667554186227
2085-11-05,2.7646533639634634
2085-11-06,2.5735982603380156
2085-11-07,2.419713152977741
2085-11-08,2.572793475097554
2085-11-09,2.7735117725521206
2085-11-10,4.222087020612871
2085-11-11,5.658011463675648
2085-11-12,4.823911797564942
2085-11-13,4.182723052180308
2085-11-14,3.876470568129889
2085-11-15,3.7070438187273833
2085-11-16,3.317615721052583
2085-11-17,3.011559011263022
2085-11-18,2.769267101199821
2085-11-19,2.5758627380919754
2085-11-20,2.420175176047842
2085-11-21,2.2937586944213106
2085-11-22,3.1113153936234794
2085-11-23,3.966111459363232
2085-11-24,3.831171874409316
2085-11-25,3.7873720115130083
2085-11-26,3.3735531138338213
2085-11-27,3.0489384745754298
2085-11-28,2.792698144460885
2085-11-29,2.6038142967166364
2085-11-30,3.626935667813033
2085-12-01,4.873431769127563
2085-12-02,4.744791626502223
2085-12-03,4.956744681666155
2085-12-04,5.024362674610775
2085-12-05,5.462780106772975
2085-12-06,6.020840906213113
2085-12-07,6.987865920263391
2085-12-08,8.024966187392996
2085-12-09,7.15433707664928
2085-12-10,7.623810390676259
2085-12-11,8.092319834838435
2085-12-12,7.299649289550065
2085-12-13,6.724769551466981
2085-12-14,5.678878977947989
2085-12-15,4.8817781495963635
2085-12-16,4.269500003368923
2085-12-17,3.7951492464033887
2085-12-18,3.8713016405846417
2085-12-19,4.138708497627505
2085-12-20,3.8051238599872423
2085-12-21,4.295843160392471
2085-12-22,5.1441892841084025
2085-12-23,4.852015545832495
2085-12-24,4.608397824999926
2085-12-25,5.12332985523735
2085-12-26,6.652716067963333
2085-12-27,7.459773018770979
2085-12-28,6.493794859168713
2085-12-29,7.602237098121933
2085-12-30,9.19262835608404
2085-12-31,8.089520226376116
2086-01-01,6.838862233803003
2086-01-02,5.900381261446728
2086-01-03,5.090319139026381
2086-01-04,4.468005843293054
2086-01-05,3.985751543404396
2086-01-06,4.86822068873449
2086-01-07,5.428268588588472
2086-01-08,4.730246314038353
2086-01-09,4.190341301368137
2086-01-10,3.9851632788274522
2086-01-11,3.916527157157026
2086-01-12,3.741625003702192
2086-01-13,3.838748825253958
2086-01-14,4.216955814287862
2086-01-15,6.9652331828575855
2086-01-16,12.175348065150304
2086-01-17,13.959285868272367
2086-01-18,12.09482873010805
2086-01-19,17.008025483075063
2086-01-20,21.34050845134972
2086-01-21,16.419683751243113
2086-01-22,13.027069387401772
2086-01-23,10.540435250883318
2086-01-24,8.973457544012307
2086-01-25,7.8678472046135965
2086-01-26,6.694189032465846
2086-01-27,5.801352305051442
2086-01-28,5.116181620421888
2086-01-29,6.209455115233562
2086-01-30,7.351668854781379
2086-01-31,8.35196973822227
2086-02-01,9.21191902656928
2086-02-02,7.7244334235019325
2086-02-03,6.5999456027282335
2086-02-04,5.743810676995426
2086-02-05,5.085918330805559
2086-02-06,4.575755213915181
2086-02-07,4.17657286742383
2086-02-08,3.861395578251607
2086-02-09,3.6102554256965695
2086-02-10,3.408256310942372
2086-02-11,3.244204621020495
2086-02-12,3.3422514103744683
2086-02-13,3.7611727404185875
2086-02-14,4.401059081217664
2086-02-15,4.62054242618851
2086-02-16,4.783064958096708
2086-02-17,5.306825503181727
2086-02-18,6.694276054521883
2086-02-19,7.571486992926751
2086-02-20,6.463896392089382
2086-02-21,5.723762981014762
2086-02-22,5.200242403907743
2086-02-23,4.674695333182456
2086-02-24,4.235723002904165
2086-02-25,3.890615684386242
2086-02-26,3.7885620660671937
2086-02-27,4.8742211675316245
2086-02-28,5.783683017763722
2086-03-01,5.270368166514865
2086-03-02,4.693236166883648
2086-03-03,4.243618164758922
2086-03-04,4.798461581493059
2086-03-05,5.374668379335457
2086-03-06,4.771512513349049
2086-03-07,4.409289156294295
2086-03-08,4.235268290886828
2086-03-09,3.901699588057338
2086-03-10,3.6153930849861737
2086-03-11,3.3866392432420547
2086-03-12,3.3133385466151957
2086-03-13,3.3975259219136493
2086-03-14,3.5169407262429853
2086-03-15,4.367536479783479
2086-03-16,10.201066099001297
2086-03-17,17.176346350133112
2086-03-18,26.677028533970375
2086-03-19,31.272180922945253
2086-03-20,21.873083550541153
2086-03-21,16.72643475361082
2086-03-22,13.349823522612141
2086-03-23,10.87260052545759
2086-03-24,9.034992374635856
2086-03-25,7.657592914860341
2086-03-26,6.614874930839092
2086-03-27,6.464675929616032
2086-03-28,7.639167465958475
2086-03-29,7.888509031613922
2086-03-30,7.239715868352213
2086-03-31,7.585843161068781
2086-04-01,7.974385239595186
2086-04-02,7.48813764630761
2086-04-03,6.49512081095081
2086-04-04,5.77951059429071
2086-04-05,7.288606321737916
2086-04-06,8.61562019340743
2086-04-07,7.569502226665063
2086-04-08,7.696272730714825
2086-04-09,7.484680621691539
2086-04-10,6.500320868437851
2086-04-11,5.745346939852123
2086-04-12,5.1620191052392785
2086-04-13,4.707095790231432
2086-04-14,4.348986779294727
2086-04-15,6.069484378776327
2086-04-16,8.274313301314484
2086-04-17,8.331254542266231
2086-04-18,7.8907348392282275
2086-04-19,8.654550643733584
2086-04-20,10.070427604832664
2086-04-21,9.115778468410749
2086-04-22,10.092415270061016
2086-04-23,11.269109381087146
2086-04-24,9.590394028673382
2086-04-25,8.116486668242548
2086-04-26,7.002713626414677
2086-04-27,6.215236170840445
2086-04-28,5.609447116133747
2086-04-29,5.078143549871581
2086-04-30,4.873297904659298
2086-05-01,4.72530574249065
2086-05-02,4.381298260627075
2086-05-03,4.1061310575403285
2086-05-04,3.884875785025804
2086-05-05,3.705160950348177
2086-05-06,3.5614741153504563
2086-05-07,3.442024497321015
2086-05-08,3.577097909855617
2086-05-09,3.861886834907191
2086-05-10,3.701631632577163
2086-05-11,4.028987300514393
2086-05-12,6.849946098784652
2086-05-13,8.726713759738304
2086-05-14,7.420780123090915
2086-05-15,6.427281450519476
2086-05-16,5.667522465900831
2086-05-17,5.081027943354383
2086-05-18,4.6240668331992
2086-05-19,4.264715199912802
2086-05-20,3.9794628072922573
2086-05-21,3.750853689200927
2086-05-22,3.565828026357232
2086-05-23,3.414545235125496
2086-05-24,3.2895408302516618
2086-05-25,3.1851171406253695
2086-05-26,3.0968994217012806
2086-05-27,4.173139170576535
2086-05-28,5.355408774240833
2086-05-29,4.802169437890057
2086-05-30,4.369022588941007
2086-05-31,4.028424132920638
2086-06-01,3.75807566228011
2086-06-02,3.8874795958731063
2086-06-03,3.9867623172166486
2086-06-04,3.925827612696645
2086-06-05,3.87891541527743
2086-06-06,3.6286654017839908
2086-06-07,3.4268497586250386
2086-06-08,3.263079674699569
2086-06-09,3.12882862412779
2086-06-10,3.0176143132472695
2086-06-11,2.9244780563253223
2086-06-12,2.8456045735635
2086-06-13,3.20791311633305
2086-06-14,4.097904563291825
2086-06-15,4.2314709470078835
2086-06-16,3.87721259280551
2086-06-17,3.5963615697877955
2086-06-18,3.3719480301090097
2086-06-19,3.235740607224397
2086-06-20,3.2037200773649475
2086-06-21,3.0748788444021877
2086-06-22,2.9451101920609872
2086-06-23,3.384431564843004
2086-06-24,3.8243990673354538
2086-06-25,3.5334695779669407
2086-06-26,3.301273851963616
2086-06-27,3.114699855652224
2086-06-28,2.9633356733556053
2086-06-29,2.8393110503850267
2086-06-30,2.7366377367593286
2086-07-01,2.650731281406712
2086-07-02,2.747254000165426
2086-07-03,3.705960153638065
2086-07-04,4.408032791494121
2086-07-05,3.9819000346843443
2086-07-06,3.883565478479884
2086-07-07,3.7981276315744847
2086-07-08,3.4855248266946757
2086-07-09,3.237323680012661
2086-07-10,3.038634156266618
2086-07-11,2.878102007953187
2086-07-12,2.747156295015797
2086-07-13,2.6392841459425513
2086-07-14,2.54950575184886
2086-07-15,2.4739912118747633
2086-07-16,2.409778763933016
2086-07-17,2.3545660832288036
2086-07-18,2.3065546535150694
2086-07-19,2.264332972782847
2086-07-20,2.226788373305705
2086-07-21,2.1930400647710226
2086-07-22,2.162388016859981
2086-07-23,2.1342737334025013
2086-07-24,2.1082500044953725
2086-07-25,2.0851587985969595
2086-07-26,2.0626579782706997
2086-07-27,2.040788795619631
2086-07-28,2.019975831348231
2086-07-29,2.0000572155339538
2086-07-30,1.9809006711278165
2086-07-31,1.962397956096976
2086-08-01,1.9444602402380633
2086-08-02,1.9270144154022943
2086-08-03,1.910000141492948
2086-08-04,1.893367474437795
2086-08-05,1.8770749560070668
2086-08-06,1.8610880713071773
2086-08-07,1.8453779998744737
2086-08-08,1.8299206019054202
2086-08-09,1.8146955933331828
2086-08-10,1.7996858729860001
2086-08-11,1.7848769725410003
2086-08-12,1.7702566058771938
2086-08-13,1.7558142990849719
2086-08-14,1.741541086077308
2086-08-15,1.727429257678769
2086-08-16,1.7134721544044387
2086-08-17,1.6996639950076886
2086-08-18,1.6859997343715396
2086-08-19,1.6727644575859797
2086-08-20,1.6594728706930801
2086-08-21,1.6461737643816547
2086-08-22,1.6330098934352761
2086-08-23,1.6199775022361607
2086-08-24,1.6070732560788088
2086-08-25,1.5942941754830893
2086-08-26,1.5816375813498806
2086-08-27,1.56910104910152
2086-08-28,1.556682370279807
2086-08-29,1.5443795203437152
2086-08-30,1.5321906316290264
2086-08-31,1.5201139706121747
2086-09-01,1.508147918768258
2086-09-02,1.4962909564344644
2086-09-03,1.4845416491899712
2086-09-04,1.4728986363456524
2086-09-05,1.4613606212048762
2086-09-06,1.4499263628128547
2086-09-07,1.4447866374642953
2086-09-08,1.441515364128285
2086-09-09,1.4285959354654327
2086-09-10,1.6023009152480343
2086-09-11,1.7112928964086083
2086-09-12,1.6588173874162617
2086-09-13,1.615305885966064
2086-09-14,1.5667781204911595
2086-09-15,1.5249091646516035
2086-09-16,1.4889898287383814
2086-09-17,1.4578524962311752
2086-09-18,1.4305754861144557
2086-09-19,1.4064282482994095
2086-09-20,1.3848294539331796
2086-09-21,1.3653147835346047
2086-09-22,1.3475120491839012
2086-09-23,1.331128735264185
2086-09-24,1.3239247476327654
2086-09-25,1.437440837664913
2086-09-26,1.5175086636999933
2086-09-27,1.501514349551374
2086-09-28,1.469268136300759
2086-09-29,1.4244049575389255
2086-09-30,1.3863744861307208
2086-10-01,1.3538071480477984
2086-10-02,1.3254898361303078
2086-10-03,1.3006776505102622
2086-10-04,1.278716053682157
2086-10-05,1.2590791713311822
2086-10-06,1.2413461348549026
2086-10-07,1.2260770062112059
2086-10-08,1.3010735846077637
2086-10-09,1.3579817904837708
2086-10-10,1.3171971860602227
2086-10-11,1.2837512844657297
2086-10-12,1.2549233265706625
2086-10-13,1.2298244600407178
2086-10-14,1.207749367910216
2086-10-15,1.188136209422513
2086-10-16,1.1705357866541204
2086-10-17,1.154587698989752
2086-10-18,1.1916516918098228
2086-10-19,1.2370346985866418
2086-10-20,1.2064895151732815
2086-10-21,1.2645842742579314
2086-10-22,1.3376632242879036
2086-10-23,1.6728922933722548
2086-10-24,2.23627488273617
2086-10-25,2.3735774110329944
2086-10-26,2.1625729930442463
2086-10-27,2.255208633578631
2086-10-28,2.360772039837301
2086-10-29,2.203417358704433
2086-10-30,2.1285500837554876
2086-10-31,1.9779454485302648
2086-11-01,1.8067345100518628
2086-11-02,1.672426044446336
2086-11-03,1.5600045399903937
2086-11-04,1.7049634780861371
2086-11-05,1.8636740007184025
2086-11-06,1.7231873492471028
2086-11-07,1.609232279650831
2086-11-08,1.5246695177234832
2086-11-09,1.54150217370929
2086-11-10,1.8307120179308483
2086-11-11,2.062966366856032
2086-11-12,1.9778665195592218
2086-11-13,1.8135369081677772
2086-11-14,2.5385497245097053
2086-11-15,3.5272136664561766
2086-11-16,3.3580570126141116
2086-11-17,2.9211407086301526
2086-11-18,3.5003710710730793
2086-11-19,4.612315035457716
2086-11-20,4.8178423935374886
2086-11-21,4.535487703862251
2086-11-22,3.969800712475317
2086-11-23,3.3828126290807248
2086-11-24,3.4248840445405553
2086-11-25,3.5234613370515997
2086-11-26,3.04299856198706
2086-11-27,2.6716410176108987
2086-11-28,2.4949599966176086
2086-11-29,2.4940666703062195
2086-11-30,2.385053360197572
2086-12-01,2.1536319798368435
2086-12-02,2.788869724583833
2086-12-03,3.5897304120529157
2086-12-04,3.357605507523496
2086-12-05,3.16786545083835
2086-12-06,3.1631438895939077
2086-12-07,3.2898191796152845
2086-12-08,3.3231911043317814
2086-12-09,4.939941839523631
2086-12-10,6.275253447098234
2086-12-11,5.572463978374984
2086-12-12,5.110059756092254
2086-12-13,6.179069730452073
2086-12-14,9.613384200417753
2086-12-15,10.913301323270028
2086-12-16,10.935642860543554
2086-12-17,12.042989240286433
2086-12-18,14.745654939495017
2086-12-19,15.26968519415759
2086-12-20,11.95751794742634
2086-12-21,9.535822429586851
2086-12-22,7.863955622241061
2086-12-23,7.141113539272805
2086-12-24,7.069819512979098
2086-12-25,8.068581053689021
2086-12-26,11.076507052838595
2086-12-27,12.894665832803815
2086-12-28,13.470558534882963
2086-12-29,13.917530178395511
2086-12-30,15.372841967939744
2086-12-31,16.779892084171735
2087-01-01,16.146714510920173
2087-01-02,15.076405926864942
2087-01-03,17.180082370918843
2087-01-04,19.993060240980743
2087-01-05,20.120108475386687
2087-01-06,20.74265538708041
2087-01-07,18.137407910163347
2087-01-08,17.650912497884796
2087-01-09,17.420272735610897
2087-01-10,14.209471300196894
2087-01-11,12.63055451329801
2087-01-12,11.554371919159843
2087-01-13,9.525267888974804
2087-01-14,8.008605304045263
2087-01-15,6.864710375018735
2087-01-16,5.993574817951465
2087-01-17,5.323904982853497
2087-01-18,4.804342262574968
2087-01-19,4.397529105706868
2087-01-20,4.0760472389913165
2087-01-21,3.8196046604825287
2087-01-22,3.6130661920844482
2087-01-23,3.4450606115281874
2087-01-24,3.3069862227917617
2087-01-25,3.192294593811914
2087-01-26,3.095970363212572
2087-01-27,5.332803305842311
2087-01-28,7.825757755915902
2087-01-29,6.949743232349345
2087-01-30,6.119529211006476
2087-01-31,6.8723262254747945
2087-02-01,8.65283099023248
2087-02-02,8.81526919450591
2087-02-03,8.91177339211079
2087-02-04,8.187878562956667
2087-02-05,8.04747032182933
2087-02-06,8.052646367985043
2087-02-07,8.757535897583763
2087-02-08,9.691021994759524
2087-02-09,12.608336906094364
2087-02-10,16.258142006724622
2087-02-11,14.386696273685551
2087-02-12,15.305857911626342
2087-02-13,17.613520913617247
2087-02-14,15.572454657517978
2087-02-15,15.74021793946991
2087-02-16,18.22186843015669
2087-02-17,16.966467680436676
2087-02-18,13.70446678649361
2087-02-19,11.626291049012584
2087-02-20,11.249390056927163
2087-02-21,12.368390979662957
2087-02-22,13.844008874166787
2087-02-23,12.974068391362513
2087-02-24,11.056025145911493
2087-02-25,9.683670123641589
2087-02-26,8.277120596789736
2087-02-27,7.211248663593963
2087-02-28,6.396069323530852
2087-03-01,5.827889306992195
2087-03-02,5.432019085255742
2087-03-03,5.394570780501941
2087-03-04,5.454573247680719
2087-03-05,8.396508085428612
2087-03-06,11.133371858005939
2087-03-07,9.579296302267496
2087-03-08,8.51163943852946
2087-03-09,7.504969786734918
2087-03-10,6.728479944254172
2087-03-11,7.921539187494392
2087-03-12,9.795472386809516
2087-03-13,9.078483473795277
2087-03-14,7.815730120547328
2087-03-15,6.855287151368146
2087-03-16,6.947621846526118
2087-03-17,7.245186196808759
2087-03-18,6.629230292537948
2087-03-19,6.899974044733098
2087-03-20,7.020751191280098
2087-03-21,6.241912610917065
2087-03-22,5.638608419560172
2087-03-23,5.167849789244312
2087-03-24,4.796922040932336
2087-03-25,4.501748629063413
2087-03-26,4.264464099096498
2087-03-27,4.071709868292083
2087-03-28,3.9134255318078477
2087-03-29,3.781983579795425
2087-03-30,3.671564529767913
2087-03-31,3.5777019716056704
2087-04-01,3.4969487695968895
2087-04-02,3.426630380526427
2087-04-03,3.3646613056204706
2087-04-04,3.3094076368100533
2087-04-05,3.2597125392793593
2087-04-06,3.52424973303038
2087-04-07,3.8056861196273832
2087-04-08,3.6510060008956473
2087-04-09,3.5218293398513545
2087-04-10,3.4137658615500874
2087-04-11,3.8286843269694475
2087-04-12,4.3124506360454395
2087-04-13,4.034916746479543
2087-04-14,3.811010650291657
2087-04-15,3.768442678870603
2087-04-16,3.983223567449636
2087-04-17,4.181096072894484
2087-04-18,4.783811800878312
2087-04-19,5.406748519804851
2087-04-20,5.44608761081945
2087-04-21,5.105205581250031
2087-04-22,4.633878589531462
2087-04-23,4.263295760140349
2087-04-24,3.9697101887971304
2087-04-25,3.734888494640391
2087-04-26,3.545215252911584
2087-04-27,3.390449006624132
2087-04-28,3.2628334588295846
2087-04-29,3.2010480989586956
2087-04-30,3.134921275667129
2087-05-01,4.125908737243564
2087-05-02,5.209156066818701
2087-05-03,4.682174330693829
2087-05-04,4.268879732512954
2087-05-05,3.943137309999413
2087-05-06,3.684012634401176
2087-05-07,3.4759232367658064
2087-05-08,3.3071833001557116
2087-05-09,3.1689677579658913
2087-05-10,3.054568164737507
2087-05-11,2.958853573072023
2087-05-12,2.877876797278354
2087-05-13,2.8085846852371805
2087-05-14,2.748603408683634
2087-05-15,2.6960782813329995
2087-05-16,2.6507070123858827
2087-05-17,2.69115310979778
2087-05-18,2.7080971780939023
2087-05-19,3.3574802711834892
2087-05-20,4.515803875538158
2087-05-21,5.113351590425608
2087-05-22,5.294900601448639
2087-05-23,5.7339308915556515
2087-05-24,6.126400026205914
2087-05-25,5.3580088368052605
2087-05-26,4.741209153003104
2087-05-27,4.262388153981708
2087-05-28,3.8944550526566215
2087-05-29,3.6001845586461543
2087-05-30,3.3621167232371114
2087-05-31,3.170668079569296
2087-06-01,3.4387804604733465
2087-06-02,3.815062495940382
2087-06-03,3.9096093435857764
2087-06-04,4.167815245233604
2087-06-05,3.868367966867105
2087-06-06,3.5617013592241507
2087-06-07,3.3172384347464043
2087-06-08,3.1210817482552144
2087-06-09,2.962212360345418
2087-06-10,2.8322970992428638
2087-06-11,2.726668807440326
2087-06-12,2.637606949085073
2087-06-13,2.561675237869857
2087-06-14,2.496941459643694
2087-06-15,2.4411331870202404
2087-06-16,2.392473547716784
2087-06-17,2.3495667829343683
2087-06-18,2.3862387907078744
2087-06-19,2.612788497785122
2087-06-20,2.7048749469825175
2087-06-21,4.176858567348396
2087-06-22,5.902690455620437
2087-06-23,5.123517865876364
2087-06-24,4.495422679689456
2087-06-25,4.0091101404214475
2087-06-26,3.629337283087173
2087-06-27,3.330203835119153
2087-06-28,3.092539729590143
2087-06-29,2.902044433547861
2087-06-30,2.747971564848282
2087-07-01,2.622190039838778
2087-07-02,2.7366264220341754
2087-07-03,2.97283133559535
2087-07-04,2.920328260886977
2087-07-05,2.946256711648372
2087-07-06,2.8819341125342075
2087-07-07,2.7651802800097833
2087-07-08,2.659662868343706
2087-07-09,2.5359672473951096
2087-07-10,2.4338339621355707
2087-07-11,2.933267342653618
2087-07-12,3.4220224059919584
2087-07-13,3.135223929323058
2087-07-14,3.0637828567898286
2087-07-15,3.034729816272596
2087-07-16,2.8260753284932245
2087-07-17,2.6570015289355817
2087-07-18,2.5199190196111947
2087-07-19,2.4077407862032962
2087-07-20,2.315056948862416
2087-07-21,2.254764549419721
2087-07-22,2.194601531219433
2087-07-23,2.1351173997978123
2087-07-24,2.0841079052847653
2087-07-25,2.039903422261682
2087-07-26,2.0011726502530593
2087-07-27,1.9668649974696628
2087-07-28,1.970552822995078
2087-07-29,1.9694836059943273
2087-07-30,1.9342791746588395
2087-07-31,1.9026501332042922
2087-08-01,1.8942684672704841
2087-08-02,1.8898400957943469
2087-08-03,1.8595840862583943
2087-08-04,1.8676703011490436
2087-08-05,2.1350933672992785
2087-08-06,2.319179461319514
2087-08-07,2.201002203666136
2087-08-08,2.104971184628718
2087-08-09,2.0254350469952946
2087-08-10,1.9589182717344098
2087-08-11,1.9027277456009293
2087-08-12,1.8547661020703723
2087-08-13,1.8133921379666782
2087-08-14,1.9554610699884343
2087-08-15,2.122485328976721
2087-08-16,2.028465813335273
2087-08-17,1.9484752443938465
2087-08-18,1.8817906360712113
2087-08-19,1.8256453229255822
2087-08-20,1.7778850211664354
2087-08-21,1.7392605402483319
2087-08-22,1.7825239863656108
2087-08-23,1.9259825491700433
2087-08-24,1.9332918217361836
2087-08-25,1.8562943501063254
2087-08-26,1.7926908153999062
2087-08-27,1.7391883878560155
2087-08-28,2.082854079294981
2087-08-29,2.7305605067034264
2087-08-30,3.015687027813062
2087-08-31,3.0105366636665623
2087-09-01,2.755463840684815
2087-09-02,2.5067853391857566
2087-09-03,2.3090173753904613
2087-09-04,2.5598084554734974
2087-09-05,2.8312164968531324
2087-09-06,2.5631565604396642
2087-09-07,2.351324675237788
2087-09-08,2.182542557147356
2087-09-09,2.046927774543418
2087-09-10,1.9370237728916309
2087-09-11,1.8471660643411905
2087-09-12,1.7730241177131896
2087-09-13,1.711267444859297
2087-09-14,1.660960851997623
2087-09-15,1.815835912926885
2087-09-16,2.0994826081528637
2087-09-17,2.1157142416861374
2087-09-18,1.9853853104202637
2087-09-19,1.8756789943414491
2087-09-20,1.7949842095172588
2087-09-21,1.8559462755162608
2087-09-22,2.1247712852340825
2087-09-23,2.8053526223628147
2087-09-24,3.2494510850827845
2087-09-25,3.159951478267054
2087-09-26,3.1029832623208535
2087-09-27,2.93132565016353
2087-09-28,2.673521528728011
2087-09-29,2.422219382876341
2087-09-30,2.727133782721831
2087-10-01,3.062775028371366
2087-10-02,2.7297604708244876
2087-10-03,2.467480029021965
2087-10-04,2.2596748363838093
2087-10-05,2.0937422452717405
2087-10-06,1.9601921464641137
2087-10-07,1.8518298249525251
2087-10-08,1.7788759094390245
2087-10-09,1.8068403570936633
2087-10-10,1.928193043242876
2087-10-11,1.9658060823271974
2087-10-12,1.8507203049024674
2087-10-13,1.7569363697275906
2087-10-14,1.6797838045830567
2087-10-15,1.6157499657478913
2087-10-16,1.5621139302088218
2087-10-17,1.5167573117995508
2087-10-18,1.4780228887513391
2087-10-19,1.444608296848313
2087-10-20,1.4154856163681042
2087-10-21,1.3898402039099007
2087-10-22,1.367023915337935
2087-10-23,1.346519152968533
2087-10-24,1.3279110992789287
2087-10-25,1.6090260249826442
2087-10-26,1.9374475448071005
2087-10-27,1.8055491968029116
2087-10-28,1.6990406449502082
2087-10-29,1.612191046973906
2087-10-30,1.5754745079621921
2087-10-31,1.829045479283806
2087-11-01,1.996048651253602
2087-11-02,2.221121238186038
2087-11-03,2.455651529934418
2087-11-04,2.212537908022416
2087-11-05,2.380517388000325
2087-11-06,3.286555471939486
2087-11-07,3.984654630268118
2087-11-08,3.7699630644146684
2087-11-09,3.246678999824782
2087-11-10,2.841065545414802
2087-11-11,2.5244684758574922
2087-11-12,2.27546014584951
2087-11-13,2.0781245883834165
2087-11-14,1.9205486154195652
2087-11-15,1.7937509997598193
2087-11-16,1.6909153509028123
2087-11-17,1.6068356962137564
2087-11-18,1.5375124752973832
2087-11-19,1.4798558574394576
2087-11-20,1.4314662842518386
2087-11-21,1.3904710222883427
2087-11-22,1.3554016429281388
2087-11-23,1.3928906147198044
2087-11-24,1.712851225135086
2087-11-25,2.122175152366214
2087-11-26,2.3819497464638237
2087-11-27,2.8355582403329085
2087-11-28,3.015766415609514
2087-11-29,2.649292804643781
2087-11-30,2.36196372636433
2087-12-01,2.1354772238914155
2087-12-02,1.955601707488972
2087-12-03,1.8170133449840016
2087-12-04,1.7127519319931903
2087-12-05,1.6995205681161776
2087-12-06,2.1097794838913693
2087-12-07,4.574964552026697
2087-12-08,6.729016026018074
2087-12-09,6.172877732192815
2087-12-10,5.869673165753287
2087-12-11,5.282232040615251
2087-12-12,4.4438015223625005
2087-12-13,3.78053608341582
2087-12-14,3.2700074222016404
2087-12-15,2.8738697831157096
2087-12-16,2.5640983913386246
2087-12-17,2.3486386448563406
2087-12-18,3.1646312750715198
2087-12-19,3.860594379759623
2087-12-20,3.699230900940958
2087-12-21,5.432129474444335
2087-12-22,7.31384779453094
2087-12-23,7.932131860530969
2087-12-24,8.467716916550513
2087-12-25,7.676688209817212
2087-12-26,7.759290729955971
2087-12-27,9.997074219963968
2087-12-28,11.387495788511176
2087-12-29,12.445964250342064
2087-12-30,14.387521752155829
2087-12-31,14.126315307964932
2088-01-01,11.938738393705288
2088-01-02,9.902692393755755
2088-01-03,8.043779090531784
2088-01-04,6.654394297107667
2088-01-05,5.7862120849398835
2088-01-06,5.185842051099233
2088-01-07,5.031393853804578
2088-01-08,6.549306183301643
2088-01-09,7.247098535665619
2088-01-10,6.072001611283153
2088-01-11,5.847217876166149
2088-01-12,10.58555779566892
2088-01-13,14.198058209689366
2088-01-14,11.669189850129008
2088-01-15,12.076350583041515
2088-01-16,16.49053830917454
2088-01-17,21.833205768483882
2088-01-18,23.165270463054686
2088-01-19,20.46313128988332
2088-01-20,18.39796926410814
2088-01-21,16.14840721146631
2088-01-22,13.211515793712204
2088-01-23,10.903802698123657
2088-01-24,8.991783467678498
2088-01-25,7.565874864672956
2088-01-26,6.4834674832884
2088-01-27,5.657807828278507
2088-01-28,5.022237123050398
2088-01-29,4.528556846536836
2088-01-30,4.8763999881155184
2088-01-31,6.793886197424935
2088-02-01,9.927517572694528
2088-02-02,17.581453725824975
2088-02-03,22.234587542798142
2088-02-04,18.668437919636258
2088-02-05,15.979249092066278
2088-02-06,12.951865494955443
2088-02-07,10.59416865620945
2088-02-08,8.842579936396875
2088-02-09,7.527919859335737
2088-02-10,6.53132239793942
2088-02-11,5.768541258889706
2088-02-12,6.391561037332084
2088-02-13,7.0243110046111505
2088-02-14,7.339742739406327
2088-02-15,7.716383061504949
2088-02-16,6.677541245706769
2088-02-17,5.881912746203613
2088-02-18,5.268293530674192
2088-02-19,4.790596259617982
2088-02-20,4.41521735180223
2088-02-21,4.837057102597677
2088-02-22,5.284953244616193
2088-02-23,4.7956058498936445
2088-02-24,5.033809668808687
2088-02-25,5.296122027889608
2088-02-26,4.798532406136691
2088-02-27,4.407286613158884
2088-02-28,4.130138124960319
2088-02-29,3.9802919595710318
2088-03-01,3.7982155911382613
2088-03-02,3.6098515482400937
2088-03-03,3.4522499514076874
2088-03-04,3.322241056855388
2088-03-05,3.6693220502145873
2088-03-06,4.578325472144078
2088-03-07,4.746457131529401
2088-03-08,4.3363670529361045
2088-03-09,4.0119653227065415
2088-03-10,3.928081331262223
2088-03-11,3.9041499233177848
2088-03-12,4.486442018985108
2088-03-13,5.699732261279583
2088-03-14,5.674852931465353
2088-03-15,5.587689360449527
2088-03-16,5.617757390175277
2088-03-17,5.046654511698846
2088-03-18,4.624891955596863
2088-03-19,4.22448019902872
2088-03-20,3.908038083416027
2088-03-21,3.655966565109482
2088-03-22,3.453247335292787
2088-03-23,3.404877239532143
2088-03-24,3.616681035572931
2088-03-25,3.618322469224248
2088-03-26,3.4128243987943683
2088-03-27,3.2455070210945216
2088-03-28,3.1084599164160625
2088-03-29,3.266796938521914
2088-03-30,4.402900914622161
2088-03-31,5.44453109057147
2088-04-01,5.2234389903023875
2088-04-02,5.402724541178497
2088-04-03,5.611883071299084
2088-04-04,4.960225435651537
2088-04-05,4.450553310450932
2088-04-06,4.052275566304707
2088-04-07,3.7382284742634084
2088-04-08,3.488331698739374
2088-04-09,3.2876411635799574
2088-04-10,3.2171198926931215
2088-04-11,3.175373196735268
2088-04-12,3.4955017874544
2088-04-13,3.996956968438086
2088-04-14,3.798390035371311
2088-04-15,3.519699575497809
2088-04-16,4.474335571402797
2088-04-17,5.454063513808875
2088-04-18,4.809184345774811
2088-04-19,4.307593715520301
2088-04-20,3.915564474452367
2088-04-21,3.606444362968858
2088-04-22,3.3605118522486275
2088-04-23,3.2724821356285285
2088-04-24,3.658176209630875
2088-04-25,3.918764549400954
2088-04-26,3.617751775320692
2088-04-27,3.3595457331158975
2088-04-28,3.1528542030925313
2088-04-29,2.985852017999996
2088-04-30,2.849615373185751
2088-05-01,2.737365281178848
2088-05-02,2.6439200090475876
2088-05-03,2.5652955487074895
2088-05-04,2.498411874895178
2088-05-05,2.4408754300227034
2088-05-06,2.390816965245539
2088-05-07,2.6944854114687273
2088-05-08,3.425687353530265
2088-05-09,3.559236622234256
2088-05-10,3.4499366239746263
2088-05-11,3.4419581021190133
2088-05-12,3.201890780403859
2088-05-13,3.255809298189732
2088-05-14,3.2566040275425876
2088-05-15,3.0325878793235668
2088-05-16,2.8522702929347328
2088-05-17,2.706013559561791
2088-05-18,2.586266903648676
2088-05-19,2.487267407022717
2088-05-20,2.5811014113558994
2088-05-21,2.6816416661029803
2088-05-22,2.558470710329361
2088-05-23,2.4559877444825693
2088-05-24,2.370656597306328
2088-05-25,2.2996119535314556
2088-05-26,2.273311341083335
2088-05-27,2.2258194266749562
2088-05-28,2.173284170347802
2088-05-29,2.127633531203751
2088-05-30,2.0875264056108045
2088-05-31,2.051930840452885
2088-06-01,2.020000046206094
2088-06-02,1.991060086611441
2088-06-03,1.9645725945237145
2088-06-04,2.138607066813016
2088-06-05,2.4622424787637507
2088-06-06,2.5296073313372625
2088-06-07,2.537011545720695
2088-06-08,2.443825060678124
2088-06-09,2.426967822467916
2088-06-10,2.484410178000958
2088-06-11,2.418216165990455
2088-06-12,2.298486442862808
2088-06-13,2.1997099448149044
2088-06-14,2.117969618144255
2088-06-15,2.049386388770257
2088-06-16,1.991238044788769
2088-06-17,1.9415155088546487
2088-06-18,1.898543034568368
2088-06-19,1.8610025151826732
2088-06-20,1.8278527514494263
2088-06-21,1.798267952303287
2088-06-22,1.7715906434479465
2088-06-23,1.7472954304273804
2088-06-24,1.7249609831962565
2088-06-25,1.7042482798569007
2088-06-26,1.8023084363390112
2088-06-27,2.0098596478668402
2088-06-28,2.1115168561727695
2088-06-29,2.1717710352483026
2088-06-30,2.12713561294666
2088-07-01,2.0910009859828773
2088-07-02,2.204573624135107
2088-07-03,2.2465760449460013
2088-07-04,2.1156287542448005
2088-07-05,2.0783220758343637
2088-07-06,2.090973861524042
2088-07-07,1.9981568006974884
2088-07-08,1.9104470063207248
2088-07-09,1.894058685940778
2088-07-10,1.8831231097124173
2088-07-11,1.8128613215165228
2088-07-12,1.7954160884643888
2088-07-13,1.7932847446900724
2088-07-14,1.7347605954245464
2088-07-15,1.6849548463576671
2088-07-16,1.6424112482644393
2088-07-17,1.6056902306503005
2088-07-18,1.5736583441975
2088-07-19,1.5454193754910248
2088-07-20,1.5202618309170974
2088-07-21,1.497621854301429
2088-07-22,1.6577306325338308
2088-07-23,1.8872971406235945
2088-07-24,1.8866929116207967
2088-07-25,1.8555148079946422
2088-07-26,1.9660627456415123
2088-07-27,2.4038356054170484
2088-07-28,2.578502039714612
2088-07-29,2.5700869579280616
2088-07-30,2.7232354652978437
2088-07-31,2.982043715533374
2088-08-01,3.0837107252059064
2088-08-02,2.7431452760463313
2088-08-03,2.473836242117766
2088-08-04,2.2606125838878754
2088-08-05,2.0904871418258804
2088-08-06,1.953682071004083
2088-08-07,1.8427860971540155
2088-08-08,1.7746360284806713
2088-08-09,1.7155459095607195
2088-08-10,1.6466359952813765
2088-08-11,1.588957849368838
2088-08-12,1.5403456968956757
2088-08-13,1.4989748122267972
2088-08-14,1.815621609221412
2088-08-15,2.137271286378589
2088-08-16,1.9773579958041292
2088-08-17,1.8495711585427612
2088-08-18,1.7458968260172505
2088-08-19,1.661087151038452
2088-08-20,1.5911126849978185
2088-08-21,1.5328622045210807
2088-08-22,1.5916363122517323
2088-08-23,1.6801817138186488
2088-08-24,1.6052796651059973
2088-08-25,1.539985199749106
2088-08-26,1.4854834616681727
2088-08-27,1.4395683471290346
2088-08-28,1.4005151177952486
2088-08-29,1.3669692131203834
2088-08-30,1.3378621921118043
2088-08-31,1.3123478285432597
2088-09-01,1.2897532690950648
2088-09-02,1.2695415151483112
2088-09-03,1.2787982703628664
2088-09-04,1.4463150073836688
2088-09-05,1.546327830068254
2088-09-06,1.4747942475455071
2088-09-07,1.4164961813373218
2088-09-08,1.3677299141112178
2088-09-09,1.326560510712118
2088-09-10,1.2914723317905785
2088-09-11,1.2612728583127013
2088-09-12,1.235019818590682
2088-09-13,1.2119656674686257
2088-09-14,1.191515064540901
2088-09-15,1.173192146032457
2088-09-16,1.156615215493469
2088-09-17,1.1414770834289583
2088-09-18,1.1275297294423645
2088-09-19,1.114572287499463
2088-09-20,1.1024415974720556
2088-09-21,1.0910047470087167
2088-09-22,1.080153163388537
2088-09-23,1.1708966028326764
2088-09-24,1.2635639358709263
2088-09-25,1.2197958791774524
2088-09-26,1.1984906642406776
2088-09-27,1.1911832444211885
2088-09-28,1.2830010419935527
2088-09-29,2.109741617571567
2088-09-30,2.8033679052144245
2088-10-01,2.559347129119604
2088-10-02,3.5419132913908133
2088-10-03,5.719254718639753
2088-10-04,6.164437541766972
2088-10-05,5.249581784862891
2088-10-06,4.6407608568068985
2088-10-07,3.982785019429229
2088-10-08,3.3878336181969204
2088-10-09,2.928525606281587
2088-10-10,2.629681453182294
2088-10-11,2.4248635260483753
2088-10-12,2.1766267119103904
2088-10-13,1.9795151025188193
2088-10-14,1.8221951759379815
2088-10-15,1.9154728747749552
2088-10-16,2.274716257125781
2088-10-17,3.562984707718625
2088-10-18,5.248684151001404
2088-10-19,5.196374247692099
2088-10-20,4.425222984507872
2088-10-21,3.782250872229634
2088-10-22,3.9377328148149133
2088-10-23,4.805173508850944
2088-10-24,5.399840605141758
2088-10-25,7.309938813236582
2088-10-26,8.426373512441456
2088-10-27,7.414942265458946
2088-10-28,12.186545420227638
2088-10-29,17.52672694279451
2088-10-30,14.954854848548374
2088-10-31,11.953900252034602
2088-11-01,14.59575491147126
2088-11-02,18.25584828362065
2088-11-03,14.96513671395961
2088-11-04,13.50771474955379
2088-11-05,13.173940865465097
2088-11-06,11.088662231705648
2088-11-07,8.953306649511436
2088-11-08,8.516946581388128
2088-11-09,10.59416368506166
2088-11-10,12.513879168903129
2088-11-11,14.093537125468048
2088-11-12,15.31919678560938
2088-11-13,17.394921031722024
2088-11-14,17.57721308981074
2088-11-15,13.787197685787783
2088-11-16,11.367983733276583
2088-11-17,9.696632215285307
2088-11-18,8.249438867651438
2088-11-19,7.5889068331178535
2088-11-20,6.815712973558804
2088-11-21,5.863265134933617
2088-11-22,5.133886802419848
2088-11-23,4.570722796116987
2088-11-24,4.132010480899772
2088-11-25,3.787206105316256
2088-11-26,3.5137779119064976
2088-11-27,3.294970761514104
2088-11-28,3.1182315977483115
2088-11-29,2.974089542819193
2088-11-30,2.8553520793288776
2088-12-01,2.756523171541033
2088-12-02,2.673378668010257
2088-12-03,2.602654135791759
2088-12-04,2.541813724468904
2088-12-05,3.0359427192677746
2088-12-06,3.5951336813125505
2088-12-07,3.8198164864258133
2088-12-08,4.8432863883875426
2088-12-09,7.228693809474507
2088-12-10,8.641458784853983
2088-12-11,9.434857054712067
2088-12-12,11.222731280467315
2088-12-13,10.841152608357055
2088-12-14,9.249905485862785
2088-12-15,7.698036062651936
2088-12-16,6.54189773785605
2088-12-17,6.045675568702119
2088-12-18,5.672302762103018
2088-12-19,4.986062072825537
2088-12-20,6.56421248190209
2088-12-21,9.395855852451724
2088-12-22,9.191111628277282
2088-12-23,11.842681064557132
2088-12-24,21.652077356972374
2088-12-25,27.41768933295363
2088-12-26,29.519498927501758
2088-12-27,27.895904525647385
2088-12-28,19.737951437271104
2088-12-29,15.518381551176068
2088-12-30,12.506769586869224
2088-12-31,10.287585276188631
2089-01-01,8.634484678467123
2089-01-02,10.417826372487271
2089-01-03,12.112218866576654
2089-01-04,10.824841278658694
2089-01-05,12.649606646355174
2089-01-06,14.100023299541915
2089-01-07,14.104109374147766
2089-01-08,15.903520436910354
2089-01-09,20.83952195471204
2089-01-10,22.683206750703746
2089-01-11,18.12466515909884
2089-01-12,15.287757829812994
2089-01-13,14.70640427347187
2089-01-14,13.472779326129748
2089-01-15,11.138199699295784
2089-01-16,9.399629754934262
2089-01-17,8.092557825056394
2089-01-18,9.773329000316156
2089-01-19,11.375284112283063
2089-01-20,10.242633966910905
2089-01-21,9.843175101397389
2089-01-22,8.802623464860163
2089-01-23,7.6514825108553985
2089-01-24,6.77276472691362
2089-01-25,6.095788157724228
2089-01-26,7.836950029669395
2089-01-27,10.171590157341123
2089-01-28,12.077533967337741
2089-01-29,13.385905693257333
2089-01-30,11.461417807978123
2089-01-31,9.664271165095718
2089-02-01,8.314750973345154
2089-02-02,7.291293811948713
2089-02-03,6.507276153478536
2089-02-04,6.612853114522967
2089-02-05,11.531060120598504
2089-02-06,18.726290750930218
2089-02-07,18.978623457154786
2089-02-08,15.240285635448629
2089-02-09,12.507365163173732
2089-02-10,10.691796069034226
2089-02-11,9.550812437076155
2089-02-12,8.520227819783845
2089-02-13,8.867281929997297
2089-02-14,9.497541810341975
2089-02-15,9.87057820341389
2089-02-16,9.776844779204026
2089-02-17,8.442990376601726
2089-02-18,7.428578811749066
2089-02-19,6.971142035198251
2089-02-20,6.6768244910827095
2089-02-21,6.06680562485469
2089-02-22,6.0465882013309695
2089-02-23,7.864040587246113
2089-02-24,10.532285887485486
2089-02-25,14.432017830365814
2089-02-26,20.381460394379094
2089-02-27,22.84186318717468
2089-02-28,19.574254127752052
2089-03-01,15.736937292139602
2089-03-02,12.934327007243242
2089-03-03,10.861305990250314
2089-03-04,9.310973832165505
2089-03-05,8.139267069176519
2089-03-06,7.244631630328496
2089-03-07,6.595138072260295
2089-03-08,6.929394117255086
2089-03-09,7.347688174503088
2089-03-10,7.685276510449831
2089-03-11,7.791365587618523
2089-03-12,6.963682693918021
2089-03-13,6.322428994300051
2089-03-14,5.821743628976564
2089-03-15,5.426849249496793
2089-03-16,5.137238673481202
2089-03-17,5.057248067080999
2089-03-18,5.237339378433929
2089-03-19,5.233196120184508
2089-03-20,4.941611664677862
2089-03-21,4.705224012399339
2089-03-22,4.695089756976222
2089-03-23,4.718634308238214
2089-03-24,6.859406285168571
2089-03-25,9.416647821639948
2089-03-26,11.243244742973422
2089-03-27,13.689709756687828
2089-03-28,14.702892969268717
2089-03-29,15.062859841970342
2089-03-30,15.539263295757436
2089-03-31,16.073898116154222
2089-04-01,14.12779025273059
2089-04-02,11.719214564414827
2089-04-03,9.960111971547365
2089-04-04,8.675722352454718
2089-04-05,7.630832129145429
2089-04-06,6.829465713616212
2089-04-07,6.209258100994442
2089-04-08,5.946699721295379
2089-04-09,5.9263832606378095
2089-04-10,5.819758889383895
2089-04-11,5.85504313521792
2089-04-12,5.557543638454171
2089-04-13,6.971028044584617
2089-04-14,9.644900904003961
2089-04-15,10.476748359055478
2089-04-16,9.767995955610976
2089-04-17,13.208691547443337
2089-04-18,16.96331333735356
2089-04-19,14.233448380690197
2089-04-20,11.793530420566517
2089-04-21,9.979570746411605
2089-04-22,8.617418371581598
2089-04-23,7.583858550652192
2089-04-24,6.791657960593196
2089-04-25,6.178372168385838
2089-04-26,6.2772283945138945
2089-04-27,8.108787411557229
2089-04-28,10.840554197969142
2089-04-29,11.688163817388324
2089-04-30,10.202496967812184
2089-05-01,8.782240664526968
2089-05-02,7.70510416772339
2089-05-03,6.880639132786906
2089-05-04,6.243280796546739
2089-05-05,5.745666400550821
2089-05-06,5.353256910986123
2089-05-07,5.04064287523419
2089-05-08,4.788977879052374
2089-05-09,4.58417637695337
2089-05-10,4.415635664795624
2089-05-11,4.275321137440992
2089-05-12,4.5180217010800945
2089-05-13,4.821975976718162
2089-05-14,4.58699147459092
2089-05-15,4.393922974299282
2089-05-16,4.234840620227559
2089-05-17,4.102235243084791
2089-05-18,3.990376198917913
2089-05-19,3.894864204643619
2089-05-20,3.812303155279261
2089-05-21,3.7400575219765115
2089-05-22,3.6832914386075903
2089-05-23,4.280758237741619
2089-05-24,4.875659869765884
2089-05-25,4.581762337670603
2089-05-26,4.337297754363533
2089-05-27,4.138969309772626
2089-05-28,3.976338101068977
2089-05-29,3.841492080678636
2089-05-30,3.7283966610412738
2089-05-31,3.661257128388763
2089-06-01,3.593100024469667
2089-06-02,3.5473840594430954
2089-06-03,4.02705325384749
2089-06-04,4.626990872440685
2089-06-05,4.5886637740571565
2089-06-06,4.889404571703078
2089-06-07,5.401667382379704
2089-06-08,5.1845111721044725
2089-06-09,5.903633427123581
2089-06-10,6.94986715427758
2089-06-11,6.45795235833103
2089-06-12,5.767035187321691
2089-06-13,5.2052695039376164
2089-06-14,4.766760625163653
2089-06-15,4.421184340191073
2089-06-16,4.1461982826804515
2089-06-17,3.9252057600601042
2089-06-18,3.7457838357452276
2089-06-19,3.598567257336903
2089-06-20,3.4764486260343426
2089-06-21,3.3740001898836653
2089-06-22,3.2870524298469053
2089-06-23,3.2123845611441344
2089-06-24,3.1669988182208946
2089-06-25,3.138590793795611
2089-06-26,3.0796631546350244
2089-06-27,3.0271433489507964
2089-06-28,2.980113005505382
2089-06-29,2.937532107851984
2089-06-30,2.8985768017091824
2089-07-01,2.8625918337838363
2089-07-02,2.829054035878366
2089-07-03,2.797544152097783
2089-07-04,2.776284258837061
2089-07-05,2.757884883171165
2089-07-06,2.727931897003763
2089-07-07,2.6993505333848984
2089-07-08,2.6722176107784
2089-07-09,2.646092164761824
2089-07-10,2.620825438736439
2089-07-11,2.596369929342444
2089-07-12,2.572616507355512
2089-07-13,2.549475650989137
2089-07-14,2.5268736929691147
2089-07-15,2.504749822230066
2089-07-16,2.483053680993738
2089-07-17,2.461743433219349
2089-07-18,2.440784207486178
2089-07-19,2.420146838253746
2089-07-20,2.399806845621853
2089-07-21,2.3797436062903805
2089-07-22,2.359939678233673
2089-07-23,2.3403802492901318
2089-07-24,2.3210526859066776
2089-07-25,2.3019461630382207
2089-07-26,2.286516988505431
2089-07-27,2.2699407659166195
2089-07-28,2.2507672411732704
2089-07-29,2.231856011330697
2089-07-30,2.2951397959896362
2089-07-31,2.3631366237004636
2089-08-01,2.3194963881884783
2089-08-02,2.313108233437568
2089-08-03,2.3142278860154453
2089-08-04,2.272738160866604
2089-08-05,2.2331241865588796
2089-08-06,2.197800360170593
2089-08-07,2.1659582305180343
2089-08-08,2.1369555950112837
2089-08-09,2.110280424036033
2089-08-10,2.0855229607157253
2089-08-11,2.0623541259142955
2089-08-12,2.0405087285614005
2089-08-13,2.019772356195431
2089-08-14,1.9999710972690543
2089-08-15,1.9809634521286243
2089-08-16,1.9626339428651989
2089-08-17,1.9448880472479988
2089-08-18,1.9276481686798055
2089-08-19,1.9108504198280718
2089-08-20,1.8944420476062243
2089-08-21,1.8783793654229468
2089-08-22,1.8626260879800878
2089-08-23,1.847151986536102
2089-08-24,1.8319318000711393
2089-08-25,1.8169443513996502
2089-08-26,1.802171827887614
2089-08-27,1.787599194733695
2089-08-28,1.7732137152911092
2089-08-29,1.7591347979869585
2089-08-30,1.7451940376279884
2089-08-31,1.7312865098958108
2089-09-01,1.7175339037407718
2089-09-02,1.7039310041774793
2089-09-03,1.6904721349656133
2089-09-04,1.6771523498536514
2089-09-05,1.6639673149501368
2089-09-06,1.650913211002271
2089-09-07,1.6379866520797288
2089-09-08,1.6251846178022955
2089-09-09,1.6125043967687238
2089-09-10,1.5999435392651176
2089-09-11,1.58749981767352
2089-09-12,1.5751711932803014
2089-09-13,1.5629557884117569
2089-09-14,1.5508518630106751
2089-09-15,1.5388577949203903
2089-09-16,1.5269720632683101
2089-09-17,1.5151932344440677
2089-09-18,1.5035199502525591
2089-09-19,1.491950917892284
2089-09-20,1.480484901467494
2089-09-21,1.4691207147907193
2089-09-22,1.4578572152721179
2089-09-23,1.4466932987252195
2089-09-24,1.4356278949461967
2089-09-25,1.4246599639467306
2089-09-26,1.4137884927397169
2089-09-27,1.403012492593028
2089-09-28,1.39233099667992
2089-09-29,1.3817430580659158
2089-09-30,1.3712477479813228
2089-10-01,1.3608441543364984
2089-10-02,1.3505313804435344
2089-10-03,1.3403085439136646
2089-10-04,1.3301747757043503
2089-10-05,1.3201292192939758
2089-10-06,1.3101710299654303
2089-10-07,1.300299374182661
2089-10-08,1.2905134290466729
2089-10-09,1.411454271507315
2089-10-10,1.4454177884541697
2089-10-11,1.411365717291736
2089-10-12,1.3783009512366287
2089-10-13,1.3500429707763326
2089-10-14,1.3252916242781916
2089-10-15,1.30338621875287
2089-10-16,1.2838002813548262
2089-10-17,1.2661127505548933
2089-10-18,1.2873184673630007
2089-10-19,1.3012140972478095
2089-10-20,1.3079486173528283
2089-10-21,1.3013611203423
2089-10-22,1.280777557695054
2089-10-23,1.2571453931628411
2089-10-24,1.2355053276705947
2089-10-25,1.2163353740674732
2089-10-26,1.1990834550730671
2089-10-27,1.1834082055893307
2089-10-28,1.169034475361973
2089-10-29,1.2095091519766543
2089-10-30,1.2342114552395391
2089-10-31,1.2068377528646843
2089-11-01,1.184311390099999
2089-11-02,1.1644082847901476
2089-11-03,1.146646925053737
2089-11-04,1.1306412179517789
2089-11-05,1.1160805395366573
2089-11-06,1.1027141780939738
2089-11-07,1.090339153031003
2089-11-08,1.0787906393091227
2089-11-09,1.069270199881015
2089-11-10,1.0643764034871628
2089-11-11,1.0555646226384265
2089-11-12,1.0494342749930914
2089-11-13,1.0801029785831107
2089-11-14,1.1052339131761968
2089-11-15,1.1224882921720307
2089-11-16,1.20471119077667
2089-11-17,1.2663813219070188
2089-11-18,1.282574314202539
2089-11-19,1.4662099791619434
2089-11-20,1.729459834893494
2089-11-21,1.7916190768185036
2089-11-22,1.6819095773166255
2089-11-23,1.5490671155644138
2089-11-24,1.6638421556190843
2089-11-25,1.8973536709500272
2089-11-26,2.387085442841834
2089-11-27,3.476314751374984
2089-11-28,4.052563193991974
2089-11-29,3.6778501326882744
2089-11-30,3.219314030483351
2089-12-01,2.998985417560338
2089-12-02,2.7613099507722167
2089-12-03,2.4873033402740794
2089-12-04,2.707650107834892
2089-12-05,3.5061169450439422
2089-12-06,3.9435677022420523
2089-12-07,3.5642871053616756
2089-12-08,3.058950244317284
2089-12-09,2.662176199498082
2089-12-10,2.353540457601037
2089-12-11,2.1142468281941786
2089-12-12,1.9203035950182337
2089-12-13,1.765551970573365
2089-12-14,1.6412276425422319
2089-12-15,1.5406056928099836
2089-12-16,1.4585455109767145
2089-12-17,1.3910946217963451
2089-12-18,1.3351973754468673
2089-12-19,1.2919397954690848
2089-12-20,1.3990516886250075
2089-12-21,1.7804681431384817
2089-12-22,1.933188389206958
2089-12-23,1.76819221667338
2089-12-24,1.6361517209446623
2089-12-25,1.5296697673529682
2089-12-26,1.443145249553159
2089-12-27,1.3722863610961487
2089-12-28,2.0214328787078837
2089-12-29,2.809164551163606
2089-12-30,3.327578511125662
2089-12-31,4.3094464710008324
2090-01-01,5.143728338474677
2090-01-02,5.6932100326955455
2090-01-03,5.667964769678785
2090-01-04,8.565520162670746
2090-01-05,11.051000269234974
2090-01-06,11.346088328227843
2090-01-07,15.422607397392243
2090-01-08,16.21353823874421
2090-01-09,12.501471837075721
2090-01-10,9.881222558641307
2090-01-11,7.947428883349193
2090-01-12,6.505538077401983
2090-01-13,5.420070325450172
2090-01-14,4.595501404399176
2090-01-15,4.568814707409881
2090-01-16,5.1921664397441205
2090-01-17,5.669136254221606
2090-01-18,5.474759497427311
2090-01-19,5.710883011655916
2090-01-20,6.798001335581266
2090-01-21,6.491636270876229
2090-01-22,6.386583417473083
2090-01-23,8.805743072425795
2090-01-24,11.938761747468066
2090-01-25,11.933443270983469
2090-01-26,12.207652068084506
2090-01-27,12.45935106539703
2090-01-28,9.97056240105926
2090-01-29,8.125708491664197
2090-01-30,7.719857339681763
2090-01-31,8.883392156998557
2090-02-01,9.149562846115519
2090-02-02,9.40975054039176
2090-02-03,10.03595242198878
2090-02-04,8.993992810867704
2090-02-05,7.477619575597885
2090-02-06,6.514646003744647
2090-02-07,5.703789202298448
2090-02-08,4.950571897012641
2090-02-09,4.718260727242466
2090-02-10,4.591946533239229
2090-02-11,6.147223475261073
2090-02-12,8.676863728991028
2090-02-13,9.471803463735652
2090-02-14,9.904181054238501
2090-02-15,9.07971713139832
2090-02-16,7.541158168913331
2090-02-17,6.382121539128929
2090-02-18,5.501777094543975
2090-02-19,4.826944793635753
2090-02-20,4.3050088233672765
2090-02-21,3.897762869989584
2090-02-22,3.577208743190063
2090-02-23,3.3226537767287003
2090-02-24,3.1284115229083604
2090-02-25,2.9731273916400855
2090-02-26,5.854104984274193
2090-02-27,8.917152303866816
2090-02-28,7.594941894428364
2090-03-01,6.4779701253577615
2090-03-02,5.650505036505127
2090-03-03,4.94347931807057
2090-03-04,4.3969279822334375
2090-03-05,3.9710793618157036
2090-03-06,3.636363723817183
2090-03-07,3.3709537804767877
2090-03-08,4.337940001716618
2090-03-09,6.864595267410059
2090-03-10,10.104052359948797
2090-03-11,11.96851488904371
2090-03-12,11.412070420753414
2090-03-13,10.102781117509343
2090-03-14,8.3551677260413
2090-03-15,7.032785185648706
2090-03-16,6.032359299533103
2090-03-17,7.308200275527958
2090-03-18,8.659426530103707
2090-03-19,7.355498993499566
2090-03-20,6.364036942643136
2090-03-21,7.118639818128641
2090-03-22,9.05010010323419
2090-03-23,9.577877487248701
2090-03-24,8.977925576614574
2090-03-25,8.3081296295276
2090-03-26,7.435458519149775
2090-03-27,6.375011006335936
2090-03-28,5.565431059269815
2090-03-29,4.9423385276874034
2090-03-30,4.458400700143986
2090-03-31,4.07913456404175
2090-04-01,3.779193545094641
2090-04-02,3.539791798203659
2090-04-03,3.369973699355471
2090-04-04,5.131375711052752
2090-04-05,8.367515848752639
2090-04-06,8.940095168680323
2090-04-07,7.662395586551433
2090-04-08,6.643909975807794
2090-04-09,5.920773090112237
2090-04-10,7.083821810009193
2090-04-11,8.318966257893416
2090-04-12,11.881553198988117
2090-04-13,15.330731649449964
2090-04-14,15.07010217178992
2090-04-15,15.928215853835175
2090-04-16,15.216589277340882
2090-04-17,13.842316315871281
2090-04-18,11.475811838876588
2090-04-19,9.528077668478169
2090-04-20,8.355805641645036
2090-04-21,7.521289334384349
2090-04-22,6.521528596098611
2090-04-23,6.72452203273236
2090-04-24,7.1100642845634034
2090-04-25,6.279619454557714
2090-04-26,5.56973402560449
2090-04-27,5.0196702912401046
2090-04-28,4.5898962808287695
2090-04-29,4.250943725249079
2090-04-30,3.9810647734428564
2090-05-01,3.76407994715271
2090-05-02,3.5878619207606524
2090-05-03,3.4752459712416583
2090-05-04,3.6952448024517532
2090-05-05,3.884839162075348
2090-05-06,3.734041905225201
2090-05-07,3.579193526224494
2090-05-08,3.485109441455734
2090-05-09,3.3421975833580357
2090-05-10,3.2232471945723042
2090-05-11,3.1236470323438095
2090-05-12,3.039296353678871
2090-05-13,2.967026911709663
2090-05-14,2.904378046467602
2090-05-15,2.84942915537137
2090-05-16,2.800674101136595
2090-05-17,2.7569264860225076
2090-05-18,2.7172477949142007
2090-05-19,2.680892588515478
2090-05-20,2.6472664843104092
2090-05-21,2.624781694312627
2090-05-22,2.5992754092713772
2090-05-23,3.2938230856546586
2090-05-24,4.271811268745382
2090-05-25,4.0395074905977895
2090-05-26,4.459751960278816
2090-05-27,5.14009204320737
2090-05-28,4.835649098879466
2090-05-29,4.551268669897763
2090-05-30,4.2589656077189035
2090-05-31,3.888999314507554
2090-06-01,3.5961837720763294
2090-06-02,3.6974654803941527
2090-06-03,4.418828820373838
2090-06-04,4.486393263093141
2090-06-05,4.059186712848552
2090-06-06,3.7228189738419672
2090-06-07,3.4561100040368977
2090-06-08,3.2427057376011423
2090-06-09,3.0703553068202942
2090-06-10,3.2934767480217793
2090-06-11,3.6096894894104365
2090-06-12,3.6209028719002414
2090-06-13,4.78194576886552
2090-06-14,5.760085253321628
2090-06-15,5.355189511786936
2090-06-16,4.880548962714997
2090-06-17,4.369955377756398
2090-06-18,3.950405444939768
2090-06-19,3.6285560380588238
2090-06-20,3.3730967375591443
2090-06-21,3.1615741507157598
2090-06-22,3.063596991354529
2090-06-23,2.9984101376708128
2090-06-24,2.856225453047985
2090-06-25,2.7912568693324524
2090-06-26,2.8702478591182614
2090-06-27,3.1793447530883676
2090-06-28,3.782989642981418
2090-06-29,3.8324974018973177
2090-06-30,3.5057658226271493
2090-07-01,3.2463947769305412
2090-07-02,4.215435322240653
2090-07-03,5.2842322307966025
2090-07-04,4.809845539642143
2090-07-05,4.558652195828022
2090-07-06,4.175031654201482
2090-07-07,3.9063700770505427
2090-07-08,3.9274920136832705
2090-07-09,3.78006569166141
2090-07-10,3.479559888317121
2090-07-11,4.192524468988498
2090-07-12,4.927608554195868
2090-07-13,4.349627086027947
2090-07-14,3.899761660267668
2090-07-15,3.547891083242956
2090-07-16,3.2702226134560575
2090-07-17,3.049172810697988
2090-07-18,2.871552623824508
2090-07-19,2.7274872592712014
2090-07-20,2.609517803436893
2090-07-21,2.5119478011283976
2090-07-22,2.4304110088684046
2090-07-23,2.361541571458544
2090-07-24,5.318719387762007
2090-07-25,8.91502893878768
2090-07-26,7.412926659752942
2090-07-27,6.240851860463137
2090-07-28,5.351232216512252
2090-07-29,4.669971878804425
2090-07-30,4.143676575754052
2090-07-31,3.7335854504249233
2090-08-01,3.411301698629032
2090-08-02,3.15584371496846
2090-08-03,2.95158553845282
2090-08-04,2.7868034643525417
2090-08-05,2.652640490102216
2090-08-06,2.5423618026561288
2090-08-07,2.595878398161122
2090-08-08,2.651143725912324
2090-08-09,2.5350125854776753
2090-08-10,2.4381840777534696
2090-08-11,2.3573400323446685
2090-08-12,2.2891309928239902
2090-08-13,2.2309589389929134
2090-08-14,2.1807985956469964
2090-08-15,2.137063669129436
2090-08-16,2.098506099439999
2090-08-17,2.1495955780427938
2090-08-18,2.2034434933922387
2090-08-19,2.146613689325552
2090-08-20,2.112988783179936
2090-08-21,2.0947714782884588
2090-08-22,2.3845028941703053
2090-08-23,2.721392824995894
2090-08-24,2.556827255964421
2090-08-25,2.4197028440623667
2090-08-26,2.6229485182501038
2090-08-27,3.6958947837905582
2090-08-28,5.4476994760691255
2090-08-29,6.029845705281043
2090-08-30,5.129357223702864
2090-08-31,4.434177374256956
2090-09-01,3.8989162839943514
2090-09-02,3.5647297587420645
2090-09-03,3.3214012471355203
2090-09-04,3.156378823275658
2090-09-05,3.098798117555166
2090-09-06,3.6372010339334575
2090-09-07,4.501250087000844
2090-09-08,4.417832215317635
2090-09-09,3.9610883596196693
2090-09-10,3.5419251298554695
2090-09-11,3.2035243025002287
2090-09-12,2.9365315850300475
2090-09-13,3.536347761878375
2090-09-14,4.171131215732451
2090-09-15,3.694150478968412
2090-09-16,3.3209188423451117
2090-09-17,3.0274405468011665
2090-09-18,2.794736703914077
2090-09-19,2.6086546593966524
2090-09-20,2.4585624855263952
2090-09-21,2.907533552418426
2090-09-22,3.7502490456531294
2090-09-23,3.7966781542091907
2090-09-24,3.6691494121372865
2090-09-25,3.4672355010948697
2090-09-26,3.2051190420114075
2090-09-27,3.03379709642639
2090-09-28,2.791419033932898
2090-09-29,3.1679081141406136
2090-09-30,3.5684961508401947
2090-10-01,3.211255569672866
2090-10-02,2.9297507479709215
2090-10-03,2.7063773656221612
2090-10-04,2.527630189465097
2090-10-05,2.3833555161328506
2090-10-06,2.2690001056643236
2090-10-07,2.3812816643176125
2090-10-08,2.5289942659645264
2090-10-09,2.4235906516403127
2090-10-10,2.3014612621745143
2090-10-11,2.192289553658613
2090-10-12,2.102279530556905
2090-10-13,2.0273753820364737
2090-10-14,1.9644228365780994
2090-10-15,1.9109717759897287
2090-10-16,2.1300186587055756
2090-10-17,2.408737820831492
2090-10-18,2.272825028067077
2090-10-19,2.155474623104039
2090-10-20,2.05888158988662
2090-10-21,2.1561246793315934
2090-10-22,2.288155260544112
2090-10-23,2.1614130813836847
2090-10-24,2.0579512871024996
2090-10-25,1.9726257593501668
2090-10-26,1.9016011260814238
2090-10-27,1.8419077677158107
2090-10-28,1.7912347590267037
2090-10-29,1.7477751488550417
2090-10-30,1.7101096334527888
2090-10-31,1.6771185838372193
2090-11-01,1.7210033218084764
2090-11-02,1.9440614085573846
2090-11-03,2.064610130518069
2090-11-04,1.9943697373238523
2090-11-05,2.648566934430024
2090-11-06,3.6744556805299475
2090-11-07,4.213980921458819
2090-11-08,5.714557384034214
2090-11-09,9.826006425664936
2090-11-10,12.914847520371268
2090-11-11,11.343161226348888
2090-11-12,9.095815940708315
2090-11-13,8.04318858462152
2090-11-14,7.3258695074816265
2090-11-15,7.752417973769788
2090-11-16,8.931066868846326
2090-11-17,8.757060846286025
2090-11-18,8.1959200047763
2090-11-19,11.126353309790623
2090-11-20,13.242991602911077
2090-11-21,12.733758028243654
2090-11-22,13.729910942611582
2090-11-23,14.373600224481692
2090-11-24,15.45644418955803
2090-11-25,15.925403765671867
2090-11-26,14.821199887663807
2090-11-27,12.880960615230258
2090-11-28,11.240983050298304
2090-11-29,9.17078967543493
2090-11-30,10.636285051049784
2090-12-01,12.299511835339787
2090-12-02,10.165683144516992
2090-12-03,9.305726452069285
2090-12-04,8.779726000864521
2090-12-05,7.367683127952788
2090-12-06,6.606490339077253
2090-12-07,6.330318404361815
2090-12-08,5.736884029828285
2090-12-09,5.055552939468247
2090-12-10,4.5278913113513175
2090-12-11,4.11581719534546
2090-12-12,4.071294760083822
2090-12-13,4.1101759901528085
2090-12-14,3.78369406804276
2090-12-15,6.179233522846778
2090-12-16,8.828410880290429
2090-12-17,7.681230928640396
2090-12-18,6.536631485647628
2090-12-19,5.666715177563016
2090-12-20,4.999633221717038
2090-12-21,4.483369364773159
2090-12-22,4.080185965763536
2090-12-23,3.7624485180043323
2090-12-24,3.5097455213854527
2090-12-25,3.306879158470186
2090-12-26,3.142448642565292
2090-12-27,3.007841586541913
2090-12-28,2.8965092802996595
2090-12-29,2.803441491734452
2090-12-30,3.1541409556660387
2090-12-31,4.3422893894235
2091-01-01,10.700468156918975
2091-01-02,19.679002523476182
2091-01-03,21.997165321984756
2091-01-04,21.250295174187816
2091-01-05,19.207081895072132
2091-01-06,15.621943518463512
2091-01-07,12.519794960705623
2091-01-08,10.237494889624072
2091-01-09,8.540459315435426
2091-01-10,7.265543400562435
2091-01-11,6.2983021299450295
2091-01-12,5.943069679297737
2091-01-13,6.0531926241258205
2091-01-14,6.967109540508159
2091-01-15,7.460634800064515
2091-01-16,7.430373242336849
2091-01-17,9.50102442155587
2091-01-18,10.101987748133554
2091-01-19,8.459362138357736
2091-01-20,7.221392964362065
2091-01-21,6.604986337248051
2091-01-22,6.215957706927189
2091-01-23,5.510809081999683
2091-01-24,4.964203887889591
2091-01-25,4.536980463142625
2091-01-26,4.199956229483863
2091-01-27,3.931574638676199
2091-01-28,3.715785664109529
2091-01-29,3.5405504394261516
2091-01-30,3.3967760477647726
2091-01-31,3.2775498718788296
2091-02-01,3.1775846063590527
2091-02-02,3.1561978975568157
2091-02-03,3.8221382240729276
2091-02-04,5.428420923561557
2091-02-05,6.278862640681608
2091-02-06,5.846112778994178
2091-02-07,5.205990334227128
2091-02-08,5.372909631920881
2091-02-09,9.469696565244867
2091-02-10,12.559147591788467
2091-02-11,12.26072196892892
2091-02-12,11.735341130160164
2091-02-13,10.028574897651772
2091-02-14,8.822900302728142
2091-02-15,9.86507279853969
2091-02-16,13.665606973104275
2091-02-17,15.622874215559316
2091-02-18,15.081729656664669
2091-02-19,13.05838823800233
2091-02-20,12.88234865062737
2091-02-21,15.691588654710863
2091-02-22,18.19741635914846
2091-02-23,17.20438937781329
2091-02-24,13.794571617653949
2091-02-25,11.299662083870254
2091-02-26,9.450026317362292
2091-02-27,8.064003135816474
2091-02-28,7.014728673887574
2091-03-01,6.212518941465746
2091-03-02,5.5932597203858805
2091-03-03,5.110641364011978
2091-03-04,4.730894212901381
2091-03-05,4.429174437399068
2091-03-06,4.187054042654098
2091-03-07,3.9907588978958493
2091-03-08,3.8299194533434613
2091-03-09,3.6966766751878044
2091-03-10,3.5850365965765807
2091-03-11,3.490400528577196
2091-03-12,3.4092204904108065
2091-03-13,3.3387446500533553
2091-03-14,3.2768279765958765
2091-03-15,4.000827420947505
2091-03-16,4.928853213695199
2091-03-17,4.613711157050495
2091-03-18,4.2839382039972
2091-03-19,4.020571269434577
2091-03-20,3.8084862809790203
2091-03-21,3.6359588432883228
2091-03-22,3.6319524005499493
2091-03-23,3.680577841240595
2091-03-24,3.523545694334534
2091-03-25,3.3932941978721622
2091-03-26,5.049007111106504
2091-03-27,7.226331128506346
2091-03-28,6.828304022239938
2091-03-29,5.995907203865201
2091-03-30,5.328289864560002
2091-03-31,4.810600639983099
2091-04-01,4.722372372295497
2091-04-02,4.732315855085912
2091-04-03,4.341460235875588
2091-04-04,4.031042674357243
2091-04-05,4.061983031237946
2091-04-06,4.169908502644669
2091-04-07,3.8895027871166303
2091-04-08,3.66369660623567
2091-04-09,3.4810063340153743
2091-04-10,3.33170310421797
2091-04-11,3.2084053398339507
2091-04-12,3.105477345722692
2091-04-13,3.0185910231242215
2091-04-14,2.94440401929438
2091-04-15,2.88055927372422
2091-04-16,3.000801650496678
2091-04-17,3.770588674322733
2091-04-18,4.293584007180553
2091-04-19,3.956658496546582
2091-04-20,3.6790400932774205
2091-04-21,3.45626141902601
2091-04-22,3.276316492929244
2091-04-23,3.1295421110461152
2091-04-24,3.0086049921888365
2091-04-25,2.9079052718676004
2091-04-26,2.823141652588697
2091-04-27,2.750991985819836
2091-04-28,2.6888769614400183
2091-04-29,2.6347840990570046
2091-04-30,2.6773594203433384
2091-05-01,2.7286758615581976
2091-05-02,2.6589838790436793
2091-05-03,2.5984335324963372
2091-05-04,2.5457455204260095
2091-05-05,2.4993746170423363
2091-05-06,2.458103730564269
2091-05-07,2.7256638851111124
2091-05-08,3.2900427459334467
2091-05-09,3.4810723802191337
2091-05-10,3.39721030536449
2091-05-11,3.170462427713041
2091-05-12,2.987978595984364
2091-05-13,2.8399304113938686
2091-05-14,2.7186538354284835
2091-05-15,2.6183081392811025
2091-05-16,2.5344152645049074
2091-05-17,2.4635224038948507
2091-05-18,2.4130495042039537
2091-05-19,2.3670531438736604
2091-05-20,2.318600230183123
2091-05-21,2.843912964425458
2091-05-22,3.42925377339612
2091-05-23,3.1649987936549238
2091-05-24,2.9537726913255784
2091-05-25,2.8006830829358993
2091-05-26,2.6663333532512428
2091-05-27,2.549126694975792
2091-05-28,2.452258235734396
2091-05-29,2.4580460352895703
2091-05-30,2.4733419649827435
2091-05-31,2.38450179168947
2091-06-01,2.3209722596668048
2091-06-02,2.260051414626121
2091-06-03,2.2878140866709646
2091-06-04,2.4310818354805703
2091-06-05,2.6635589045962913
2091-06-06,2.9134606621140757
2091-06-07,3.5762651976025626
2091-06-08,4.007009518067657
2091-06-09,3.5806376777348183
2091-06-10,3.890242245025696
2091-06-11,4.3604019413944926
2091-06-12,4.57578901393179
2091-06-13,5.394644732049361
2091-06-14,5.41223964894307
2091-06-15,4.693215346535147
2091-06-16,4.121179078948118
2091-06-17,3.6773754280583675
2091-06-18,3.3301433669411526
2091-06-19,3.23472693867984
2091-06-20,3.726619388410482
2091-06-21,3.863846177825535
2091-06-22,3.5108666631780774
2091-06-23,4.4266752721152
2091-06-24,5.4084943994854155
2091-06-25,4.817954208973526
2091-06-26,4.676597275924981
2091-06-27,4.749732809894868
2091-06-28,4.1735720533414105
2091-06-29,3.7194927939968334
2091-06-30,3.3646762037380373
2091-07-01,3.0850588656322695
2091-07-02,2.8628144924345413
2091-07-03,2.6846332620736733
2091-07-04,2.5416287054254245
2091-07-05,2.424292564841104
2091-07-06,2.3270510400671625
2091-07-07,2.2461326744620806
2091-07-08,2.1781076343240997
2091-07-09,2.120317199127117
2091-07-10,2.0706899598280373
2091-07-11,2.0276043498674396
2091-07-12,1.9897851893366407
2091-07-13,1.956225368190102
2091-07-14,1.9261262291947887
2091-07-15,1.8988519455382669
2091-07-16,1.8738944324858267
2091-07-17,1.8508462318315315
2091-07-18,1.8293794622149064
2091-07-19,1.8092294074825885
2091-07-20,1.790181668225259
2091-07-21,1.772068707702089
2091-07-22,1.7547373732111788
2091-07-23,1.7380899911409833
2091-07-24,1.7220075437377966
2091-07-25,1.7468064201949887
2091-07-26,1.7829025996022587
2091-07-27,1.756076640648656
2091-07-28,1.7296157297575352
2091-07-29,1.856517893219537
2091-07-30,1.9902367716764287
2091-07-31,1.9155358944612937
2091-08-01,1.8539139014124977
2091-08-02,1.8018112423442523
2091-08-03,1.7572949698888847
2091-08-04,1.7188527851315003
2091-08-05,1.6852960639198304
2091-08-06,1.6556865122988367
2091-08-07,1.6292803797068796
2091-08-08,1.6054857992880656
2091-08-09,1.5838300003360286
2091-08-10,1.5639339863750503
2091-08-11,1.545492888939853
2091-08-12,1.5282606580481168
2091-08-13,1.5120380822015242
2091-08-14,1.4966633763943034
2091-08-15,1.482004759467005
2091-08-16,1.4679545789966493
2091-08-17,1.4544246448632923
2091-08-18,1.4413425104581743
2091-08-19,1.4286484996083058
2091-08-20,1.4162933223902237
2091-08-21,1.446575273877362
2091-08-22,1.661725551302376
2091-08-23,1.7822824225119014
2091-08-24,1.7021367146746351
2091-08-25,1.6351995501347076
2091-08-26,1.5793671626330947
2091-08-27,1.5323455122073142
2091-08-28,1.492345364119882
2091-08-29,1.457966493547051
2091-08-30,1.4281080608386285
2091-08-31,1.4019008207105565
2091-09-01,1.3786555540698693
2091-09-02,1.3578236285158587
2091-09-03,1.3389666803767513
2091-09-04,1.3217331952564881
2091-09-05,1.3058403336996072
2091-09-06,1.2910597651192057
2091-09-07,1.2772341516645755
2091-09-08,1.2641685707735084
2091-09-09,1.251741569645877
2091-09-10,1.2398704020218083
2091-09-11,1.228472971725749
2091-09-12,1.2174818365905098
2091-09-13,1.3065583207164517
2091-09-14,1.3795931975131601
2091-09-15,1.3396912989250274
2091-09-16,1.3063031588919989
2091-09-17,1.2768936065021534
2091-09-18,1.2513011553129316
2091-09-19,1.2288001646233098
2091-09-20,1.2739218581141158
2091-09-21,1.3223997345869385
2091-09-22,1.283555756468938
2091-09-23,1.2510173062865808
2091-09-24,1.2229746305760234
2091-09-25,1.1996123755151642
2091-09-26,1.1990407854434377
2091-09-27,1.2243649780513908
2091-09-28,1.3836944360310666
2091-09-29,1.9864304636682275
2091-09-30,2.3928072045953197
2091-10-01,2.5669160132982856
2091-10-02,4.1724817975802395
2091-10-03,5.268082091448326
2091-10-04,4.366863584100387
2091-10-05,3.7013067880927175
2091-10-06,3.8111441838659235
2091-10-07,3.9476709820826534
2091-10-08,3.4254630732805347
2091-10-09,3.1024968738404177
2091-10-10,2.968546885679793
2091-10-11,2.6680329678770356
2091-10-12,2.3743835965017066
2091-10-13,2.143032240612298
2091-10-14,2.21049632177284
2091-10-15,2.5902379919473324
2091-10-16,2.6081971151520484
2091-10-17,2.3421564347106862
2091-10-18,2.1383998629989
2091-10-19,1.9807242187811893
2091-10-20,1.9769092040867433
2091-10-21,1.9271373129897562
2091-10-22,1.7868426147030514
2091-10-23,1.6736625483381955
2091-10-24,1.5816192357768915
2091-10-25,1.5968436425555226
2091-10-26,2.73782133448297
2091-10-27,3.8460477805813
2091-10-28,4.6159291355298055
2091-10-29,5.878153844079468
2091-10-30,5.631418519651253
2091-10-31,5.168651737623948
2091-11-01,5.223153092670365
2091-11-02,4.80219604816332
2091-11-03,4.165222987828962
2091-11-04,3.565837942715952
2091-11-05,3.1030677678939127
2091-11-06,4.211396193538493
2091-11-07,5.72105133526775
2091-11-08,5.563012587308754
2091-11-09,5.5863040439863445
2091-11-10,5.253552535666839
2091-11-11,4.56173231530667
2091-11-12,4.198337602603946
2091-11-13,3.717660089082912
2091-11-14,3.6612202997781083
2091-11-15,3.688103839523292
2091-11-16,5.678946295727223
2091-11-17,10.949099350811855
2091-11-18,12.366955599471313
2091-11-19,9.801393521265295
2091-11-20,7.9027801902975385
2091-11-21,6.487023404514473
2091-11-22,5.421044934380833
2091-11-23,4.61105728452072
2091-11-24,4.082227106258259
2091-11-25,3.8313412074034403
2091-11-26,4.765930901627375
2091-11-27,5.635089526621809
2091-11-28,5.417692447010482
2091-11-29,5.142947721955694
2091-11-30,4.982897626366875
2091-12-01,6.286642066776093
2091-12-02,6.6892823686508835
2091-12-03,6.014985969591668
2091-12-04,5.565404954373755
2091-12-05,4.75339935792977
2091-12-06,4.13012806070489
2091-12-07,3.777820243958814
2091-12-08,4.898021410489715
2091-12-09,5.70950789563546
2091-12-10,5.770286971920792
2091-12-11,8.011872700623886
2091-12-12,9.234630351319355
2091-12-13,8.245655041459715
2091-12-14,8.63975754130841
2091-12-15,8.88200048168129
2091-12-16,8.011803551347239
2091-12-17,7.159683388896199
2091-12-18,7.390233940855173
2091-12-19,8.340635908683213
2091-12-20,14.332660371313496
2091-12-21,19.605920180507624
2091-12-22,15.490978091383438
2091-12-23,12.491733780682068
2091-12-24,10.33500782963345
2091-12-25,10.496325102592559
2091-12-26,11.029537046188503
2091-12-27,11.436912126054795
2091-12-28,11.630373914598003
2091-12-29,11.956060217861415
2091-12-30,16.670984476285827
2091-12-31,19.373671318947256
2092-01-01,17.237534120847197
2092-01-02,14.1316735614865
2092-01-03,14.399646440315829
2092-01-04,16.53493426332736
2092-01-05,16.570206506756744
2092-01-06,25.152811610952995
2092-01-07,34.79235841915463
2092-01-08,28.70660048452044
2092-01-09,21.718645541672142
2092-01-10,17.354357581518837
2092-01-11,13.921037510224531
2092-01-12,11.40174568084052
2092-01-13,14.438735402639823
2092-01-14,21.173716881070284
2092-01-15,28.55442566698514
2092-01-16,28.29413940797419
2092-01-17,20.321066514403974
2092-01-18,18.85619461326961
2092-01-19,18.327261043674348
2092-01-20,19.21831380971789
2092-01-21,21.798178522190597
2092-01-22,24.689855663454342
2092-01-23,27.47540525575272
2092-01-24,28.44084681444284
2092-01-25,26.474989900875006
2092-01-26,21.35779713801035
2092-01-27,18.19809860181211
2092-01-28,15.862341319285889
2092-01-29,14.203118326393144
2092-01-30,12.097623427302514
2092-01-31,11.429380250503108
2092-02-01,11.052075549321742
2092-02-02,10.820820898236105
2092-02-03,12.246244968357045
2092-02-04,12.229910678319053
2092-02-05,14.538130365641841
2092-02-06,18.037293926393343
2092-02-07,16.8495441280296
2092-02-08,14.102464080509465
2092-02-09,12.42517813984316
2092-02-10,11.245289845625114
2092-02-11,9.69956484293922
2092-02-12,9.959319853008536
2092-02-13,10.282756406101013
2092-02-14,11.061357487781187
2092-02-15,12.613348512152522
2092-02-16,11.710664431465204
2092-02-17,10.243055398239566
2092-02-18,8.945937720257772
2092-02-19,7.9579704638418365
2092-02-20,10.237223290992654
2092-02-21,12.336221296235289
2092-02-22,11.202287265116823
2092-02-23,10.417937804199248
2092-02-24,9.73313485671995
2092-02-25,10.547598443969187
2092-02-26,12.286950539572414
2092-02-27,13.347971890805866
2092-02-28,12.346629354741895
2092-02-29,11.931305244724703
2092-03-01,12.323530182182859
2092-03-02,11.738247623913807
2092-03-03,10.800046823879237
2092-03-04,12.60808458565297
2092-03-05,18.39681939229151
2092-03-06,23.639883395594143
2092-03-07,22.497019543138297
2092-03-08,18.157991776661515
2092-03-09,15.645691730489055
2092-03-10,13.865471751320923
2092-03-11,11.730443985801491
2092-03-12,10.261567811415885
2092-03-13,9.470647750636797
2092-03-14,10.875734767991704
2092-03-15,19.76068815123148
2092-03-16,26.479837849870098
2092-03-17,21.444576424687735
2092-03-18,17.28068509797127
2092-03-19,16.06359898295982
2092-03-20,16.190406281625943
2092-03-21,15.404371196020934
2092-03-22,13.948132970152642
2092-03-23,11.851015947224257
2092-03-24,10.279730335011001
2092-03-25,9.091035963284831
2092-03-26,8.182098416026681
2092-03-27,7.479681114370769
2092-03-28,6.931072301668389
2092-03-29,6.497960728098843
2092-03-30,6.152248501102572
2092-03-31,5.873154318258248
2092-04-01,8.239113205327637
2092-04-02,12.7659257527422
2092-04-03,14.953447794718434
2092-04-04,15.0525872198457
2092-04-05,13.22053251695907
2092-04-06,11.447411924322445
2092-04-07,10.149650546669548
2092-04-08,8.975792119072587
2092-04-09,8.11384493446434
2092-04-10,7.40368166510061
2092-04-11,6.975335215164751
2092-04-12,6.650798869952436
2092-04-13,6.244751088258077
2092-04-14,5.9191094142709
2092-04-15,7.137771261884816
2092-04-16,8.379850228056522
2092-04-17,7.585196514682349
2092-04-18,6.988482566476404
2092-04-19,6.480113010879953
2092-04-20,6.075787333657577
2092-04-21,5.752875772758624
2092-04-22,5.492069205079422
2092-04-23,5.27896395863175
2092-04-24,5.1354513235754
2092-04-25,5.100074968968918
2092-04-26,7.516408693446285
2092-04-27,12.025563494154419
2092-04-28,12.647613623601044
2092-04-29,10.751646475696944
2092-04-30,9.308095751658172
2092-05-01,8.214477789700647
2092-05-02,7.377276614293191
2092-05-03,6.729740926529924
2092-05-04,6.223723494533856
2092-05-05,5.8241593497666315
2092-05-06,5.537675110395244
2092-05-07,5.379388183199208
2092-05-08,5.458712040493545
2092-05-09,5.699957442692799
2092-05-10,5.437871040881824
2092-05-11,5.173971082879626
2092-05-12,4.958875051830831
2092-05-13,4.781849993035301
2092-05-14,4.634401202920933
2092-05-15,4.563689246605578
2092-05-16,4.486470660633934
2092-05-17,4.37983037200208
2092-05-18,4.287320851559414
2092-05-19,4.206434345532474
2092-05-20,4.134833011341816
2092-05-21,4.070749127513463
2092-05-22,4.085897626203815
2092-05-23,4.337715576016525
2092-05-24,5.05197171262648
2092-05-25,6.419282770561235
2092-05-26,8.608839352695862
2092-05-27,9.376060038565397
2092-05-28,8.14398001295899
2092-05-29,7.246210950730712
2092-05-30,6.524580490276398
2092-05-31,5.929274324614185
2092-06-01,5.464230169782554
2092-06-02,5.0975431056021865
2092-06-03,4.805402568903898
2092-06-04,4.570170139500546
2092-06-05,4.378676381899235
2092-06-06,4.221016127709732
2092-06-07,4.1168827677486455
2092-06-08,4.011521396834524
2092-06-09,3.91097845747355
2092-06-10,3.8717603500456037
2092-06-11,3.8254273789455717
2092-06-12,3.7459053284252466
2092-06-13,3.675857248474861
2092-06-14,3.613822484036565
2092-06-15,3.558234445659058
2092-06-16,3.5078610288269765
2092-06-17,3.461728937182675
2092-06-18,3.4190660955608454
2092-06-19,3.3792575940931777
2092-06-20,3.797371123902485
2092-06-21,4.369286146951224
2092-06-22,4.213850159558153
2092-06-23,4.006434963464947
2092-06-24,3.836924113540618
2092-06-25,3.697390267972173
2092-06-26,3.647660686577133
2092-06-27,3.6035738048287786
2092-06-28,3.4981222106583996
2092-06-29,3.8114657944344326
2092-06-30,4.449968151236731
2092-07-01,4.663275775986911
2092-07-02,4.5536626211932445
2092-07-03,4.236472397983115
2092-07-04,3.9836961545061524
2092-07-05,3.7808384033719578
2092-07-06,6.313467374157025
2092-07-07,10.193416632122963
2092-07-08,9.665205094925264
2092-07-09,8.149912022489804
2092-07-10,7.007466108200457
2092-07-11,8.595117123259664
2092-07-12,10.777039573592184
2092-07-13,9.597185327298122
2092-07-14,8.154670584698103
2092-07-15,7.042641508746683
2092-07-16,6.44914121386022
2092-07-17,6.112174961002988
2092-07-18,5.517638524800419
2092-07-19,5.015795541565317
2092-07-20,4.745742608839062
2092-07-21,4.487994268627951
2092-07-22,4.192349735720426
2092-07-23,3.954944148852191
2092-07-24,3.7629551956864127
2092-07-25,3.6060908014923148
2092-07-26,3.4765530156470397
2092-07-27,3.368396166909165
2092-07-28,3.350870701299869
2092-07-29,3.3803070744264567
2092-07-30,3.2921476229277467
2092-07-31,3.204261210781093
2092-08-01,3.1290867703866803
2092-08-02,3.0640216711789083
2092-08-03,3.007037280834293
2092-08-04,2.9565448006856987
2092-08-05,2.911294248987232
2092-08-06,2.8702979564377684
2092-08-07,2.8327723041652786
2092-08-08,2.798093120489291
2092-08-09,2.76576136342695
2092-08-10,2.735376591304123
2092-08-11,2.7066163610608704
2092-08-12,2.6792201606587405
2092-08-13,2.652976826056341
2092-08-14,2.627714648271103
2092-08-15,2.6856416740095987
2092-08-16,2.7658157672203525
2092-08-17,2.7123821281490694
2092-08-18,2.7803783405192064
2092-08-19,2.8694062723017097
2092-08-20,2.9221271088053875
2092-08-21,3.10024997033226
2092-08-22,3.0857794032565073
2092-08-23,2.9625319720459635
2092-08-24,3.078626897879582
2092-08-25,3.2276379631507695
2092-08-26,3.0697530814462213
2092-08-27,2.9315417025531727
2092-08-28,2.8178514096125036
2092-08-29,2.7234055096397913
2092-08-30,2.645823089282473
2092-08-31,2.578957616735361
2092-09-01,2.520711715022521
2092-09-02,2.4701345404757977
2092-09-03,2.425709357643999
2092-09-04,2.386243536345631
2092-09-05,2.356982890887238
2092-09-06,2.3322924193843915
2092-09-07,2.3006775702313793
2092-09-08,2.2715513430188072
2092-09-09,2.2445830003614824
2092-09-10,2.2193993540276327
2092-09-11,2.195699991921509
2092-09-12,2.17324227605732
2092-09-13,2.151829596992783
2092-09-14,2.1643412676967304
2092-09-15,2.181519549464817
2092-09-16,2.1708320154035388
2092-09-17,3.520929258550188
2092-09-18,5.116967877513384
2092-09-19,4.481918878737249
2092-09-20,4.386882502804393
2092-09-21,4.857336159833724
2092-09-22,4.84728634665592
2092-09-23,5.045513533968632
2092-09-24,5.223414106539375
2092-09-25,4.605388782390441
2092-09-26,4.077008711526514
2092-09-27,3.665926291417937
2092-09-28,3.3663455527753787
2092-09-29,3.134387312836125
2092-09-30,2.921585644072458
2092-10-01,2.7502677752353937
2092-10-02,2.7263256152750706
2092-10-03,2.7542574332616243
2092-10-04,2.68087862225562
2092-10-05,2.633602662112484
2092-10-06,2.5106905108001603
2092-10-07,2.4405028000060045
2092-10-08,2.415434885781537
2092-10-09,2.5071707734403454
2092-10-10,2.6152046199593593
2092-10-11,2.4854246921999814
2092-10-12,2.3791519265494205
2092-10-13,2.295797989447976
2092-10-14,2.234695858172184
2092-10-15,2.2431198104241914
2092-10-16,2.2810547784261064
2092-10-17,2.203708614952892
2092-10-18,2.1382373024528145
2092-10-19,2.3810837731931778
2092-10-20,4.161555159014889
2092-10-21,5.454945076122538
2092-10-22,4.711800466499769
2092-10-23,4.115120050450595
2092-10-24,4.188083934733456
2092-10-25,5.19203162043505
2092-10-26,5.510595311652724
2092-10-27,5.347525760142193
2092-10-28,5.325963574664816
2092-10-29,4.6809744847628725
2092-10-30,4.102292583795344
2092-10-31,3.653689503265683
2092-11-01,3.3030944588457998
2092-11-02,3.0268013410404584
2092-11-03,2.8072323775145858
2092-11-04,2.6312524706843745
2092-11-05,2.488975079372606
2092-11-06,2.3729082557022037
2092-11-07,2.2773385124111516
2092-11-08,2.197882585782471
2092-11-09,3.0020518813219805
2092-11-10,3.8622231987888025
2092-11-11,3.4525603855185705
2092-11-12,3.458821192065539
2092-11-13,3.561395697885432
2092-11-14,3.2314923059617047
2092-11-15,3.9091924135030625
2092-11-16,4.7897877985048
2092-11-17,4.818416971002024
2092-11-18,6.3157733892558285
2092-11-19,9.351070201778741
2092-11-20,10.007001909702682
2092-11-21,9.255500069243801
2092-11-22,10.270903097896278
2092-11-23,9.943081297471812
2092-11-24,8.157801629505872
2092-11-25,6.98470174087408
2092-11-26,6.161071245358696
2092-11-27,5.281878249203296
2092-11-28,4.608140904088779
2092-11-29,4.087643840700396
2092-11-30,3.6820901655070473
2092-12-01,3.400690632237968
2092-12-02,4.684795679023916
2092-12-03,5.796446594801053
2092-12-04,6.061998978986786
2092-12-05,8.728617801516826
2092-12-06,11.107856850144481
2092-12-07,15.85373514604253
2092-12-08,18.799789682720785
2092-12-09,15.25572794022654
2092-12-10,16.88993713020459
2092-12-11,19.074086757484817
2092-12-12,16.022399856448764
2092-12-13,17.37846901041205
2092-12-14,19.137412042579438
2092-12-15,16.425379427791945
2092-12-16,16.926980575239206
2092-12-17,20.660159025281803
2092-12-18,21.15374869337848
2092-12-19,16.909817591637445
2092-12-20,13.960475408027143
2092-12-21,11.886531303494998
2092-12-22,9.830139959154055
2092-12-23,9.18555239840084
2092-12-24,9.115473787901951
2092-12-25,8.565765965359235
2092-12-26,7.892709465484756
2092-12-27,6.839086685753318
2092-12-28,6.0332090437803325
2092-12-29,5.411539624949168
2092-12-30,4.927481800463174
2092-12-31,5.264293560905718
2093-01-01,5.676944757225577
2093-01-02,5.192852056041888
2093-01-03,5.317593817724914
2093-01-04,5.3208420881981064
2093-01-05,4.845864660859404
2093-01-06,8.790350435247918
2093-01-07,14.46330003073045
2093-01-08,15.639387707501557
2093-01-09,19.89391248981459
2093-01-10,28.652986852467105
2093-01-11,27.68381258495233
2093-01-12,20.82671561191494
2093-01-13,17.275108727804344
2093-01-14,13.925030408036683
2093-01-15,11.463468917741578
2093-01-16,10.419419304557193
2093-01-17,18.042914830776596
2093-01-18,36.61326655203578
2093-01-19,37.77301423332303
2093-01-20,28.23955758162822
2093-01-21,23.073043251759458
2093-01-22,18.253692463054026
2093-01-23,16.835263963651663
2093-01-24,16.904927205089766
2093-01-25,15.020832446263734
2093-01-26,12.729178720540418
2093-01-27,13.520965725720943
2093-01-28,14.99576007162311
2093-01-29,13.22953821662916
2093-01-30,17.00288037198958
2093-01-31,21.33454606001362
2093-02-01,17.962445318203365
2093-02-02,17.24321629765259
2093-02-03,17.2247773648954
2093-02-04,14.457193750271403
2093-02-05,12.881553340632195
2093-02-06,12.499301638761002
2093-02-07,15.669957030651608
2093-02-08,19.4118218886623
2093-02-09,17.606758520713687
2093-02-10,14.445949924834478
2093-02-11,12.114738245602956
2093-02-12,10.377843509591852
2093-02-13,9.069567285956117
2093-02-14,8.594553111176959
2093-02-15,8.307469417795437
2093-02-16,7.485543458924131
2093-02-17,6.847742027476616
2093-02-18,6.556890562680782
2093-02-19,6.397847475158376
2093-02-20,7.805730241108681
2093-02-21,18.981657947360933
2093-02-22,26.931191058275086
2093-02-23,20.1498030600486
2093-02-24,16.277965823877917
2093-02-25,14.866522498285612
2093-02-26,20.879395608050025
2093-02-27,27.116390391278035
2093-02-28,25.910409312655307
2093-03-01,23.793103701828418
2093-03-02,19.942481761403318
2093-03-03,17.092627308317272
2093-03-04,15.829968054927628
2093-03-05,14.3061807938383
2093-03-06,17.712334088212266
2093-03-07,26.558481699375786
2093-03-08,27.68428675547874
2093-03-09,24.050593097054172
2093-03-10,23.98282713776015
2093-03-11,22.110213029190465
2093-03-12,18.621652555045713
2093-03-13,15.877914377201394
2093-03-14,14.172881748031408
2093-03-15,12.980613898534196
2093-03-16,11.219207512922877
2093-03-17,9.889042119669446
2093-03-18,8.875069056643957
2093-03-19,8.093825613866056
2093-03-20,8.64213476294277
2093-03-21,11.08427117535195
2093-03-22,19.899078957166527
2093-03-23,28.343511540423076
2093-03-24,24.06422407066555
2093-03-25,19.839448437558993
2093-03-26,18.34252724534612
2093-03-27,17.83365880978579
2093-03-28,17.246343217480756
2093-03-29,16.401559326386675
2093-03-30,14.026077487243853
2093-03-31,12.041242808252202
2093-04-01,12.225685200187698
2093-04-02,15.694100506559444
2093-04-03,17.313173263230684
2093-04-04,24.108053750713538
2093-04-05,34.45468622536134
2093-04-06,28.965325819667196
2093-04-07,21.851384967011153
2093-04-08,17.867879630525664
2093-04-09,14.959829089795718
2093-04-10,12.806597878730214
2093-04-11,11.193817180840831
2093-04-12,11.585845839652059
2093-04-13,12.234685639579306
2093-04-14,11.643950469077417
2093-04-15,11.374777431535895
2093-04-16,10.138823283840672
2093-04-17,9.247674240448694
2093-04-18,9.36202738080618
2093-04-19,9.725431303724353
2093-04-20,9.604620380091392
2093-04-21,9.0131357385623
2093-04-22,8.677135097786628
2093-04-23,8.851452144516026
2093-04-24,8.93952668962771
2093-04-25,8.598391556223175
2093-04-26,8.07296097270542
2093-04-27,7.6536416630974236
2093-04-28,7.180039959006272
2093-04-29,6.8014292974066555
2093-04-30,6.496226771293126
2093-05-01,6.247237771822306
2093-05-02,6.041582831055348
2093-05-03,6.062154944424997
2093-05-04,9.834252389440945
2093-05-05,16.28185221444912
2093-05-06,16.92644453651308
2093-05-07,14.78292698436483
2093-05-08,13.427593356815082
2093-05-09,14.353325044276133
2093-05-10,16.75832385640328
2093-05-11,15.314997082861638
2093-05-12,12.949975044408689
2093-05-13,11.185044641786886
2093-05-14,9.85496428644925
2093-05-15,8.841640925735808
2093-05-16,8.0613242185612
2093-05-17,7.4539698728261925
2093-05-18,7.3051256542601015
2093-05-19,7.213707129250101
2093-05-20,6.777635436658659
2093-05-21,6.427584401244904
2093-05-22,6.144878470510431
2093-05-23,5.91382402072119
2093-05-24,5.722646995076786
2093-05-25,5.562452343340108
2093-05-26,5.42647607428916
2093-05-27,5.309543064537162
2093-05-28,5.207701991021091
2093-05-29,5.163644680737736
2093-05-30,5.321612141542255
2093-05-31,5.408323773258915
2093-06-01,5.271318314364357
2093-06-02,5.143384516883081
2093-06-03,5.477583578428752
2093-06-04,6.797176859971753
2093-06-05,7.267552741065587
2093-06-06,6.696220340478015
2093-06-07,6.245688010606703
2093-06-08,6.616461455346175
2093-06-09,7.3753493932402465
2093-06-10,7.815737358932538
2093-06-11,9.103273009509998
2093-06-12,9.772762848935018
2093-06-13,8.765624732384756
2093-06-14,7.978732494144906
2093-06-15,8.05211172863642
2093-06-16,7.826185203759423
2093-06-17,7.621501437519316
2093-06-18,8.29200374218985
2093-06-19,8.772899623932629
2093-06-20,9.193232852094663
2093-06-21,9.507140676997729
2093-06-22,10.39580712071335
2093-06-23,10.664363862018192
2093-06-24,9.243783063188612
2093-06-25,8.164691219765112
2093-06-26,7.33882743676168
2093-06-27,6.7002001884133975
2093-06-28,6.2012358925983335
2093-06-29,5.807302821089991
2093-06-30,5.492962053047944
2093-07-01,5.239370166072446
2093-07-02,5.0591684980405605
2093-07-03,6.763602272184129
2093-07-04,9.14309652019856
2093-07-05,8.816316544101497
2093-07-06,7.807401816715121
2093-07-07,7.021281557689232
2093-07-08,6.412538196968846
2093-07-09,5.936333544936581
2093-07-10,5.559961291380065
2093-07-11,5.259352419050252
2093-07-12,5.219617736226965
2093-07-13,6.749063633532536
2093-07-14,9.957172847370956
2093-07-15,10.890060278284437
2093-07-16,9.324467727927994
2093-07-17,8.141183847241962
2093-07-18,7.241382085437242
2093-07-19,6.549921197407699
2093-07-20,6.013020635626751
2093-07-21,5.591782139675366
2093-07-22,5.294396217796385
2093-07-23,5.049971417925063
2093-07-24,4.821116489786735
2093-07-25,4.633736646618762
2093-07-26,4.795705147016729
2093-07-27,4.940599435168324
2093-07-28,6.9151101450038945
2093-07-29,9.229706257730289
2093-07-30,8.519940868785488
2093-07-31,7.709445732726475
2093-08-01,6.868479781598545
2093-08-02,6.218995650411277
2093-08-03,6.376475420756783
2093-08-04,6.655361653027999
2093-08-05,6.061300103699595
2093-08-06,5.582488428573641
2093-08-07,5.294211362039047
2093-08-08,5.381836347415984
2093-08-09,5.327522483776135
2093-08-10,4.993891098334195
2093-08-11,4.725589174944239
2093-08-12,4.5085878729054185
2093-08-13,4.456469748521723
2093-08-14,4.427094703542585
2093-08-15,4.258545550590832
2093-08-16,4.117523837264835
2093-08-17,3.999229852750911
2093-08-18,3.898906462663536
2093-08-19,3.8127808546988518
2093-08-20,3.748284478384433
2093-08-21,3.79987203124158
2093-08-22,3.7989994745274287
2093-08-23,4.717995155827791
2093-08-24,5.79011548411317
2093-08-25,5.869819438731717
2093-08-26,5.93527249996837
2093-08-27,5.396100605823576
2093-08-28,4.969663903411395
2093-08-29,4.632878957573787
2093-08-30,4.364293742016414
2093-08-31,4.155102038693861
2093-09-01,3.980458640252209
2093-09-02,3.8336970127278747
2093-09-03,4.0269158261850615
2093-09-04,4.450309922626065
2093-09-05,4.784381284217262
2093-09-06,4.990776979134224
2093-09-07,4.66950607874169
2093-09-08,4.362530850494983
2093-09-09,4.119589047610235
2093-09-10,3.9412569307618726
2093-09-11,4.5501926637390335
2093-09-12,5.141704541346061
2093-09-13,4.717074947385148
2093-09-14,4.381357712559781
2093-09-15,4.114173470377227
2093-09-16,3.899420488297068
2093-09-17,3.725043921041404
2093-09-18,3.5819541081415545
2093-09-19,3.4632513063605725
2093-09-20,3.3636651767485404
2093-09-21,3.816456672366605
2093-09-22,4.316672315106481
2093-09-23,4.0356142947502684
2093-09-24,3.810066084216674
2093-09-25,3.6281265787804315
2093-09-26,3.4826416097091024
2093-09-27,3.3599702177039124
2093-09-28,3.256111285425605
2093-09-29,3.168444950591828
2093-09-30,3.093591027788811
2093-10-01,3.028926952801868
2093-10-02,2.9724077803875786
2093-10-03,2.9224313959794164
2093-10-04,2.877736965593977
2093-10-05,2.8373279836031062
2093-10-06,2.8004136394139754
2093-10-07,2.766363908860335
2093-10-08,2.7346749869644413
2093-10-09,2.7049425550581963
2093-10-10,2.6960535537113106
2093-10-11,3.3645367927395804
2093-10-12,4.195638775692879
2093-10-13,4.027206277556046
2093-10-14,3.729823667536303
2093-10-15,3.4929699804117416
2093-10-16,3.302638377341614
2093-10-17,5.335555739520282
2093-10-18,8.237567736624761
2093-10-19,7.717634939295471
2093-10-20,6.576428642818299
2093-10-21,5.706855635021237
2093-10-22,5.039902224391327
2093-10-23,4.523722885314642
2093-10-24,4.120664037586166
2093-10-25,3.8031275374327635
2093-10-26,3.6679530403773186
2093-10-27,3.60922770534296
2093-10-28,3.3932196757825395
2093-10-29,3.2182156607247676
2093-10-30,3.075607855928349
2093-10-31,2.9582323448488634
2093-11-01,2.8606188805052994
2093-11-02,2.7785658196981404
2093-11-03,2.7088279761630556
2093-11-04,2.6488857383422926
2093-11-05,2.596773131741259
2093-11-06,2.5509489537443124
2093-11-07,2.5101996034296064
2093-11-08,2.473565388979883
2093-11-09,2.4402843350792276
2093-11-10,2.409749112426232
2093-11-11,4.12538200719191
2093-11-12,7.016951906979355
2093-11-13,7.227881133662701
2093-11-14,6.388711061499254
2093-11-15,7.684864714133279
2093-11-16,8.979160616635502
2093-11-17,9.032494573748295
2093-11-18,10.006648194101889
2093-11-19,9.221570265496803
2093-11-20,9.721038821565584
2093-11-21,10.029876643192031
2093-11-22,8.307731393619271
2093-11-23,7.014036160111675
2093-11-24,6.323268989626907
2093-11-25,7.1579623338644325
2093-11-26,7.485012288681069
2093-11-27,6.51684222009082
2093-11-28,6.673594642156459
2093-11-29,6.79306163855568
2093-11-30,5.999031521948972
2093-12-01,5.27143455652426
2093-12-02,4.709522425341739
2093-12-03,4.271773139890043
2093-12-04,3.9277202514377083
2093-12-05,3.6548851739023793
2093-12-06,3.436551255221817
2093-12-07,3.71933129530381
2093-12-08,4.200599523787299
2093-12-09,4.314722642284194
2093-12-10,4.253078439426364
2093-12-11,3.899984382770582
2093-12-12,3.620129886101333
2093-12-13,3.396604572905556
2093-12-14,3.2164083139217943
2093-12-15,3.069746907693643
2093-12-16,3.296771575680435
2093-12-17,3.779668190841445
2093-12-18,4.258138774873774
2093-12-19,4.442328602751985
2093-12-20,4.622213230810435
2093-12-21,4.836669843633906
2093-12-22,4.669661184936715
2093-12-23,5.048071701883788
2093-12-24,5.274467276944633
2093-12-25,4.978885212049536
2093-12-26,4.484320804268651
2093-12-27,4.102071855347762
2093-12-28,3.7602380356194254
2093-12-29,3.490041306273221
2093-12-30,3.273595241408693
2093-12-31,3.420890367609441
2094-01-01,3.6293428270006167
2094-01-02,3.5104420608265676
2094-01-03,3.8601844556538762
2094-01-04,3.9948896318648663
2094-01-05,3.6617453279187875
2094-01-06,3.397377561771155
2094-01-07,3.559446315368982
2094-01-08,3.762106798025839
2094-01-09,3.472391268126881
2094-01-10,3.241265026774553
2094-01-11,3.0556247082341024
2094-01-12,2.9051317079036614
2094-01-13,2.7819584393125614
2094-01-14,2.6801403625866747
2094-01-15,2.5951051153768865
2094-01-16,2.523327644907237
2094-01-17,2.4620757540076785
2094-01-18,2.6068983987090184
2094-01-19,4.271343139638318
2094-01-20,7.590537158728652
2094-01-21,8.960323800903623
2094-01-22,18.312292746652737
2094-01-23,26.878345992305825
2094-01-24,18.99196709485236
2094-01-25,14.842918044986071
2094-01-26,11.886398503926591
2094-01-27,9.708076418637706
2094-01-28,8.085955815760284
2094-01-29,6.865857241060726
2094-01-30,5.939349658315165
2094-01-31,5.229293680484716
2094-02-01,4.680226870705163
2094-02-02,4.251880059385146
2094-02-03,3.9147488261960786
2094-02-04,3.647032738577295
2094-02-05,5.872145437105515
2094-02-06,9.00980166262541
2094-02-07,8.580942955784744
2094-02-08,7.578271748041581
2094-02-09,8.78044845943575
2094-02-10,10.134757638127592
2094-02-11,10.884552696789497
2094-02-12,11.488986385216572
2094-02-13,14.15863023864911
2094-02-14,16.27200411217702
2094-02-15,13.01886612825499
2094-02-16,10.623476408973021
2094-02-17,8.845488911896329
2094-02-18,7.53007197284814
2094-02-19,6.5260195508405845
2094-02-20,5.748028768980002
2094-02-21,5.147752055659018
2094-02-22,4.68033703096538
2094-02-23,4.313035324172427
2094-02-24,4.021726911929073
2094-02-25,3.7885021308332587
2094-02-26,4.336893238422078
2094-02-27,5.35110997072261
2094-02-28,5.354070486544661
2094-03-01,4.879112003898256
2094-03-02,4.453910817155209
2094-03-03,4.975584288111205
2094-03-04,6.025249994109661
2094-03-05,5.893190076027474
2094-03-06,5.23713237324477
2094-03-07,5.927040162169161
2094-03-08,6.697419992346307
2094-03-09,5.876537460635693
2094-03-10,5.273249960296085
2094-03-11,5.27702121243141
2094-03-12,6.921458649160503
2094-03-13,9.235342203380151
2094-03-14,9.142515011262821
2094-03-15,7.722122552649143
2094-03-16,6.6471210543276795
2094-03-17,5.8272883686244725
2094-03-18,5.196192001193723
2094-03-19,4.705905612563286
2094-03-20,4.3221601851800715
2094-03-21,4.0515872410756755
2094-03-22,3.9857909815798465
2094-03-23,6.473870389029315
2094-03-24,11.453436485640127
2094-03-25,12.431467891533154
2094-03-26,10.192009562481433
2094-03-27,8.521775976534292
2094-03-28,7.266760118420071
2094-03-29,6.31441758853294
2094-03-30,5.584863480116076
2094-03-31,5.984377667463012
2094-04-01,6.849874960031076
2094-04-02,6.6773797115279185
2094-04-03,6.502684068009898
2094-04-04,6.73303121542072
2094-04-05,6.655994897594138
2094-04-06,6.911428410329936
2094-04-07,8.715953065554656
2094-04-08,9.25381568435727
2094-04-09,7.833590460669168
2094-04-10,6.757594617117831
2094-04-11,5.936843954414948
2094-04-12,5.304864542802922
2094-04-13,4.813707747803494
2094-04-14,4.428452602564277
2094-04-15,4.1234380456480535
2094-04-16,3.879650329947758
2094-04-17,3.6828916768457596
2094-04-18,3.5224835409656072
2094-04-19,3.39033973883101
2094-04-20,3.2802980906040147
2094-04-21,3.187634482030005
2094-04-22,3.179271830866277
2094-04-23,3.5883523351862645
2094-04-24,3.8517044673585166
2094-04-25,3.634155177740688
2094-04-26,3.781748451178656
2094-04-27,4.723890149991903
2094-04-28,5.108911841200178
2094-04-29,4.62470011306038
2094-04-30,4.297700019610988
2094-05-01,4.0407107960898045
2094-05-02,3.8753579207247353
2094-05-03,3.6533765936240736
2094-05-04,3.457156320883985
2094-05-05,3.2976592636070023
2094-05-06,3.166695548142552
2094-05-07,3.058028270999385
2094-05-08,2.9668790649824346
2094-05-09,2.8895661625274713
2094-05-10,2.823237490855796
2094-05-11,2.7656724760110656
2094-05-12,2.7151339008632216
2094-05-13,2.670256488220543
2094-05-14,2.6299626120023274
2094-05-15,2.593398175858622
2094-05-16,2.5598835758040472
2094-05-17,2.6694943040027
2094-05-18,3.0983658489446384
2094-05-19,3.3509881910817474
2094-05-20,3.439072610551477
2094-05-21,3.4225596916903362
2094-05-22,3.769885509206207
2094-05-23,4.610327450606726
2094-05-24,5.293095278095994
2094-05-25,5.289496329217909
2094-05-26,4.676533040575722
2094-05-27,4.20015273191309
2094-05-28,3.8453213999116582
2094-05-29,3.644185514018369
2094-05-30,3.396822498725929
2094-05-31,4.115585205283446
2094-06-01,5.143459225203751
2094-06-02,5.004476023763945
2094-06-03,4.894633468193223
2094-06-04,4.628874560107726
2094-06-05,5.2645397192067085
2094-06-06,5.9442507866835115
2094-06-07,5.173660345718424
2094-06-08,4.578993123069957
2094-06-09,4.117628151149377
2094-06-10,3.7806510201435497
2094-06-11,3.7281765821289334
2094-06-12,3.8477573490522645
2094-06-13,3.707108820225302
2094-06-14,3.429036062348158
2094-06-15,3.2062733272588146
2094-06-16,3.0270887020852117
2094-06-17,2.91433194755009
2094-06-18,2.8949395188407334
2094-06-19,2.7934574126974003
2094-06-20,2.6865224621568706
2094-06-21,2.7175225704080987
2094-06-22,3.4100232469179104
2094-06-23,3.8607010044101937
2094-06-24,3.5265027046135438
2094-06-25,3.260831175391475
2094-06-26,3.049050985775431
2094-06-27,2.8786804938054296
2094-06-28,2.740329771217636
2094-06-29,2.6268858941210222
2094-06-30,2.532925884144594
2094-07-01,2.4542900781128925
2094-07-02,2.387769608042676
2094-07-03,3.3144789095714233
2094-07-04,4.314939335129581
2094-07-05,3.8584976016957895
2094-07-06,3.501200972677477
2094-07-07,3.4573347349513845
2094-07-08,3.416477490854629
2094-07-09,3.1515278272632483
2094-07-10,2.9394053632246346
2094-07-11,2.768851538015491
2094-07-12,2.630476802162438
2094-07-13,3.0787214932066864
2094-07-14,3.5499989542464
2094-07-15,3.245879618765682
2094-07-16,3.0047518474683965
2094-07-17,2.8220542933603956
2094-07-18,2.674703157360607
2094-07-19,2.5446530324255616
2094-07-20,2.4378040426409666
2094-07-21,2.3870157979091666
2094-07-22,2.363307012922797
2094-07-23,2.285934791305223
2094-07-24,2.219381984655618
2094-07-25,2.162753079201819
2094-07-26,2.11404368036639
2094-07-27,2.0716838398422097
2094-07-28,2.034438350175194
2094-07-29,2.4367041225579578
2094-07-30,2.870246030310387
2094-07-31,2.686049498356983
2094-08-01,2.5312913805449653
2094-08-02,2.3992036420176777
2094-08-03,2.291310610551897
2094-08-04,2.202348812764979
2094-08-05,2.1282683541585254
2094-08-06,2.0659459165500067
2094-08-07,2.0129597954665743
2094-08-08,1.9674227471798718
2094-08-09,1.9278569656592135
2094-08-10,1.8930999851042607
2094-08-11,1.8622334389032733
2094-08-12,1.8345288206871126
2094-08-13,1.8094059702505716
2094-08-14,1.7864011385787275
2094-08-15,2.041010146755092
2094-08-16,2.320778284804808
2094-08-17,2.1957478227231984
2094-08-18,2.0948134452009444
2094-08-19,2.011804448863536
2094-08-20,1.9428550849713602
2094-08-21,1.8849922602846247
2094-08-22,1.8359164725710608
2094-08-23,1.7938397282167944
2094-08-24,1.8151770663813123
2094-08-25,1.8653043525353095
2094-08-26,1.8149863209938815
2094-08-27,1.769796926040975
2094-08-28,1.9778110733693677
2094-08-29,2.193311983811648
2094-08-30,2.0736419183768926
2094-08-31,1.9743309172088033
2094-09-01,1.8926864792672218
2094-09-02,1.8249311624760838
2094-09-03,1.7681508250753837
2094-09-04,1.7200852051007918
2094-09-05,1.6789722860833827
2094-09-06,1.643431863730645
2094-09-07,1.6123778918049496
2094-09-08,1.584952101539857
2094-09-09,1.5604734487636576
2094-09-10,1.5383994095499942
2094-09-11,1.5182961974351812
2094-09-12,1.4998157355667565
2094-09-13,1.529206704153345
2094-09-14,1.5700835496792835
2094-09-15,1.537776167684311
2094-09-16,1.5099300774443927
2094-09-17,1.4852497295121487
2094-09-18,1.5433603250666799
2094-09-19,1.6814406267226125
2094-09-20,1.6916340785917718
2094-09-21,1.634429645075298
2094-09-22,1.5848493482455008
2094-09-23,1.539246467774077
2094-09-24,1.5003543007645355
2094-09-25,1.4668867912539494
2094-09-26,1.4825013702639929
2094-09-27,1.5105953612956267
2094-09-28,1.4714607742747978
2094-09-29,1.535031608570053
2094-09-30,1.716379608719403
2094-10-01,1.8354067564672005
2094-10-02,1.8113278833356639
2094-10-03,1.710197863101386
2094-10-04,1.6279468720818187
2094-10-05,1.6944618132318678
2094-10-06,2.521622332333219
2094-10-07,3.2169438289896912
2094-10-08,3.1242058109098765
2094-10-09,2.9926307849429405
2094-10-10,2.660654270069732
2094-10-11,3.1344673067233835
2094-10-12,4.4446919055723475
2094-10-13,7.126809227543568
2094-10-14,10.24716084385786
2094-10-15,11.092733583434686
2094-10-16,11.352588877716395
2094-10-17,10.304980288884716
2094-10-18,8.257840707279062
2094-10-19,6.911392166445893
2094-10-20,5.963133053485149
2094-10-21,5.008854595982097
2094-10-22,4.529030627598216
2094-10-23,4.4320376345922465
2094-10-24,4.0162004583369635
2094-10-25,3.7682626948879823
2094-10-26,3.7769469984220847
2094-10-27,4.272635510297353
2094-10-28,4.976688474814056
2094-10-29,6.231498591468143
2094-10-30,7.465225041158743
2094-10-31,6.746214068593488
2094-11-01,5.633774443201452
2094-11-02,4.788820878726897
2094-11-03,4.141981227863952
2094-11-04,3.6425921745860665
2094-11-05,3.253849606782572
2094-11-06,2.948771017484137
2094-11-07,2.7074054401695773
2094-11-08,2.514883787400879
2094-11-09,2.3600422415433986
2094-11-10,2.2344408264344295
2094-11-11,2.1316573753526185
2094-11-12,2.04677531042029
2094-11-13,1.976009075900005
2094-11-14,1.916428185769419
2094-11-15,1.8657524926325924
2094-11-16,2.150902649825332
2094-11-17,2.598824030738254
2094-11-18,2.4319409049301988
2094-11-19,2.277497207897069
2094-11-20,2.1584718857520246
2094-11-21,2.054818348820997
2094-11-22,1.969334649898325
2094-11-23,2.0509715091773657
2094-11-24,2.460425816797535
2094-11-25,5.651310122769197
2094-11-26,8.711716525261414
2094-11-27,7.882060231115751
2094-11-28,6.9633073020596505
2094-11-29,5.7928685566836045
2094-11-30,4.905787822461974
2094-12-01,4.227925540564345
2094-12-02,3.726294436184626
2094-12-03,4.00097404412085
2094-12-04,9.33551866219154
2094-12-05,18.70791586033812
2094-12-06,20.24672820646998
2094-12-07,15.78096751308805
2094-12-08,12.622364705378303
2094-12-09,10.180608725327938
2094-12-10,8.600325229591745
2094-12-11,7.328091529995742
2094-12-12,6.170660094385649
2094-12-13,6.360177578250062
2094-12-14,8.844680285497388
2094-12-15,15.794202903898489
2094-12-16,19.541215158701245
2094-12-17,16.166655993698544
2094-12-18,18.27496180701144
2094-12-19,19.840153451077615
2094-12-20,16.611790313780126
2094-12-21,13.955991584185993
2094-12-22,11.434364024864523
2094-12-23,10.800253757024997
2094-12-24,10.413506834995559
2094-12-25,8.632265293834406
2094-12-26,7.295051094280424
2094-12-27,6.282804470404628
2094-12-28,5.509275391670813
2094-12-29,4.9127106343519085
2094-12-30,4.44844468153362
2094-12-31,4.083866320239118
2095-01-01,3.7949568575882466
2095-01-02,4.5426733735413025
2095-01-03,5.790373992120045
2095-01-04,5.746347445812392
2095-01-05,5.217165971885919
2095-01-06,4.702067020136905
2095-01-07,4.2746349148055565
2095-01-08,3.9375027048867355
2095-01-09,3.66969944760775
2095-01-10,3.4549752057498946
2095-01-11,3.584484289116304
2095-01-12,4.609306285880739
2095-01-13,5.843248169990866
2095-01-14,6.194330275369896
2095-01-15,5.749724305871486
2095-01-16,5.535067215347721
2095-01-17,6.317005507913428
2095-01-18,8.528597937989419
2095-01-19,9.775190856306049
2095-01-20,8.984921776104509
2095-01-21,11.105344227905364
2095-01-22,12.51761589235845
2095-01-23,10.21420044147942
2095-01-24,11.887399185242641
2095-01-25,17.59221927812425
2095-01-26,21.528760189720757
2095-01-27,19.764479512923245
2095-01-28,15.51272334502798
2095-01-29,12.501033769696939
2095-01-30,10.282787890007068
2095-01-31,8.63103175540929
2095-02-01,7.388351888463469
2095-02-02,6.444172111614409
2095-02-03,5.719908184321903
2095-02-04,5.159110694404176
2095-02-05,4.720827458905011
2095-02-06,4.375075675038681
2095-02-07,4.099716084528538
2095-02-08,3.878270969263031
2095-02-09,3.6983852058369817
2095-02-10,3.550730375819049
2095-02-11,5.056181208754972
2095-02-12,6.855438105937492
2095-02-13,6.268518031132291
2095-02-14,7.379974882450736
2095-02-15,8.714512517067169
2095-02-16,10.081849741430167
2095-02-17,12.127554818727596
2095-02-18,11.449556012992085
2095-02-19,9.778896559482304
2095-02-20,8.252493119572549
2095-02-21,7.100763480277194
2095-02-22,6.2236302924141675
2095-02-23,5.549230865035542
2095-02-24,5.025825884396019
2095-02-25,4.615799649656966
2095-02-26,4.291556635723375
2095-02-27,4.0368619570435635
2095-02-28,3.844517887574511
2095-03-01,4.455264780515196
2095-03-02,6.588432889036501
2095-03-03,9.068659963918815
2095-03-04,10.664138312854062
2095-03-05,10.123518130415357
2095-03-06,9.796607399696029
2095-03-07,9.670280574508576
2095-03-08,8.17318860389688
2095-03-09,7.040668408315754
2095-03-10,6.457569271014811
2095-03-11,6.072356387331344
2095-03-12,5.911367056356433
2095-03-13,7.202606810194297
2095-03-14,9.06973234730359
2095-03-15,10.355522581188533
2095-03-16,10.265908807950881
2095-03-17,9.528094131441462
2095-03-18,9.114315691116351
2095-03-19,8.784870467803103
2095-03-20,12.541218712483344
2095-03-21,16.084237780839864
2095-03-22,14.314496912349199
2095-03-23,15.60452268162664
2095-03-24,18.15562345605323
2095-03-25,18.373323420052206
2095-03-26,18.26132130315724
2095-03-27,17.025298144429836
2095-03-28,14.827431138780831
2095-03-29,14.644580615253235
2095-03-30,29.804084830797123
2095-03-31,45.29700109563854
2095-04-01,34.86909383691227
2095-04-02,23.65321660195704
2095-04-03,18.58301376328716
2095-04-04,17.557844378147102
2095-04-05,16.727991628837966
2095-04-06,13.683713685603783
2095-04-07,11.434511324228248
2095-04-08,9.757152978983848
2095-04-09,8.492859788761836
2095-04-10,7.530054791443551
2095-04-11,6.789418822621197
2095-04-12,6.213961045365839
2095-04-13,5.971237177918117
2095-04-14,5.838459832517054
2095-04-15,5.46114670815611
2095-04-16,5.1585432594399485
2095-04-17,4.914181940055427
2095-04-18,4.7146594284892105
2095-04-19,4.5498735230598415
2095-04-20,4.412159639253864
2095-04-21,4.549040959686915
2095-04-22,4.778567142514295
2095-04-23,4.5945323021533735
2095-04-24,4.427841415025213
2095-04-25,6.0722488069065905
2095-04-26,9.993471918002442
2095-04-27,11.971553629177443
2095-04-28,11.427584972895723
2095-04-29,13.431184547607373
2095-04-30,19.933671479708373
2095-05-01,21.780528327961026
2095-05-02,20.629775902608873
2095-05-03,21.025288257858257
2095-05-04,25.06473216376055
2095-05-05,26.33169528840526
2095-05-06,19.733496956135987
2095-05-07,16.869167573900793
2095-05-08,14.995305138728218
2095-05-09,12.454775218044714
2095-05-10,10.566647779899803
2095-05-11,9.72092803483076
2095-05-12,9.16399050439024
2095-05-13,8.087893382587053
2095-05-14,9.358874127742729
2095-05-15,10.630042613814847
2095-05-16,9.196145125987714
2095-05-17,8.10558525890262
2095-05-18,9.710003507868437
2095-05-19,13.028950958090727
2095-05-20,13.080826813010885
2095-05-21,12.31554248905802
2095-05-22,12.310184687370686
2095-05-23,11.82619613207408
2095-05-24,10.78713762737577
2095-05-25,9.602060781345326
2095-05-26,8.451179847431126
2095-05-27,7.549529723442515
2095-05-28,6.8540658841085245
2095-05-29,6.583940369137886
2095-05-30,6.38351101416421
2095-05-31,5.938234984048606
2095-06-01,5.584162354385359
2095-06-02,6.210765558194384
2095-06-03,8.56074456123425
2095-06-04,9.47130003315313
2095-06-05,8.291594730783498
2095-06-06,7.389028600737479
2095-06-07,6.693919510243709
2095-06-08,6.153060788787169
2095-06-09,5.727859861808582
2095-06-10,5.4754982455011385
2095-06-11,5.527084878074862
2095-06-12,5.721770801100579
2095-06-13,5.628761618265024
2095-06-14,6.906977352880432
2095-06-15,8.030543424033683
2095-06-16,7.152473703016869
2095-06-17,6.472751708443041
2095-06-18,5.943569538952988
2095-06-19,5.52740320041437
2095-06-20,5.196737778748601
2095-06-21,4.9312260885083745
2095-06-22,4.715702353478674
2095-06-23,4.538779242515262
2095-06-24,4.391847381318342
2095-06-25,4.268355454630265
2095-06-26,4.163287839518197
2095-06-27,4.126128316275712
2095-06-28,4.081401914007328
2095-06-29,3.996314435417606
2095-06-30,3.9215913230806794
2095-07-01,3.8553537492897707
2095-07-02,3.795947089327846
2095-07-03,3.742068981271982
2095-07-04,3.6926899384727974
2095-07-05,3.646992843590701
2095-07-06,3.6043265952270196
2095-07-07,3.564170422327606
2095-07-08,3.5261062827301353
2095-07-09,3.489797419263752
2095-07-10,3.4549716288163346
2095-07-11,3.4214081554843108
2095-07-12,3.3889273828975326
2095-07-13,3.35738269777954
2095-07-14,3.3266540445336674
2095-07-15,3.4395597694989473
2095-07-16,3.5685714969813116
2095-07-17,3.488350205422782
2095-07-18,3.4190835451905013
2095-07-19,3.3581376116874897
2095-07-20,3.3038730407151427
2095-07-21,3.255001937944448
2095-07-22,3.2105080529550083
2095-07-23,3.16958610515212
2095-07-24,3.131595418451336
2095-07-25,3.096024309278133
2095-07-26,3.0624626010838036
2095-07-27,3.0305803129113578
2095-07-28,3.000111062397093
2095-07-29,2.970839086040801
2095-07-30,2.9558826404291527
2095-07-31,2.939096679166109
2095-08-01,2.9090342491644052
2095-08-02,2.8801268935674744
2095-08-03,2.8523247022430898
2095-08-04,2.825466956523654
2095-08-05,2.7994226342006336
2095-08-06,2.7740845798471505
2095-08-07,2.7493648781591435
2095-08-08,2.7251911696458095
2095-08-09,2.701503707232423
2095-08-10,2.6782529974789013
2095-08-11,2.65539790466951
2095-08-12,2.6329041225878105
2095-08-13,2.6107429392882904
2095-08-14,2.588890236056892
2095-08-15,2.578385909945569
2095-08-16,2.56955536319045
2095-08-17,2.5457283313167585
2095-08-18,2.5221712609797504
2095-08-19,2.4993066053275297
2095-08-20,2.477044551030819
2095-08-21,2.4553112876260337
2095-08-22,2.4351723726524885
2095-08-23,2.4739066486850594
2095-08-24,2.50621465612712
2095-08-25,2.4671547502665487
2095-08-26,2.4329915993502946
2095-08-27,2.4017022290403474
2095-08-28,2.3727722846005155
2095-08-29,2.3457900041273536
2095-08-30,2.3208050273222454
2095-08-31,2.3926122311539704
2095-09-01,2.843328729451614
2095-09-02,3.4298486806994073
2095-09-03,3.7200888086396375
2095-09-04,3.802715714243478
2095-09-05,3.9775283715634977
2095-09-06,3.9855534424492145
2095-09-07,3.61998254780981
2095-09-08,3.3304667139334847
2095-09-09,3.1003967859339507
2095-09-10,2.9159275658485573
2095-09-11,2.76666019726822
2095-09-12,2.6447299778395315
2095-09-13,2.544150055171045
2095-09-14,2.482472314862719
2095-09-15,2.4365566352858306
2095-09-16,2.3681498086456014
2095-09-17,2.309608783055687
2095-09-18,2.274981738464931
2095-09-19,2.292956825669777
2095-09-20,2.7818120378099125
2095-09-21,3.217476019940742
2095-09-22,2.9849399440983007
2095-09-23,2.9936027770790123
2095-09-24,3.042374403086525
2095-09-25,2.8461915879533435
2095-09-26,2.678807041053601
2095-09-27,2.54310307853314
2095-09-28,2.4321273682405957
2095-09-29,2.3404883552950033
2095-09-30,2.264051569585922
2095-10-01,2.199628361867476
2095-10-02,2.1447462651039513
2095-10-03,2.0974783771620227
2095-10-04,2.0563157506785816
2095-10-05,2.020071349448344
2095-10-06,1.987807333467053
2095-10-07,1.9587796967047255
2095-10-08,1.9323958919688415
2095-10-09,1.9081822322866742
2095-10-10,1.8857586927324306
2095-10-11,1.864819343632055
2095-10-12,1.8451170904740783
2095-10-13,1.8264517232077981
2095-10-14,1.8086605201636485
2095-10-15,1.7916108325591082
2095-10-16,1.7751942109364958
2095-10-17,1.785655425601391
2095-10-18,1.8077553434801958
2095-10-19,1.7832892781718612
2095-10-20,1.7607080104681714
2095-10-21,1.7398438374247434
2095-10-22,1.7204027723562714
2095-10-23,1.702147217437507
2095-10-24,1.6848845495176352
2095-10-25,1.7179970472022117
2095-10-26,1.8482117561075677
2095-10-27,1.884062899168445
2095-10-28,1.8302948788720153
2095-10-29,1.7938310224709835
2095-10-30,1.7745086757633117
2095-10-31,2.060592337059379
2095-11-01,2.864395498686879
2095-11-02,3.505470278405937
2095-11-03,3.695515729285597
2095-11-04,3.5952596215127177
2095-11-05,3.4734795596528296
2095-11-06,4.4351453035861335
2095-11-07,5.3278079710968145
2095-11-08,5.157408390879648
2095-11-09,4.82434890368999
2095-11-10,4.238033938686108
2095-11-11,4.20102506180926
2095-11-12,5.016225456274554
2095-11-13,5.680815326058198
2095-11-14,5.183333998302618
2095-11-15,4.628456197143638
2095-11-16,5.345983723748812
2095-11-17,5.808684045562891
2095-11-18,5.817609537893827
2095-11-19,5.802399182421671
2095-11-20,5.03047225840752
2095-11-21,4.491300190802767
2095-11-22,3.919980115108114
2095-11-23,3.8919022526040767
2095-11-24,5.138818108051283
2095-11-25,5.698063245766282
2095-11-26,4.85588266820175
2095-11-27,4.209809259697991
2095-11-28,4.336197567295304
2095-11-29,4.540983020818124
2095-11-30,5.342707779072369
2095-12-01,7.157266489293634
2095-12-02,15.35531411671039
2095-12-03,22.734098940859123
2095-12-04,17.107482917963846
2095-12-05,13.587669933375219
2095-12-06,12.684033910238236
2095-12-07,11.820157913384646
2095-12-08,10.285127702570817
2095-12-09,10.930322096324955
2095-12-10,12.087231373306409
2095-12-11,11.39106496504202
2095-12-12,9.552467856969162
2095-12-13,8.01559386642958
2095-12-14,6.759174555050296
2095-12-15,5.806748631830032
2095-12-16,5.078173842632565
2095-12-17,4.515841045415603
2095-12-18,4.0779961932656414
2095-12-19,3.7340957417838854
2095-12-20,3.4616041732666663
2095-12-21,3.243761008130233
2095-12-22,3.068007521728793
2095-12-23,2.9248674606127008
2095-12-24,2.8071434973119658
2095-12-25,2.7093354381743855
2095-12-26,2.6272156168689857
2095-12-27,2.5575166743706514
2095-12-28,2.4977003513295313
2095-12-29,2.445785127207119
2095-12-30,2.4002169162646343
2095-12-31,3.156605206818622
2096-01-01,3.998466862537167
2096-01-02,3.635040299081149
2096-01-03,3.3466819406747663
2096-01-04,3.117148150414879
2096-01-05,2.9328065141384627
2096-01-06,2.7833998972636493
2096-01-07,2.6611582596113927
2096-01-08,2.56015805440667
2096-01-09,2.4758563535554643
2096-01-10,2.621672004400162
2096-01-11,7.604329089752151
2096-01-12,12.363570497426055
2096-01-13,11.78247728958131
2096-01-14,11.609573986473963
2096-01-15,22.637006639589003
2096-01-16,42.545197566613325
2096-01-17,46.24957251725126
2096-01-18,39.42494302398905
2096-01-19,28.505885599236063
2096-01-20,21.669018598008705
2096-01-21,17.744960255035064
2096-01-22,15.287973366852297
2096-01-23,28.60477648595877
2096-01-24,41.33253175793094
2096-01-25,41.67000024537311
2096-01-26,60.57378138807121
2096-01-27,58.4941032416512
2096-01-28,37.818245957906406
2096-01-29,25.798168144247654
2096-01-30,24.521160769945386
2096-01-31,25.53034098089995
2096-02-01,22.10768367958187
2096-02-02,18.576263556921344
2096-02-03,15.037874352775418
2096-02-04,12.440176071127047
2096-02-05,11.383327018203333
2096-02-06,20.38453210301206
2096-02-07,31.26703744729185
2096-02-08,25.482424583567035
2096-02-09,20.82528266036937
2096-02-10,17.91217105284552
2096-02-11,14.641129446746604
2096-02-12,12.231917515005888
2096-02-13,10.438512001650592
2096-02-14,9.643965953223805
2096-02-15,9.751030593652363
2096-02-16,9.178105696439848
2096-02-17,8.1292708338973
2096-02-18,7.323396298137496
2096-02-19,6.698681092654511
2096-02-20,6.209401171804263
2096-02-21,5.8221795425671985
2096-02-22,5.659229239621806
2096-02-23,5.5653273691015555
2096-02-24,5.299122641371553
2096-02-25,5.0816263114928075
2096-02-26,5.458003358768587
2096-02-27,6.01981969152165
2096-02-28,5.90365623400617
2096-02-29,5.569905599113018
2096-03-01,5.271251266563063
2096-03-02,5.029621834048167
2096-03-03,4.832080626976084
2096-03-04,4.668679573042417
2096-03-05,4.531877075580886
2096-03-06,4.415919569541109
2096-03-07,4.316391380882026
2096-03-08,4.229884544667341
2096-03-09,4.153754846584493
2096-03-10,4.085940332454782
2096-03-11,4.024825414250668
2096-03-12,3.9691384932581095
2096-03-13,3.917874385899962
2096-03-14,4.03882859848876
2096-03-15,4.2911723278526805
2096-03-16,6.30884043420643
2096-03-17,12.308282746357795
2096-03-18,14.81455088299181
2096-03-19,12.180256709188704
2096-03-20,10.25692104158324
2096-03-21,8.89483351794332
2096-03-22,7.775989060185467
2096-03-23,6.900717082818725
2096-03-24,6.226282941344741
2096-03-25,6.991398483390163
2096-03-26,8.279562437190854
2096-03-27,8.95397729509809
2096-03-28,12.997431464894648
2096-03-29,15.226127815994735
2096-03-30,12.641704361101988
2096-03-31,12.696882638894529
2096-04-01,13.134963226076474
2096-04-02,12.380188075006393
2096-04-03,11.71430394654424
2096-04-04,11.011100912917712
2096-04-05,9.997269897470629
2096-04-06,8.629085166037706
2096-04-07,10.05583026824925
2096-04-08,16.48928916574311
2096-04-09,19.194394431537503
2096-04-10,15.801924586340432
2096-04-11,13.144862622773417
2096-04-12,11.737695408301542
2096-04-13,11.482242758568516
2096-04-14,10.874607113547313
2096-04-15,9.328426236266422
2096-04-16,8.158628145759002
2096-04-17,7.266160077564101
2096-04-18,6.578328496111254
2096-04-19,6.103654617745568
2096-04-20,10.320872907162157
2096-04-21,14.95489982049444
2096-04-22,17.346032844061277
2096-04-23,18.677436856706212
2096-04-24,15.201700587933116
2096-04-25,12.577446635082545
2096-04-26,10.631698472670292
2096-04-27,10.350641018554095
2096-04-28,10.490830158778182
2096-04-29,9.41553794524024
2096-04-30,9.15706865409268
2096-05-01,8.80032376557884
2096-05-02,7.786870218981374
2096-05-03,7.007592751481176
2096-05-04,6.403436879583565
2096-05-05,5.930280194247042
2096-05-06,5.555894309093148
2096-05-07,5.256533093672613
2096-05-08,5.014558072029593
2096-05-09,4.8167681826589765
2096-05-10,4.653213379990892
2096-05-11,4.516344153892333
2096-05-12,4.40039659899806
2096-05-13,4.300944200316948
2096-05-14,4.214568652833494
2096-05-15,4.138616372344184
2096-05-16,4.071017174521855
2096-05-17,4.010148387774036
2096-05-18,3.95473240062289
2096-05-19,3.903758975190048
2096-05-20,3.856426020181649
2096-05-21,3.881426910186701
2096-05-22,3.8848101536357085
2096-05-23,3.9679755530499663
2096-05-24,4.083200060388506
2096-05-25,3.9792579627135436
2096-05-26,3.8894419697306795
2096-05-27,3.811450666292224
2096-05-28,3.742890123419986
2096-05-29,3.681891499042173
2096-05-30,3.62698897016292
2096-05-31,3.6462160949743634
2096-06-01,3.6794259441544916
2096-06-02,3.6204399901988205
2096-06-03,3.5586290185517484
2096-06-04,3.503302227858795
2096-06-05,3.453222251052219
2096-06-06,3.407410756344133
2096-06-07,3.365103338633288
2096-06-08,3.572011205883834
2096-06-09,3.7907855413505387
2096-06-10,3.6651086219482862
2096-06-11,3.5598798897969472
2096-06-12,3.4705023596399136
2096-06-13,3.3936694752135517
2096-06-14,3.326817116283456
2096-06-15,3.267946829717984
2096-06-16,3.215493566818573
2096-06-17,3.168226108424042
2096-06-18,3.1251716599560475
2096-06-19,3.0855584325391567
2096-06-20,3.0487716896798047
2096-06-21,3.014319933222948
2096-06-22,3.025053261064541
2096-06-23,3.287130377497037
2096-06-24,3.5096946217711484
2096-06-25,4.03392939458363
2096-06-26,4.763698214252851
2096-06-27,4.570683106820522
2096-06-28,4.2100458071335
2096-06-29,3.924381131596958
2096-06-30,3.7197597402569706
2096-07-01,3.553830616258733
2096-07-02,3.3949938401239135
2096-07-03,3.2640446833880925
2096-07-04,3.1552601528196575
2096-07-05,3.0638828766053225
2096-07-06,3.2813322420456266
2096-07-07,3.546267467767968
2096-07-08,3.3912292398690504
2096-07-09,3.2423923253896283
2096-07-10,3.1197490267152976
2096-07-11,3.0176665591911696
2096-07-12,2.9317610216653893
2096-07-13,2.8586496685616893
2096-07-14,2.7957084989493013
2096-07-15,2.740891908018465
2096-07-16,2.6925976468060853
2096-07-17,2.649565091074271
2096-07-18,2.6107981606661874
2096-07-19,2.575506596338438
2096-07-20,2.5430609893034846
2096-07-21,2.5129581722841965
2096-07-22,2.508980874424662
2096-07-23,2.5509032733565724
2096-07-24,2.5736460341204075
2096-07-25,2.541762061340894
2096-07-26,2.497584861391799
2096-07-27,2.4580523137024293
2096-07-28,2.4240792861341185
2096-07-29,2.392288113007026
2096-07-30,2.3620782227014243
2096-07-31,2.3340747202092533
2096-08-01,2.307906774125925
2096-08-02,2.2832658561721186
2096-08-03,2.2599027756597336
2096-08-04,2.2376156159869818
2096-08-05,2.216240251872036
2096-08-06,2.2196670094142537
2096-08-07,2.2238513116039536
2096-08-08,2.19733580919337
2096-08-09,2.172443304397119
2096-08-10,2.2015903745339482
2096-08-11,2.2369402482676874
2096-08-12,2.197040690998404
2096-08-13,2.1625174411587733
2096-08-14,2.131411053234198
2096-08-15,2.103092661796951
2096-08-16,2.077060471470687
2096-08-17,2.0529126103773643
2096-08-18,2.0303260982813542
2096-08-19,2.0090404796404364
2096-08-20,1.9888450328739904
2096-08-21,1.9695687339915509
2096-08-22,1.951072351022935
2096-08-23,1.9332421938591293
2096-08-24,2.0100930035541213
2096-08-25,2.091357234149234
2096-08-26,2.078425393988684
2096-08-27,2.049335781498303
2096-08-28,2.0047837730308786
2096-08-29,1.9660511111083172
2096-08-30,1.93192319018488
2096-08-31,1.9015239096379595
2096-09-01,1.8741577665973426
2096-09-02,1.849270499503973
2096-09-03,1.8264187778726653
2096-09-04,1.8052467491403144
2096-09-05,1.7854678099965426
2096-09-06,1.7675484335171063
2096-09-07,1.7525432430060777
2096-09-08,1.735929401812907
2096-09-09,1.7192802725846053
2096-09-10,1.7033174499090131
2096-09-11,1.6879406414894005
2096-09-12,1.6730676291156217
2096-09-13,1.6586308208598115
2096-09-14,1.6445846356655078
2096-09-15,1.6356530080380896
2096-09-16,1.6375630071988165
2096-09-17,1.648267610220995
2096-09-18,1.6365590280161877
2096-09-19,1.616877071930193
2096-09-20,1.5995343356018628
2096-09-21,1.5843770130349222
2096-09-22,1.5685370116311994
2096-09-23,1.5532258197919686
2096-09-24,1.5386097352959054
2096-09-25,1.6047995079105233
2096-09-26,1.6536148262482862
2096-09-27,1.6160435512578264
2096-09-28,1.6716713512364934
2096-09-29,1.7082393038821417
2096-09-30,1.666696335028348
2096-10-01,1.6400660593591223
2096-10-02,1.5994311718610252
2096-10-03,1.5641302547937543
2096-10-04,1.5334147727096186
2096-10-05,1.5064077537670875
2096-10-06,1.4824127506486258
2096-10-07,1.4608745675470562
2096-10-08,1.4413489989302068
2096-10-09,1.4234794028415383
2096-10-10,1.4069784841373465
2096-10-11,1.3916140686770844
2096-10-12,1.3771979489709236
2096-10-13,1.3635771041796971
2096-10-14,1.3506267634049098
2096-10-15,1.3382449058247563
2096-10-16,1.3263478852275312
2096-10-17,1.3148669377306106
2096-10-18,1.3037453857092411
2096-10-19,1.2929363924336215
2096-10-20,1.282401153761997
2096-10-21,1.2721074377956896
2096-10-22,1.2620399712335926
2096-10-23,1.2521523021492738
2096-10-24,1.2424375715559888
2096-10-25,1.2328808236503799
2096-10-26,1.226740477679727
2096-10-27,1.2442899564422367
2096-10-28,1.5675377145205898
2096-10-29,1.9241500735818846
2096-10-30,1.8918330739782174
2096-10-31,1.7713513662994222
2096-11-01,1.682446785913177
2096-11-02,1.5876876456057554
2096-11-03,1.510348570767741
2096-11-04,1.4465995920755448
2096-11-05,1.3936059257268132
2096-11-06,1.3491632009539831
2096-11-07,1.311548909068698
2096-11-08,1.2794108612313346
2096-11-09,1.2516829315671198
2096-11-10,1.2275210489385813
2096-11-11,1.206254308839512
2096-11-12,1.1873474424305712
2096-11-13,1.170371864049468
2096-11-14,1.1682745953599138
2096-11-15,1.2086359512369842
2096-11-16,1.4355022785590723
2096-11-17,1.575563201163216
2096-11-18,1.4826124662806006
2096-11-19,1.4075668298012012
2096-11-20,1.345796451743879
2096-11-21,1.380550705668898
2096-11-22,1.504612534580825
2096-11-23,1.7664806707319867
2096-11-24,3.064073329130101
2096-11-25,4.7218020435698635
2096-11-26,4.653751235470945
2096-11-27,3.8930200917284474
2096-11-28,3.3111223532869487
2096-11-29,2.862474738794988
2096-11-30,2.513876680722204
2096-12-01,2.2409753193185833
2096-12-02,2.0257537276595263
2096-12-03,1.854775799702734
2096-12-04,1.7179468842413614
2096-12-05,1.6588311378267955
2096-12-06,1.9181086736042612
2096-12-07,2.0666690055490533
2096-12-08,1.8856000548117569
2096-12-09,1.7410515932834951
2096-12-10,1.6247508629978318
2096-12-11,1.5422333604289085
2096-12-12,1.7808060432700898
2096-12-13,2.0461116319978276
2096-12-14,1.946851204786805
2096-12-15,2.204524247627661
2096-12-16,2.7254259368453204
2096-12-17,4.677962489043866
2096-12-18,6.801043761508637
2096-12-19,6.151220695082068
2096-12-20,5.057973588837669
2096-12-21,4.228513264895124
2096-12-22,3.594953396594281
2096-12-23,3.1070547110084714
2096-12-24,2.7283648438164927
2096-12-25,2.4321869164418692
2096-12-26,2.198798981587428
2096-12-27,2.0135142117094245
2096-12-28,2.1023333080454467
2096-12-29,2.0355572333437326
2096-12-30,1.8824584499690928
2096-12-31,1.759191887324662
2097-01-01,1.6591688950438934
2097-01-02,1.8321443678973688
2097-01-03,4.128860414438159
2097-01-04,6.041292164999164
2097-01-05,5.007458843371432
2097-01-06,6.421464592887276
2097-01-07,8.254787835438043
2097-01-08,7.163755739838013
2097-01-09,5.865395060593446
2097-01-10,5.187661771055005
2097-01-11,5.353084012326858
2097-01-12,5.157508690928298
2097-01-13,4.356835120553543
2097-01-14,3.7430252476491432
2097-01-15,5.105379689866877
2097-01-16,10.057243883471083
2097-01-17,12.345716575905492
2097-01-18,10.288597718899004
2097-01-19,9.295364661616372
2097-01-20,8.338246035804683
2097-01-21,6.824302026832673
2097-01-22,5.962935979368175
2097-01-23,5.7112753516246535
2097-01-24,7.419621209179856
2097-01-25,8.582639735266383
2097-01-26,7.783869955038906
2097-01-27,7.541462782442569
2097-01-28,7.801913785196955
2097-01-29,8.6033808645372
2097-01-30,8.339089211455686
2097-01-31,10.015257857044224
2097-02-01,11.04549263136022
2097-02-02,9.515208742415851
2097-02-03,12.76581957195875
2097-02-04,17.62392728966362
2097-02-05,16.865676623442212
2097-02-06,16.001567802716107
2097-02-07,15.705383714664329
2097-02-08,12.931110369502186
2097-02-09,10.41840129328864
2097-02-10,8.557496884663488
2097-02-11,7.165538163768957
2097-02-12,6.114100209426014
2097-02-13,6.2669280886997685
2097-02-14,6.497484322437484
2097-02-15,5.936392480679792
2097-02-16,6.108191349850405
2097-02-17,5.866617743511404
2097-02-18,5.129767465774273
2097-02-19,4.560541801638165
2097-02-20,4.117528681459514
2097-02-21,3.7696869600579848
2097-02-22,3.494136515022248
2097-02-23,3.2738755655875598
2097-02-24,4.551135971979382
2097-02-25,8.63553083462875
2097-02-26,10.552498815915358
2097-02-27,10.45585183236343
2097-02-28,10.173090398607007
2097-03-01,8.406665246162625
2097-03-02,7.261898084127392
2097-03-03,6.443711722584541
2097-03-04,6.160527055105432
2097-03-05,6.019601529613119
2097-03-06,5.271401794436957
2097-03-07,4.693237724940134
2097-03-08,4.243321773326819
2097-03-09,5.6995094459242175
2097-03-10,7.522937585794561
2097-03-11,7.25668398106956
2097-03-12,6.965830832392413
2097-03-13,7.296530087079742
2097-03-14,7.3361171361649005
2097-03-15,6.299642386419559
2097-03-16,5.495073325756145
2097-03-17,4.876093261927508
2097-03-18,4.395590004719946
2097-03-19,4.019200367414362
2097-03-20,3.721682029270314
2097-03-21,3.484336568533531
2097-03-22,3.293204504421379
2097-03-23,3.1377880761301893
2097-03-24,3.0101388083129716
2097-03-25,2.9041998516528067
2097-03-26,2.815327994024966
2097-03-27,4.273041307071929
2097-03-28,6.08397098820467
2097-03-29,7.22876802838753
2097-03-30,7.970272435013954
2097-03-31,7.1605566107693335
2097-04-01,6.590149984292505
2097-04-02,6.63938368262037
2097-04-03,6.916975040185697
2097-04-04,5.969786444027875
2097-04-05,5.2273154072363
2097-04-06,4.654883888306241
2097-04-07,4.20953492684728
2097-04-08,3.8599243133416477
2097-04-09,3.626471822377528
2097-04-10,3.6443608233273994
2097-04-11,5.514795051096552
2097-04-12,10.35383690680731
2097-04-13,12.459748972803181
2097-04-14,10.457217665995842
2097-04-15,8.762883102397952
2097-04-16,9.98035571448308
2097-04-17,10.958818328952189
2097-04-18,9.282126734290022
2097-04-19,7.909768866517662
2097-04-20,6.743287014280736
2097-04-21,5.892910603763888
2097-04-22,5.239980639156474
2097-04-23,4.699812356923383
2097-04-24,4.277930081452413
2097-04-25,4.407834801602869
2097-04-26,4.601374147197571
2097-04-27,4.371629428713839
2097-04-28,4.730698918564496
2097-04-29,4.751949492578437
2097-04-30,4.3101368442418115
2097-05-01,3.9620068793800383
2097-05-02,3.685985761245854
2097-05-03,3.4650840662676976
2097-05-04,3.286592174048717
2097-05-05,3.1409337756816362
2097-05-06,3.020844860575142
2097-05-07,2.9351906899067153
2097-05-08,4.712901317179711
2097-05-09,7.477656945324921
2097-05-10,7.372659782930917
2097-05-11,6.3054650511650685
2097-05-12,5.490980979190969
2097-05-13,5.300651698127357
2097-05-14,5.22101284396026
2097-05-15,4.65589288789798
2097-05-16,4.214203301038821
2097-05-17,3.999843342494527
2097-05-18,4.063150634433531
2097-05-19,3.9228801579278634
2097-05-20,3.983100628023624
2097-05-21,4.234135120087254
2097-05-22,3.890722053922864
2097-05-23,3.602152010756401
2097-05-24,3.372170922828161
2097-05-25,3.187130487039593
2097-05-26,3.1556630449500545
2097-05-27,3.71471890047842
2097-05-28,4.029368358910928
2097-05-29,3.7018928161863567
2097-05-30,3.4420590793352503
2097-05-31,3.2749630504240757
2097-06-01,4.158245676672327
2097-06-02,5.110081484515031
2097-06-03,4.897360893797689
2097-06-04,4.590998462630829
2097-06-05,4.131359520549025
2097-06-06,4.3175656357946215
2097-06-07,4.562465778397513
2097-06-08,4.104694448470993
2097-06-09,3.7452172379286677
2097-06-10,3.4612535949208945
2097-06-11,3.234905848717089
2097-06-12,3.052812137472946
2097-06-13,2.904923492968656
2097-06-14,2.7836304771004845
2097-06-15,2.683133824612321
2097-06-16,2.598987091389192
2097-06-17,2.5277616691510927
2097-06-18,2.4667996037618183
2097-06-19,2.4140299273922112
2097-06-20,2.367831284804534
2097-06-21,2.3269285454482205
2097-06-22,2.3759051847594646
2097-06-23,2.4286766687304184
2097-06-24,2.369692582178037
2097-06-25,2.3626388353147174
2097-06-26,2.4168282964978336
2097-06-27,2.6810522207595695
2097-06-28,2.982324063230848
2097-06-29,3.1660692115718674
2097-06-30,3.3408323344599005
2097-07-01,3.0898721023532296
2097-07-02,2.8841716071059893
2097-07-03,2.718654142362279
2097-07-04,2.584237227223408
2097-07-05,2.4740326389232155
2097-07-06,2.3827830492704787
2097-07-07,2.3064519039260767
2097-07-08,2.358399767353526
2097-07-09,2.413072701954864
2097-07-10,2.326032574799769
2097-07-11,2.6262879390916813
2097-07-12,2.9698485741670524
2097-07-13,2.763917401935444
2097-07-14,2.5985732573296962
2097-07-15,2.4646445272902775
2097-07-16,2.3551360462656747
2097-07-17,2.264718446115647
2097-07-18,2.189306520365525
2097-07-19,2.1257506924040435
2097-07-20,2.071609533176538
2097-07-21,2.0249808405734795
2097-07-22,1.984375362314413
2097-07-23,1.958831114508196
2097-07-24,2.097117588400716
2097-07-25,2.214332746855288
2097-07-26,2.1300109190376797
2097-07-27,2.116317319721332
2097-07-28,2.125439494272201
2097-07-29,2.05280812741885
2097-07-30,2.2333657178823882
2097-07-31,2.4419496822845246
2097-08-01,2.3050193222106388
2097-08-02,2.1911296294041955
2097-08-03,2.0976532507310983
2097-08-04,2.0201922605941163
2097-08-05,1.9553618394135786
2097-08-06,1.9005425114099948
2097-08-07,1.8538228812779503
2097-08-08,1.8751014986901564
2097-08-09,1.8937251498732295
2097-08-10,1.8425656105481691
2097-08-11,1.7984066151394245
2097-08-12,1.7601981499707602
2097-08-13,1.7270291771036403
2097-08-14,1.6980299768187361
2097-08-15,1.6717006144282458
2097-08-16,1.6476731757329508
2097-08-17,1.6467975345537982
2097-08-18,1.6455079507221322
2097-08-19,1.6206472229258664
2097-08-20,1.5979418950275008
2097-08-21,1.5771798822016507
2097-08-22,1.558019617357254
2097-08-23,1.5401861163769028
2097-08-24,1.5234572686261163
2097-08-25,1.5076531003773457
2097-08-26,1.5091725229460435
2097-08-27,1.5149806041037397
2097-08-28,1.495715332028304
2097-08-29,1.4777759890655098
2097-08-30,1.4610678471821525
2097-08-31,1.445384499433513
2097-09-01,1.4305588181784257
2097-09-02,1.4164550553504034
2097-09-03,1.40296261529236
2097-09-04,1.3899911277344545
2097-09-05,1.3774665355780977
2097-09-06,1.3653279778878071
2097-09-07,1.353525298359186
2097-09-08,1.5110594630452256
2097-09-09,1.6621474345243499
2097-09-10,1.5926047726213393
2097-09-11,1.5366166483595631
2097-09-12,1.48956138167751
2097-09-13,1.4496196366996426
2097-09-14,1.4153686463511257
2097-09-15,1.3856906022868947
2097-09-16,1.3597034242574544
2097-09-17,1.3367081410303692
2097-09-18,1.3161486791982038
2097-09-19,1.2975809752868566
2097-09-20,1.2806491330851255
2097-09-21,1.265066933404865
2097-09-22,1.250603431041647
2097-09-23,1.3339149684637135
2097-09-24,1.438212514263444
2097-09-25,1.4785671172363717
2097-09-26,1.477106808244627
2097-09-27,1.4194046471654376
2097-09-28,1.3723170437404388
2097-09-29,1.3332588015063493
2097-09-30,1.329539687091168
2097-10-01,1.3185228547275714
2097-10-02,1.2844420305006297
2097-10-03,1.254916455612401
2097-10-04,1.2292697170045412
2097-10-05,1.2761781813413038
2097-10-06,1.3290607917122046
2097-10-07,1.2920391867847423
2097-10-08,1.2637140644801572
2097-10-09,1.231187490263216
2097-10-10,1.2031197355657184
2097-10-11,1.2135927137098144
2097-10-12,1.2341634009171238
2097-10-13,1.2022780564528939
2097-10-14,1.1749353039672623
2097-10-15,1.1511621506718919
2097-10-16,1.1302819800878918
2097-10-17,1.1117561055057001
2097-10-18,1.0951540496019814
2097-10-19,1.0801305815264766
2097-10-20,1.0664078928826155
2097-10-21,1.053761701597271
2097-10-22,1.0420103726021772
2097-10-23,1.0310063662796534
2097-10-24,1.0206294909248863
2097-10-25,1.0107815592095382
2097-10-26,1.0610365925539
2097-10-27,1.1469891888479402
2097-10-28,1.1314884687791424
2097-10-29,1.099386696589073
2097-10-30,1.2005380221361486
2097-10-31,1.2844033797800125
2097-11-01,1.2216661123257373
2097-11-02,1.170737874758133
2097-11-03,1.1644459550514386
2097-11-04,1.1692622535889217
2097-11-05,1.1252647944094338
2097-11-06,1.0886034344192321
2097-11-07,1.0575591269106355
2097-11-08,1.0310265467702953
2097-11-09,1.0081328047964015
2097-11-10,1.015245704462605
2097-11-11,1.5678669731094124
2097-11-12,2.0478598927419465
2097-11-13,1.8717912090285524
2097-11-14,1.7477652097075296
2097-11-15,1.6690786955010812
2097-11-16,1.8510942765921554
2097-11-17,1.905077190266714
2097-11-18,1.7132287929849992
2097-11-19,1.8184881680923324
2097-11-20,2.029755670019324
2097-11-21,2.2105508412404595
2097-11-22,2.4324537198301557
2097-11-23,2.296331955446429
2097-11-24,2.4026696833088663
2097-11-25,2.7263593736423766
2097-11-26,2.7760809507703743
2097-11-27,2.6102075214522906
2097-11-28,3.4690312281720774
2097-11-29,4.422386734419363
2097-11-30,3.808281076495982
2097-12-01,3.2206812033949093
2097-12-02,2.9455883022750426
2097-12-03,2.773663562174725
2097-12-04,2.7144557044845645
2097-12-05,2.7790993264495074
2097-12-06,3.8463389702582087
2097-12-07,4.7484840357092075
2097-12-08,4.031438920869822
2097-12-09,3.5021001216768997
2097-12-10,3.1354895808036987
2097-12-11,5.781197724126833
2097-12-12,9.736359104036232
2097-12-13,10.228721846859397
2097-12-14,12.039118897629939
2097-12-15,13.923692375543768
2097-12-16,12.133009057503434
2097-12-17,11.140040751051965
2097-12-18,10.542796643843415
2097-12-19,8.664763314006356
2097-12-20,7.031685627224866
2097-12-21,5.807265236248907
2097-12-22,4.8808872894904125
2097-12-23,4.173810397997498
2097-12-24,3.927410498665892
2097-12-25,6.351126944705682
2097-12-26,9.8117159252786
2097-12-27,10.096834975133516
2097-12-28,8.82853622849337
2097-12-29,8.594948040928037
2097-12-30,8.21865855365427
2097-12-31,7.924583549965621
2098-01-01,8.609942657241238
2098-01-02,10.7414037390879
2098-01-03,11.75960910822154
2098-01-04,9.437735726143801
2098-01-05,9.465460397121815
2098-01-06,9.785736226377695
2098-01-07,8.46111203782562
2098-01-08,7.979344499279395
2098-01-09,10.186816239013421
2098-01-10,11.461148584588187
2098-01-11,10.09132840855585
2098-01-12,9.331244219557734
2098-01-13,7.903004029957739
2098-01-14,8.323250797275628
2098-01-15,8.939883758824442
2098-01-16,11.225773236927564
2098-01-17,15.623059745678608
2098-01-18,17.7484132279652
2098-01-19,21.132150134893596
2098-01-20,21.212736362981698
2098-01-21,19.274434409788665
2098-01-22,18.251227783965433
2098-01-23,14.923549477904038
2098-01-24,12.037655717287768
2098-01-25,9.95460158777064
2098-01-26,8.312920973594151
2098-01-27,7.076971729016844
2098-01-28,6.138348981845009
2098-01-29,5.418791150640984
2098-01-30,6.313844680203353
2098-01-31,7.319718678927575
2098-02-01,6.980009772614788
2098-02-02,6.895583424726418
2098-02-03,6.418194193377669
2098-02-04,6.2574578317045555
2098-02-05,5.992663506374995
2098-02-06,5.573131320471551
2098-02-07,5.303240996102827
2098-02-08,5.245023027589575
2098-02-09,5.277813237324363
2098-02-10,4.860717145255766
2098-02-11,4.567026548388629
2098-02-12,4.3793253925268205
2098-02-13,4.273459524024445
2098-02-14,4.078797031218506
2098-02-15,3.9876276726403472
2098-02-16,6.758438715189484
2098-02-17,11.467826065498963
2098-02-18,11.572882732547102
2098-02-19,9.868642260224705
2098-02-20,9.479586104135002
2098-02-21,8.916486038254627
2098-02-22,7.650335187702556
2098-02-23,6.58970377796251
2098-02-24,5.7799083674985114
2098-02-25,5.156040466402367
2098-02-26,4.670955042274294
2098-02-27,4.290293150639036
2098-02-28,3.9887911580711535
2098-03-01,3.747719237761304
2098-03-02,3.553084371992974
2098-03-03,7.303188822123039
2098-03-04,11.12811900100287
2098-03-05,11.20107834281542
2098-03-06,14.820054392179882
2098-03-07,15.955534636463625
2098-03-08,18.138455393061346
2098-03-09,20.946463033333867
2098-03-10,17.477185898985393
2098-03-11,14.050936110013781
2098-03-12,11.79897420322503
2098-03-13,12.431247206067274
2098-03-14,12.544548177238957
2098-03-15,10.395952027472363
2098-03-16,8.814628583116436
2098-03-17,7.575243170990011
2098-03-18,6.687285895227713
2098-03-19,5.993318982870494
2098-03-20,9.957608855350843
2098-03-21,13.659531734885116
2098-03-22,11.211089068674672
2098-03-23,9.385900199845434
2098-03-24,8.017288352101861
2098-03-25,7.580059240055846
2098-03-26,7.288293407295285
2098-03-27,6.42584730807512
2098-03-28,5.759814024200839
2098-03-29,5.242088953287227
2098-03-30,4.835777260520547
2098-03-31,6.433451135054857
2098-04-01,8.371940189758915
2098-04-02,8.41969066520835
2098-04-03,8.033549934770011
2098-04-04,7.477302790114524
2098-04-05,7.828689232008735
2098-04-06,7.85425138173435
2098-04-07,9.325397462314347
2098-04-08,10.760096680696362
2098-04-09,11.138076216794865
2098-04-10,13.067221123092102
2098-04-11,13.624325014222089
2098-04-12,11.827504434083364
2098-04-13,9.875962248477121
2098-04-14,8.566402759122068
2098-04-15,7.705948829047589
2098-04-16,6.812942520493785
2098-04-17,6.085096765941551
2098-04-18,5.5207508484341945
2098-04-19,5.079201695394277
2098-04-20,4.730335686385346
2098-04-21,4.4519387629029215
2098-04-22,4.227491708184472
2098-04-23,4.0446175895708665
2098-04-24,3.893977686012937
2098-04-25,4.225263650334868
2098-04-26,4.593402646581613
2098-04-27,4.320362123739856
2098-04-28,4.098734037245662
2098-04-29,3.918302896034058
2098-04-30,3.769813917140494
2098-05-01,3.646238094608723
2098-05-02,3.542203653884681
2098-05-03,3.4535812719163412
2098-05-04,5.982728962639068
2098-05-05,9.465039124119885
2098-05-06,8.80789393618453
2098-05-07,7.572402279569414
2098-05-08,7.614618883950545
2098-05-09,9.4673560517048
2098-05-10,11.69616439512388
2098-05-11,12.138285228666604
2098-05-12,10.572752555396415
2098-05-13,9.029152602276069
2098-05-14,9.506414541987791
2098-05-15,10.264666498846132
2098-05-16,9.2373058477388
2098-05-17,8.19176061342523
2098-05-18,7.104584731515622
2098-05-19,6.661215474088929
2098-05-20,8.241207457675328
2098-05-21,9.096918619193998
2098-05-22,7.793859257188333
2098-05-23,6.802243707160024
2098-05-24,6.0432829811000275
2098-05-25,5.456413086700713
2098-05-26,4.9981851809453754
2098-05-27,4.869828749068302
2098-05-28,4.982327946051131
2098-05-29,4.648973264965938
2098-05-30,4.353509559813763
2098-05-31,4.116369804603032
2098-06-01,3.924080645986973
2098-06-02,3.7664980444246514
2098-06-03,5.924306282721926
2098-06-04,8.518372254275983
2098-06-05,7.470837140868859
2098-06-06,6.522953932473601
2098-06-07,5.795300709283786
2098-06-08,5.232166918738124
2098-06-09,4.792219971896252
2098-06-10,4.44523578973902
2098-06-11,4.168921041825453
2098-06-12,3.9466991016101933
2098-06-13,3.766151113113722
2098-06-14,3.617907508734209
2098-06-15,3.4948525713020047
2098-06-16,3.3915487228919208
2098-06-17,3.303816483076517
2098-06-18,3.2284256815870562
2098-06-19,4.159520768291819
2098-06-20,5.2574265933084385
2098-06-21,4.783883297565486
2098-06-22,4.395465574678436
2098-06-23,4.087919458275259
2098-06-24,3.842245753995538
2098-06-25,3.6440672564232286
2098-06-26,3.4825788084456977
2098-06-27,3.3496040722654317
2098-06-28,3.238916128125633
2098-06-29,3.145744001731956
2098-06-30,3.2875269955076596
2098-07-01,3.4607563924064535
2098-07-02,3.314202972320881
2098-07-03,3.1919557490536676
2098-07-04,3.090127751396993
2098-07-05,3.0043176803911886
2098-07-06,2.931143594800685
2098-07-07,2.8679919803119867
2098-07-08,2.812832286710871
2098-07-09,2.90015586468695
2098-07-10,2.9791733697782896
2098-07-11,2.895042152343027
2098-07-12,2.822336368891552
2098-07-13,2.759702363759358
2098-07-14,2.705110913524829
2098-07-15,2.6733229815497057
2098-07-16,2.639959722465747
2098-07-17,2.704428226457559
2098-07-18,2.7850159444524514
2098-07-19,2.7129659789856784
2098-07-20,2.6480293469259384
2098-07-21,2.591844044329901
2098-07-22,2.5426632131765676
2098-07-23,2.499116668118013
2098-07-24,2.460124833524583
2098-07-25,2.424833464685202
2098-07-26,2.3925638596668652
2098-07-27,2.3627746865879247
2098-07-28,2.3462303407455543
2098-07-29,2.3256441385291224
2098-07-30,2.2985151375557846
2098-07-31,2.272941377959586
2098-08-01,2.3602624124463714
2098-08-02,2.456340308970121
2098-08-03,2.394485185774372
2098-08-04,2.342112152915673
2098-08-05,2.2964059060046527
2098-08-06,2.256063827515717
2098-08-07,2.2200586397136424
2098-08-08,2.18757680422166
2098-08-09,2.157971472768818
2098-08-10,2.1734767885666506
2098-08-11,2.2290222704120457
2098-08-12,2.2110706484940814
2098-08-13,2.167144537488961
2098-08-14,2.179774113628284
2098-08-15,2.282549607337344
2098-08-16,2.2986570283453123
2098-08-17,2.2315579946484467
2098-08-18,2.1728503004624486
2098-08-19,2.122475116143921
2098-08-20,2.078763287641271
2098-08-21,2.0404055494107283
2098-08-22,2.006370327302261
2098-08-23,1.9758413815149873
2098-08-24,1.9481702400914827
2098-08-25,1.9228397251066565
2098-08-26,1.8994358458536384
2098-08-27,1.8776260374251637
2098-08-28,1.8571422364514352
2098-08-29,1.83776766243094
2098-08-30,1.8193264511458607
2098-08-31,1.8016754930934056
2098-09-01,1.7846979839778399
2098-09-02,1.7732391354036878
2098-09-03,1.7616914420690526
2098-09-04,1.7449619594776575
2098-09-05,1.728796479683879
2098-09-06,1.7131483893810815
2098-09-07,1.700196465529032
2098-09-08,1.68874234449212
2098-09-09,1.6741143375180156
2098-09-10,1.6592462488499586
2098-09-11,1.6447686230012744
2098-09-12,1.7465373942350115
2098-09-13,1.825991600265473
2098-09-14,1.7761805806375703
2098-09-15,1.7381921005044367
2098-09-16,1.703430175246047
2098-09-17,1.671779082465484
2098-09-18,1.6437347032502947
2098-09-19,1.6186231678674972
2098-09-20,1.595906221461749
2098-09-21,1.575153420924118
2098-09-22,1.5560193203898034
2098-09-23,1.5654190414639209
2098-09-24,1.5986286774677616
2098-09-25,1.6002700284144022
2098-09-26,1.580106372667509
2098-09-27,1.5517352531619515
2098-09-28,1.5926723728042422
2098-09-29,2.2034032229049614
2098-09-30,2.8349744499569525
2098-10-01,2.766874783483958
2098-10-02,2.709194192126253
2098-10-03,2.6667816765114813
2098-10-04,2.499548864972171
2098-10-05,2.288951903529903
2098-10-06,2.1211147601569063
2098-10-07,1.986111572450304
2098-10-08,1.8766337108165276
2098-10-09,1.7871083954946065
2098-10-10,1.7132609212415961
2098-10-11,1.6517937817978658
2098-10-12,1.6001497439994967
2098-10-13,1.5871681125570338
2098-10-14,1.5897694526159876
2098-10-15,1.545201245169807
2098-10-16,1.5090531603438577
2098-10-17,2.1165275398969037
2098-10-18,2.7806273212751926
2098-10-19,2.5481113474424784
2098-10-20,2.3105564815278483
2098-10-21,2.121965357807111
2098-10-22,1.9710523338593697
2098-10-23,1.897146617215503
2098-10-24,2.5049772155744265
2098-10-25,3.2025135898101986
2098-10-26,3.1138532741866456
2098-10-27,5.555921118538133
2098-10-28,10.330802554263125
2098-10-29,11.013737043247088
2098-10-30,11.348531343411203
2098-10-31,12.431035408879724
2098-11-01,10.786319796698178
2098-11-02,8.965229430095489
2098-11-03,7.841938011930569
2098-11-04,6.610008851298356
2098-11-05,5.52263157842803
2098-11-06,5.7425592914899815
2098-11-07,7.19425536019475
2098-11-08,8.115354164697782
2098-11-09,7.5796634631380995
2098-11-10,6.2801773701464265
2098-11-11,5.297501478030957
2098-11-12,4.548524721658097
2098-11-13,4.007091948287556
2098-11-14,3.7279427769478097
2098-11-15,3.4257781292601326
2098-11-16,3.0985461467649085
2098-11-17,2.839829473069679
2098-11-18,3.955282837340706
2098-11-19,5.842646476366114
2098-11-20,5.944368698022175
2098-11-21,5.225949960437302
2098-11-22,5.943428618905583
2098-11-23,8.188931963104375
2098-11-24,8.724144173203767
2098-11-25,8.726907432951997
2098-11-26,8.896277378574872
2098-11-27,7.903152665562153
2098-11-28,7.4113162633185965
2098-11-29,10.50851546462526
2098-11-30,12.704344279293673
2098-12-01,13.279972816342434
2098-12-02,15.233117155254371
2098-12-03,13.833960987181811
2098-12-04,11.058551264971891
2098-12-05,9.865545143770282
2098-12-06,9.725103321491316
2098-12-07,8.885949585603186
2098-12-08,7.610276821963942
2098-12-09,6.444224060378207
2098-12-10,5.558274938824778
2098-12-11,4.8791534087548465
2098-12-12,4.3539048702048175
2098-12-13,4.329006964984814
2098-12-14,4.401931247153208
2098-12-15,3.9802614744052875
2098-12-16,3.6482216935971437
2098-12-17,3.384895603299752
2098-12-18,3.1741770847716158
2098-12-19,3.0040068286371064
2098-12-20,3.451810185124233
2098-12-21,4.10180408849534
2098-12-22,4.3842477733447005
2098-12-23,6.767729035296095
2098-12-24,13.866981304701731
2098-12-25,34.37625972551285
2098-12-26,43.24785528758708
2098-12-27,34.41833400568813
2098-12-28,35.588638253785746
2098-12-29,33.32105615608287
2098-12-30,27.02019368550603
2098-12-31,21.19198639542723
2099-01-01,16.52212225989828
2099-01-02,13.279081599806752
2099-01-03,10.894687114615344
2099-01-04,9.122242740123097
2099-01-05,7.790950613548141
2099-01-06,6.781040892884143
2099-01-07,6.007537634419936
2099-01-08,6.047431531240874
2099-01-09,6.330753063853957
2099-01-10,9.591099938043948
2099-01-11,17.92189898870542
2099-01-12,20.233683777319918
2099-01-13,17.15415040014882
2099-01-14,19.16521344027747
2099-01-15,20.051153571756924
2099-01-16,16.731193204654932
2099-01-17,15.339467761092939
2099-01-18,19.86610631552467
2099-01-19,23.04805935043073
2099-01-20,18.66507981752
2099-01-21,15.526128243123269
2099-01-22,13.261589248994438
2099-01-23,11.03851573936452
2099-01-24,9.953080277325133
2099-01-25,9.23689687700728
2099-01-26,8.43846495956076
2099-01-27,7.887551101018006
2099-01-28,6.994411244324657
2099-01-29,6.305753376718843
2099-01-30,5.7700220268053295
2099-01-31,5.3491038878462644
2099-02-01,5.166721672754706
2099-02-02,6.682169737131004
2099-02-03,8.470289165440457
2099-02-04,8.09947301313206
2099-02-05,8.154590964950849
2099-02-06,8.420245680207904
2099-02-07,7.47738556679525
2099-02-08,6.657206730077308
2099-02-09,6.023508659917635
2099-02-10,5.529257396322248
2099-02-11,5.139929184769257
2099-02-12,7.0663158698244155
2099-02-13,9.137095006273055
2099-02-14,8.116159635487788
2099-02-15,7.131400429677768
2099-02-16,7.782416426121126
2099-02-17,8.98195815069822
2099-02-18,8.36116984328798
2099-02-19,7.47822653884205
2099-02-20,7.0482250303394745
2099-02-21,6.771557583503888
2099-02-22,8.508567248784383
2099-02-23,9.985925336879436
2099-02-24,9.7684730131778
2099-02-25,14.124458714429677
2099-02-26,18.009715803724653
2099-02-27,15.62934345867243
2099-02-28,13.466956123008282
2099-03-01,11.929061425698125
2099-03-02,10.048668893488408
2099-03-03,8.63728369343682
2099-03-04,7.567938952557692
2099-03-05,6.749561695725309
2099-03-06,6.117032802610523
2099-03-07,5.623311609351663
2099-03-08,5.234093591665906
2099-03-09,7.084948868497633
2099-03-10,14.66891770877279
2099-03-11,18.716263946663187
2099-03-12,15.43510525852878
2099-03-13,12.666817612862202
2099-03-14,11.541168582138864
2099-03-15,14.144389815759299
2099-03-16,16.56948863235431
2099-03-17,19.3923847645029
2099-03-18,20.95603782673962
2099-03-19,18.02725524155344
2099-03-20,15.357925113668196
2099-03-21,12.68010885843715
2099-03-22,10.694829026832842
2099-03-23,9.43580585504366
2099-03-24,10.824311355985627
2099-03-25,12.729566409682675
2099-03-26,11.761391601139051
2099-03-27,10.334892302286242
2099-03-28,9.32144859808738
2099-03-29,8.718777121095966
2099-03-30,9.87820233355914
2099-03-31,11.081917716984144
2099-04-01,10.956399529530996
2099-04-02,10.002127016547908
2099-04-03,8.697040040611634
2099-04-04,7.703525011864529
2099-04-05,6.9403520849055065
2099-04-06,6.348157384706678
2099-04-07,5.883949153533883
2099-04-08,5.516301438726971
2099-04-09,6.171381133070458
2099-04-10,7.451884585255865
2099-04-11,7.604023541089369
2099-04-12,7.273128665186641
2099-04-13,6.680560332190844
2099-04-14,6.328363285223901
2099-04-15,6.786883138385549
2099-04-16,6.867257497048004
2099-04-17,6.304065345498233
2099-04-18,6.746937985231099
2099-04-19,7.2844998539210195
2099-04-20,6.640241524810274
2099-04-21,6.065954470532449
2099-04-22,5.615338756067026
2099-04-23,5.72149947257082
2099-04-24,5.998868079722542
2099-04-25,5.579123546186522
2099-04-26,5.837687598764968
2099-04-27,8.801828635279835
2099-04-28,11.294366980142575
2099-04-29,11.688506672783426
2099-04-30,12.958973392662863
2099-05-01,13.514746145945614
2099-05-02,12.68494742180644
2099-05-03,13.027270156183382
2099-05-04,16.481971782453318
2099-05-05,17.937899078968893
2099-05-06,15.878174581158747
2099-05-07,13.365962133670486
2099-05-08,11.215263479102218
2099-05-09,9.765783441786493
2099-05-10,16.65933372807638
2099-05-11,27.83970902364877
2099-05-12,25.109894205918717
2099-05-13,19.16003376866104
2099-05-14,15.891511921180573
2099-05-15,13.531377277305758
2099-05-16,11.389566043853153
2099-05-17,9.973660165712998
2099-05-18,9.032127933969454
2099-05-19,8.032823942536245
2099-05-20,7.927668782169367
2099-05-21,7.858355811687638
2099-05-22,7.097370743910198
2099-05-23,6.504614135983741
2099-05-24,6.039488940260767
2099-05-25,5.6707255712563525
2099-05-26,5.3752470472710465
2099-05-27,5.710435449647449
2099-05-28,6.325985718156872
2099-05-29,5.976299645284917
2099-05-30,5.596621276344134
2099-05-31,5.292616665143295
2099-06-01,5.0471052769364215
2099-06-02,4.847205937597837
2099-06-03,4.839058769234427
2099-06-04,4.803786056322054
2099-06-05,4.636887867406281
2099-06-06,4.49679332933255
2099-06-07,4.378398121383548
2099-06-08,4.277090700817659
2099-06-09,4.189314226937076
2099-06-10,4.112310733558754
2099-06-11,4.055626978796394
2099-06-12,4.094952093841859
2099-06-13,4.120090703016691
2099-06-14,4.079585810555147
2099-06-15,4.051779273943313
2099-06-16,4.066668655216371
2099-06-17,4.012360644923402
2099-06-18,4.032400098757592
2099-06-19,4.417135474935303
2099-06-20,5.221175423817056
2099-06-21,5.426490950756091
2099-06-22,5.350734097586681
2099-06-23,5.38954971797946
2099-06-24,5.292487225554932
2099-06-25,5.5117405050292225
2099-06-26,5.340541619670479
2099-06-27,4.94932375778409
2099-06-28,5.545429265660967
2099-06-29,6.179708919315275
2099-06-30,5.593903968386251
2099-07-01,5.135858767560033
2099-07-02,4.775578373092222
2099-07-03,4.496727558121978
2099-07-04,4.349927166154361
2099-07-05,9.882262946892482
2099-07-06,16.01378758930281
2099-07-07,13.014864278773702
2099-07-08,10.761790397527816
2099-07-09,9.085217393876428
2099-07-10,8.14374624298966
2099-07-11,7.431144369107237
2099-07-12,6.568392977089282
2099-07-13,5.902500702515492
2099-07-14,5.38495496064872
2099-07-15,4.97879559413531
2099-07-16,4.6569139928135455
2099-07-17,4.399258418628118
2099-07-18,4.378040503849452
2099-07-19,5.0748380926368535
2099-07-20,5.489750178125155
2099-07-21,5.0593522840887255
2099-07-22,4.699384347412415
2099-07-23,4.413073348471102
2099-07-24,4.183029267428641
2099-07-25,4.097848608660382
2099-07-26,4.384845089440526
2099-07-27,4.476451258154179
2099-07-28,4.218178995515445
2099-07-29,4.0093747290762565
2099-07-30,3.8393343063831575
2099-07-31,3.699328229910408
2099-08-01,3.5827336746247957
2099-08-02,3.4844939811349422
2099-08-03,3.4007251247956294
2099-08-04,3.3284269392946157
2099-08-05,3.265269644235801
2099-08-06,3.2094349430393563
2099-08-07,3.159496966621655
2099-08-08,3.1146657765524135
2099-08-09,3.1297224911994888
2099-08-10,3.1268630017516355
2099-08-11,3.076386595912556
2099-08-12,3.0306394816160824
2099-08-13,2.9890438861611006
2099-08-14,2.9651369871357836
2099-08-15,2.949763667110257
2099-08-16,2.9132177747978947
2099-08-17,2.8770926377216255
2099-08-18,2.8434718493607694
2099-08-19,2.8119233108072077
2099-08-20,2.9982015024508253
2099-08-21,3.2211810386690254
2099-08-22,3.110827720358371
2099-08-23,3.0184518875529758
2099-08-24,3.1441748162071277
2099-08-25,3.29417071831573
2099-08-26,3.1583264809954428
2099-08-27,3.082038654620778
2099-08-28,3.0800306779290856
2099-08-29,3.2481003809482676
2099-08-30,3.4865831439489177
2099-08-31,4.872961531742382
2099-09-01,6.438386298761997
2099-09-02,5.988300681857699
2099-09-03,5.250753153366584
2099-09-04,5.238527140614793
2099-09-05,5.362514012423418
2099-09-06,4.773860292545206
2099-09-07,4.307738528984802
2099-09-08,3.9429002357341236
2099-09-09,3.6547208184913447
2099-09-10,3.446934860901709
2099-09-11,3.298371667611661
2099-09-12,3.1452959288612976
2099-09-13,3.056836042758667
2099-09-14,2.947810248400613
2099-09-15,2.8464705742039436
2099-09-16,2.7614704025159607
2099-09-17,2.6894365603207135
2099-09-18,2.627690625783479
2099-09-19,3.0619650301944827
2099-09-20,4.642560785145879
2099-09-21,5.811397370041586
2099-09-22,5.505032301238473
2099-09-23,5.07578743302064
2099-09-24,4.866684688135645
2099-09-25,4.435580457056183
2099-09-26,4.119052721498046
2099-09-27,3.768815832330086
2099-09-28,3.548342696304518
2099-09-29,3.6000446986163754
2099-09-30,3.6525321865359497
2099-10-01,3.5080849378394685
2099-10-02,3.2716037680000767
2099-10-03,3.081197953916065
2099-10-04,2.927101289482417
2099-10-05,2.8594854213412355
2099-10-06,2.8346256422165435
2099-10-07,2.900946332146171
2099-10-08,3.0136223287134487
2099-10-09,2.861449845296774
2099-10-10,2.7380016108165113
2099-10-11,2.828509326366954
2099-10-12,4.678919487863093
2099-10-13,6.32068786725791
2099-10-14,5.586341972570582
2099-10-15,4.900639986188628
2099-10-16,4.338406613545566
2099-10-17,3.901652183863247
2099-10-18,3.5596125583088916
2099-10-19,3.289387836615252
2099-10-20,3.0919056394294047
2099-10-21,2.942815329850005
2099-10-22,2.794089090679213
2099-10-23,2.672320699873246
2099-10-24,2.5718060178289943
2099-10-25,2.487983573570379
2099-10-26,2.4173392968302623
2099-10-27,2.3571513293318858
2099-10-28,2.305300631958577
2099-10-29,2.2601294855644016
2099-10-30,2.2203351081979945
2099-10-31,2.1848891974482014
2099-11-01,2.152976736913088
2099-11-02,2.123949205491654
2099-11-03,2.0972886179450647
2099-11-04,2.364722793761427
2099-11-05,3.4948840796154923
2099-11-06,5.7533626717753785
2099-11-07,6.956262374181622
2099-11-08,6.053340338248344
2099-11-09,5.217229626240014
2099-11-10,4.542428868840796
2099-11-11,4.0214588678227114
2099-11-12,4.069468583254731
2099-11-13,4.193751663813164
2099-11-14,5.722561139314021
2099-11-15,8.585477715350864
2099-11-16,8.564606347686238
2099-11-17,7.104632056367987
2099-11-18,6.003356397297669
2099-11-19,5.748022987626748
2099-11-20,9.171634901411943
2099-11-21,12.079820287255368
2099-11-22,12.11911848898197
2099-11-23,11.73726953075464
2099-11-24,9.595780361493683
2099-11-25,7.933290290576989
2099-11-26,6.698852988645228
2099-11-27,5.746971081246827
2099-11-28,5.0193803814727564
2099-11-29,4.458323035569161
2099-11-30,5.188368728674323
2099-12-01,6.00186072049339
2099-12-02,5.220652368585374
2099-12-03,4.615859040091415
2099-12-04,4.14671236204249
2099-12-05,5.503181878809353
2099-12-06,7.732220067680966
2099-12-07,7.497871963372073
2099-12-08,7.49696052978052
2099-12-09,8.123413566616156
2099-12-10,7.345312148331511
2099-12-11,6.260931539284893
2099-12-12,6.035485289803969
2099-12-13,5.963151341795338
2099-12-14,5.210310730749334
2099-12-15,4.629236646573846
2099-12-16,4.177406686155417
2099-12-17,3.82296826170918
2099-12-18,4.323068987960711
2099-12-19,4.9506237324804205
2099-12-20,8.377558200005756
2099-12-21,11.818888857610544
2099-12-22,19.658139404051628
2099-12-23,35.77425892562316
2099-12-24,35.72612188873084
2099-12-25,26.298269201620286
2099-12-26,18.96362434596765
2099-12-27,14.94821359200146
2099-12-28,15.116896197011483
2099-12-29,16.211632595342103
2099-12-30,21.307617790519956
2099-12-31,30.332285332366826
2100-01-01,26.699019407762833
2100-01-02,20.25709998031628
2100-01-03,16.263669215771774
2100-01-04,13.16505084672886
2100-01-05,10.882449700714774
2100-01-06,9.182662932608391
2100-01-07,7.903643607118877
2100-01-08,6.931576486116161
2100-01-09,6.185590578342232
2100-01-10,5.607606917550235
2100-01-11,5.155501814641885
2100-01-12,4.798443217944539
2100-01-13,8.979776186808785
2100-01-14,13.34720347243627
2100-01-15,16.37457059952907
2100-01-16,17.87230413605859
2100-01-17,17.991303689314794
2100-01-18,18.67025309152422
2100-01-19,16.490569923289097
2100-01-20,13.59592064879701
2100-01-21,11.267643038820855
2100-01-22,9.534620780272316
2100-01-23,8.776779187953588
2100-01-24,8.293240438645356
2100-01-25,7.289743901601555
2100-01-26,6.51936169731566
2100-01-27,6.788962465556814
2100-01-28,7.534567812482716
2100-01-29,7.764030238206271
2100-01-30,7.543054683414561
2100-01-31,7.2644519363528
2100-02-01,8.962817584737184
2100-02-02,11.404073053549205
2100-02-03,12.039308042347555
2100-02-04,12.457550279541168
2100-02-05,12.488682293109761
2100-02-06,11.012742778003073
2100-02-07,10.56188594785901
2100-02-08,11.97298110101457
2100-02-09,14.236495822132659
2100-02-10,18.131137110641184
2100-02-11,24.352487304395442
2100-02-12,48.61060827508939
2100-02-13,56.46372157008062
2100-02-14,38.41814370587306
2100-02-15,27.864481242664436
2100-02-16,20.921852770981424
2100-02-17,16.84806656995153
2100-02-18,13.879288685979526
2100-02-19,11.973353355710325
2100-02-20,10.592706708323346
2100-02-21,9.223524784820164
2100-02-22,8.181620377367627
2100-02-23,7.381410116950327
2100-02-24,6.760544277645742
2100-02-25,6.769473022506504
2100-02-26,7.449383090317948
2100-02-27,7.393897849149508
2100-02-28,6.753867361076619
2100-03-01,6.25228004485398
2100-03-02,5.855922878949225
2100-03-03,5.53936376035615
2100-03-04,5.88809952458682
2100-03-05,6.37423460582244
2100-03-06,6.08812983608739
2100-03-07,6.0146793523275415
2100-03-08,5.852168101328172
2100-03-09,5.508686405906033
2100-03-10,5.23198773913002
2100-03-11,5.007419072790931
2100-03-12,4.823766693138401
2100-03-13,4.670519539669906
2100-03-14,4.54130443299582
2100-03-15,6.275277968070006
2100-03-16,8.029172769995375
2100-03-17,7.3609673091563605
2100-03-18,6.864222066417065
2100-03-19,6.251128215446962
2100-03-20,5.770850824971206
2100-03-21,5.391659432439201
2100-03-22,5.0891543500089975
2100-03-23,5.782295278707956
2100-03-24,6.655303761817994
2100-03-25,6.1828221570629225
2100-03-26,5.694653628006072
2100-03-27,5.309105396537651
2100-03-28,5.002009364784074
2100-03-29,4.754812697232574
2100-03-30,4.553657697482289
2100-03-31,4.871199437005854
2100-04-01,6.0208161909398745
2100-04-02,8.192391334785167
2100-04-03,9.273151242696622
2100-04-04,8.592852148703573
2100-04-05,7.89764801655306
2100-04-06,6.991794724036265
2100-04-07,6.307675949873411
2100-04-08,5.797656889776111
2100-04-09,5.356805977386215
2100-04-10,5.007587589391391
2100-04-11,4.729184742673551
2100-04-12,5.15291691683226
2100-04-13,5.667413321210837
2100-04-14,5.775052119313403
2100-04-15,6.150590175643007
2100-04-16,5.934882059095162
2100-04-17,5.436833349204099
2100-04-18,5.044373746766037
2100-04-19,5.545519413130168
2100-04-20,8.270104307751305
2100-04-21,9.526677283481543
2100-04-22,8.179908256869842
2100-04-23,7.155728075508301
2100-04-24,6.380843876082518
2100-04-25,6.072629769718984
2100-04-26,8.413680330061785
2100-04-27,10.26650021431501
2100-04-28,9.286015495005289
2100-04-29,8.542517741982351
2100-04-30,7.439148538015868
2100-05-01,6.590823485743016
2100-05-02,6.30554630366456
2100-05-03,6.184481415622341
2100-05-04,5.619331290152441
2100-05-05,6.651033718137342
2100-05-06,9.064557501744412
2100-05-07,10.04226536038629
2100-05-08,9.727249341687616
2100-05-09,9.594464457485893
2100-05-10,13.103538300735556
2100-05-11,16.38418626302059
2100-05-12,14.603895694669148
2100-05-13,11.995652603769598
2100-05-14,10.06114239386895
2100-05-15,8.612891460688429
2100-05-16,7.517384408751478
2100-05-17,6.6803661666550225
2100-05-18,6.034542668410279
2100-05-19,5.531367202485304
2100-05-20,5.168806067962786
2100-05-21,4.859342524530366
2100-05-22,4.598896945669208
2100-05-23,4.387947762187281
2100-05-24,4.2152306419234735
2100-05-25,4.072224409517882
2100-05-26,3.9524415877270127
2100-05-27,3.8509131723551917
2100-05-28,3.7638115351082155
2100-05-29,3.688172390785424
2100-05-30,3.6216883815622896
2100-05-31,3.56255482669604
2100-06-01,4.025130551617877
2100-06-02,4.993011097310183
2100-06-03,5.009964791282751
2100-06-04,4.657199845813374
2100-06-05,4.375756308450799
2100-06-06,4.1493971745712095
2100-06-07,3.9654492633189764
2100-06-08,3.814358264485131
2100-06-09,3.985849688221085
2100-06-10,4.263980808409305
2100-06-11,4.058141710026813
2100-06-12,3.8735729243144443
2100-06-13,3.722253431146161
2100-06-14,3.596820846231011
2100-06-15,3.491658824892822
2100-06-16,3.4024573486886514
2100-06-17,3.325890247689649
2100-06-18,3.2595713174308263
2100-06-19,3.397926662090242
2100-06-20,3.5378598169924413
2100-06-21,3.420992390207599
2100-06-22,3.328142713841118
2100-06-23,3.247504002981739
2100-06-24,3.1736891896284862
2100-06-25,3.1095986683015404
2100-06-26,3.0533206599321665
2100-06-27,3.0435816911136464
2100-06-28,3.032615708335445
2100-06-29,2.9795573490757405
2100-06-30,3.532136385713464
2100-07-01,4.300596366521979
2100-07-02,4.378275774981637
2100-07-03,4.3736974231935415
2100-07-04,4.1996543617010476
2100-07-05,3.9554993390182784
2100-07-06,3.704359464386171
2100-07-07,3.5021658485112934
2100-07-08,3.338159205422002
2100-07-09,3.203765645561156
2100-07-10,3.1254293849551225
2100-07-11,3.070500334817258
2100-07-12,2.978700363178701
2100-07-13,2.900598059375039
2100-07-14,2.833699248585845
2100-07-15,2.7757257219950975
2100-07-16,2.7248982138731166
2100-07-17,2.679820612592891
2100-07-18,2.6393925732570795
2100-07-19,2.6027431861242123
2100-07-20,2.569180353090506
2100-07-21,2.722928357430055
2100-07-22,2.8817435701694056
2100-07-23,2.787903470475552
2100-07-24,2.709582545031448
2100-07-25,2.6429412919659563
2100-07-26,2.5855758316789137
2100-07-27,2.5356146671652846
2100-07-28,2.763381098969322
2100-07-29,3.3355398573923662
2100-07-30,3.45756868750035
2100-07-31,3.2258194281918082
2100-08-01,3.041986020337284
2100-08-02,2.9301412374055626
2100-08-03,2.8738721026917795
2100-08-04,2.77576346438876
2100-08-05,2.6709586839686152
2100-08-06,2.583545295036425
2100-08-07,2.5099943070357016
2100-08-08,2.4474196283784235
2100-08-09,2.396714679872702
2100-08-10,2.3527549627216793
2100-08-11,2.3106830816678516
2100-08-12,2.273093159945566
2100-08-13,2.2393539763973975
2100-08-14,2.2087502610294387
2100-08-15,2.180712297419482
2100-08-16,2.1547845969981263
2100-08-17,2.1306016845283744
2100-08-18,2.1078692949371587
2100-08-19,2.09497729723808
2100-08-20,2.41681651608623
2100-08-21,2.751357784229912
2100-08-22,2.606189581533538
2100-08-23,2.4853442862384405
2100-08-24,2.386009255546295
2100-08-25,2.3035419918313793
2100-08-26,2.23437151481208
2100-08-27,2.1757358756815135
2100-08-28,2.1254877335737885
2100-08-29,2.0819493666527102
2100-08-30,2.043803854856966
2100-08-31,2.010012915182829
2100-09-01,1.9797545056028547
2100-09-02,1.952375183704352
2100-09-03,1.9273535433246833
2100-09-04,1.9042720156468598
2100-09-05,1.8827950198149417
2100-09-06,1.8626519581557313
2100-09-07,1.8725244027290582
2100-09-08,2.24070263975959
2100-09-09,2.5271533957172596
2100-09-10,2.3777908167720496
2100-09-11,2.2581433053086326
2100-09-12,2.160175785293099
2100-09-13,2.079201000091866
2100-09-14,2.0116145584174165
2100-09-15,1.9546294087331884
2100-09-16,1.9060792376001758
2100-09-17,1.8642719065521887
2100-09-18,1.8278794878894302
2100-09-19,1.7958552579651623
2100-09-20,1.767370678575536
2100-09-21,1.7417672922475018
2100-09-22,1.7185198118249883
2100-09-23,1.6972076600799575
2100-09-24,1.6774929222074864
2100-09-25,1.6591031901421747
2100-09-26,1.6418181566468792
2100-09-27,1.6286006597451594
2100-09-28,1.7155102664593604
2100-09-29,1.8103910104530057
2100-09-30,1.7761353234912631
2100-10-01,1.7304259084448956
2100-10-02,1.6913420129022907
2100-10-03,1.6574133023630306
2100-10-04,1.627644343752263
2100-10-05,1.6012466130217688
2100-10-06,1.5775930208360622
2100-10-07,1.556182984301582
2100-10-08,1.536615468823057
2100-10-09,1.518568085351518
2100-10-10,1.5017808115593985
2100-10-11,1.4860432608996008
2100-10-12,1.4711846864435787
2100-10-13,1.4570661020093738
2100-10-14,1.4435740494047407
2100-10-15,1.4306156506120145
2100-10-16,1.4181146668499107
2100-10-17,1.406008349534156
2100-10-18,1.394244916263986
2100-10-19,1.382781521802188
2100-10-20,1.3715826223479175
2100-10-21,1.3607482303238045
2100-10-22,1.3854026511693094
2100-10-23,1.4273311748399358
2100-10-24,1.4373661183086874
2100-10-25,1.432943698238413
2100-10-26,1.4052033859822322
2100-10-27,1.3811957630754197
2100-10-28,1.359819825909331
2100-10-29,1.3424282610179354
2100-10-30,1.3299080795794394
2100-10-31,1.3128953294822314
2100-11-01,1.2972215547558246
2100-11-02,1.282704310079106
2100-11-03,1.2691496842501142
2100-11-04,1.2564001495353094
2100-11-05,1.244327366172225
2100-11-06,1.2483279288285887
2100-11-07,1.3612726567168603
2100-11-08,1.4332749440471693
2100-11-09,1.3941451531685765
2100-11-10,1.3532600244851343
2100-11-11,1.3734850927032463
2100-11-12,1.8801342788587243
2100-11-13,2.370208276890486
2100-11-14,2.3533789248785215
2100-11-15,2.709652567773326
2100-11-16,2.8717337123266495
2100-11-17,3.844067650782263
2100-11-18,4.875056659989599
2100-11-19,4.146973262533513
2100-11-20,3.5330189055118613
2100-11-21,3.059577576369753
2100-11-22,2.691663625275393
2100-11-23,2.4035990173223887
2100-11-24,2.1763800039329575
2100-11-25,1.9958313468742208
2100-11-26,1.8513016585230124
2100-11-27,1.7347323252958053
2100-11-28,1.6399870566819688
2100-11-29,1.5623650378036702
2100-11-30,1.4982446117617487
2100-12-01,1.7857981387740909
2100-12-02,2.086767267206626
2100-12-03,1.9181093836246994
2100-12-04,1.782999536055705
2100-12-05,1.6738726648940006
2100-12-06,1.5850436810030484
2100-12-07,1.5121539698597743
2100-12-08,1.4518428574370574
2100-12-09,1.401505221424279
2100-12-10,1.4624415354469764
2100-12-11,1.5564234414554532
2100-12-12,3.103056701964025
2100-12-13,4.995316478339627
2100-12-14,5.394585357873944
2100-12-15,5.447015644030489
2100-12-16,4.634437115989424
2100-12-17,4.469218092101781
2100-12-18,4.297844274768673
2100-12-19,3.662553861621437
2100-12-20,3.6061025832999487
2100-12-21,3.6197742084250852
2100-12-22,3.143369918144167
2100-12-23,2.7726226880578078
2100-12-24,2.4821134787242496
2100-12-25,2.252768111120098
2100-12-26,2.0703526661392364
2100-12-27,1.9241675824557996
2100-12-28,1.8061150586703907
2100-12-29,1.7100271032096106
2100-12-30,1.636553703371504
2100-12-31,1.880234846637479
