time,Qrouted
1980-01-01,4.578811160952129
1980-01-02,4.289356154407634
1980-01-03,3.8736571975127845
1980-01-04,4.35533537992259
1980-01-05,5.346078346944114
1980-01-06,5.947042180012925
1980-01-07,5.19947335148241
1980-01-08,4.981409685177933
1980-01-09,6.039865008849081
1980-01-10,6.805213783519814
1980-01-11,6.084051811065305
1980-01-12,5.255210237552167
1980-01-13,5.333213794942222
1980-01-14,6.716077487134562
1980-01-15,6.918420026638642
1980-01-16,5.204207771967669
1980-01-17,4.061747151896012
1980-01-18,3.2499839334777403
1980-01-19,2.6645839722704316
1980-01-20,2.2366926876408777
1980-01-21,2.1088349525940884
1980-01-22,2.2175523604549956
1980-01-23,2.086802030352925
1980-01-24,1.8083241858997576
1980-01-25,1.5988324559259723
1980-01-26,1.4396246613245687
1980-01-27,1.3508120766376226
1980-01-28,1.407818746218899
1980-01-29,1.3992599894619937
1980-01-30,1.862466681325733
1980-01-31,2.2558338120952217
1980-02-01,2.0877579609242143
1980-02-02,2.127146856721297
1980-02-03,2.0050501743965747
1980-02-04,1.7769010620455854
1980-02-05,1.57353313752453
1980-02-06,1.4188245400540254
1980-02-07,1.2999515286723533
1980-02-08,1.2077307437654392
1980-02-09,1.1355127790600046
1980-02-10,1.0784337106925368
1980-02-11,1.032901981650226
1980-02-12,0.9962422727493562
1980-02-13,0.9664454894766105
1980-02-14,0.9419913699871052
1980-02-15,0.9217213666849039
1980-02-16,1.2795066010814573
1980-02-17,1.6172919540744193
1980-02-18,1.4460327386605645
1980-02-19,1.3147650524828263
1980-02-20,1.213335767068396
1980-02-21,1.1342215083347513
1980-02-22,1.071940968875132
1980-02-23,1.0224615966784973
1980-02-24,1.1872928474479265
1980-02-25,1.4838806464319125
1980-02-26,1.9644478848983586
1980-02-27,2.1875116494254896
1980-02-28,2.253539803722506
1980-02-29,2.3075047345378237
1980-03-01,2.490118036740011
1980-03-02,2.721170112175159
1980-03-03,2.339865575733198
1980-03-04,1.9864146799452458
1980-03-05,2.745223157727114
1980-03-06,5.498969389739788
1980-03-07,6.375720595115038
1980-03-08,4.869856284276574
1980-03-09,3.823403404366637
1980-03-10,3.077078452426061
1980-03-11,2.5370387712785485
1980-03-12,2.141071578254158
1980-03-13,1.8711655650046193
1980-03-14,2.4480741423444354
1980-03-15,4.983207995848377
1980-03-16,8.071511102873364
1980-03-17,7.724160043789545
1980-03-18,5.776179259135078
1980-03-19,4.866015769101648
1980-03-20,4.256661948580873
1980-03-21,3.5501984893241922
1980-03-22,2.9787639777794728
1980-03-23,2.4799301479002787
1980-03-24,2.1526784653238566
1980-03-25,2.0745135553493084
1980-03-26,2.098048406777336
1980-03-27,2.8490878359100145
1980-03-28,3.257138621073004
1980-03-29,2.7986026462634612
1980-03-30,2.4596136771838326
1980-03-31,2.099542823050092
1980-04-01,1.8394742513927504
1980-04-02,1.6416844277419373
1980-04-03,1.4847943775416585
1980-04-04,1.364208113815553
1980-04-05,1.3890866349282138
1980-04-06,1.430401739398894
1980-04-07,1.3210685912187787
1980-04-08,1.3519786889609984
1980-04-09,1.3943328474703993
1980-04-10,1.291843197142933
1980-04-11,1.2122877539077186
1980-04-12,1.1492744487332394
1980-04-13,1.098976702901733
1980-04-14,1.0637253826335609
1980-04-15,1.1459451488018144
1980-04-16,1.3690139429162524
1980-04-17,1.5049760995303954
1980-04-18,1.4054346414991306
1980-04-19,1.2957803262846832
1980-04-20,1.2103939732604618
1980-04-21,1.1433148867233558
1980-04-22,1.1195638590349575
1980-04-23,1.1407440093930006
1980-04-24,1.1213680788708686
1980-04-25,1.1200998370190305
1980-04-26,1.1348762752668198
1980-04-27,1.087450877249084
1980-04-28,1.0429106362498493
1980-04-29,1.007006925252152
1980-04-30,0.9777895527091832
1980-05-01,0.9537797872637689
1980-05-02,0.9353860124753884
1980-05-03,0.9190383648832698
1980-05-04,0.9045214520288273
1980-05-05,0.8921028607235839
1980-05-06,0.8813617266032582
1980-05-07,0.8719678867893381
1980-05-08,0.8636610526051292
1980-05-09,0.8610620968628675
1980-05-10,0.885746808165869
1980-05-11,0.9127134435135537
1980-05-12,1.0502789740955307
1980-05-13,1.169800339537705
1980-05-14,1.0976960825486695
1980-05-15,1.0413332941596949
1980-05-16,1.0135892084522375
1980-05-17,1.2231817268363485
1980-05-18,1.3949330982795238
1980-05-19,1.2707115952803645
1980-05-20,1.3233743721507043
1980-05-21,1.6190692354731242
1980-05-22,1.7079041099228907
1980-05-23,1.734321023487257
1980-05-24,1.8165413684387077
1980-05-25,1.6381042724280064
1980-05-26,1.4588114497603926
1980-05-27,1.3175885441489315
1980-05-28,1.2088002019223298
1980-05-29,1.2016795872751975
1980-05-30,1.1975796792234046
1980-05-31,1.257132777231017
1980-06-01,1.3744194070831055
1980-06-02,1.3400714918152599
1980-06-03,1.2503730828676012
1980-06-04,1.154569957675722
1980-06-05,1.0797066019382127
1980-06-06,1.0208636734968153
1980-06-07,0.9739727946797844
1980-06-08,0.9362671927591499
1980-06-09,0.9057273623925939
1980-06-10,0.8807583964458007
1980-06-11,0.860146679145655
1980-06-12,0.8563644863354551
1980-06-13,0.8921869810229728
1980-06-14,0.9052752931677198
1980-06-15,0.8806089088639291
1980-06-16,0.858266619896669
1980-06-17,0.8638850928644309
1980-06-18,0.8600904774444599
1980-06-19,0.8404718387981909
1980-06-20,0.8232553959065791
1980-06-21,0.8087303292129447
1980-06-22,0.7963583745722164
1980-06-23,0.7857373786620446
1980-06-24,0.7818219837879451
1980-06-25,0.849665534032711
1980-06-26,0.9830717592034128
1980-06-27,1.010172112404036
1980-06-28,1.0973154987237252
1980-06-29,1.2094160040625925
1980-06-30,1.1144415450630847
1980-07-01,1.0722716881933383
1980-07-02,1.0436093396846695
1980-07-03,0.9888063472327128
1980-07-04,0.9596178793183668
1980-07-05,0.9727688641223211
1980-07-06,1.1602789734080585
1980-07-07,1.2742838497689313
1980-07-08,1.1588921052173162
1980-07-09,1.0669210989014588
1980-07-10,0.9950698737586485
1980-07-11,0.9384345418160877
1980-07-12,0.8933972010391645
1980-07-13,0.857265029051603
1980-07-14,0.8280172248268619
1980-07-15,0.8041256537909334
1980-07-16,0.7851215648554378
1980-07-17,0.7688831457521789
1980-07-18,0.7549375060094881
1980-07-19,0.7431012429400888
1980-07-20,0.7329502682545055
1980-07-21,0.72415199978674
1980-07-22,0.7164443222007942
1980-07-23,0.709619687407252
1980-07-24,0.7149129549881964
1980-07-25,0.7177920909270528
1980-07-26,0.7094240340450343
1980-07-27,0.7020643650599651
1980-07-28,0.6955337619704777
1980-07-29,0.6896775987985909
1980-07-30,0.684372328331102
1980-07-31,0.679518841759338
1980-08-01,0.6750373334331933
1980-08-02,0.6708633097381247
1980-08-03,0.6796254385613204
1980-08-04,0.696598177146548
1980-08-05,0.8053840726698519
1980-08-06,0.914247287518061
1980-08-07,0.8609058174555835
1980-08-08,0.8184503136936455
1980-08-09,0.7977377335623821
1980-08-10,0.7813777017612523
1980-08-11,0.7541273341724891
1980-08-12,0.73186774539198
1980-08-13,0.713528379425174
1980-08-14,0.6982746984102506
1980-08-15,0.686078027716662
1980-08-16,0.6835881027484879
1980-08-17,0.6814253064408654
1980-08-18,0.6713280335920994
1980-08-19,0.6618122484029159
1980-08-20,0.6535858544748535
1980-08-21,0.6463985902345372
1980-08-22,0.6400523737986182
1980-08-23,0.6343897196718932
1980-08-24,0.6292848864442123
1980-08-25,0.6246370736385558
1980-08-26,0.6220559224934016
1980-08-27,0.7288831360552153
1980-08-28,0.8806082691363275
1980-08-29,0.859690441581891
1980-08-30,0.9749565390876792
1980-08-31,1.0767005185982097
1980-09-01,1.094972069394808
1980-09-02,1.1210478988933934
1980-09-03,1.01302254323826
1980-09-04,0.9272568451063793
1980-09-05,0.8602169781908201
1980-09-06,0.8073649911097744
1980-09-07,0.7653457946661781
1980-09-08,0.7316572498608361
1980-09-09,0.7217791730527313
1980-09-10,0.7573613780734644
1980-09-11,1.0687597660629595
1980-09-12,1.6085499441098756
1980-09-13,1.792326193261015
1980-09-14,1.7155993712145456
1980-09-15,1.5450946341424832
1980-09-16,1.4504779469786844
1980-09-17,1.415839938994954
1980-09-18,1.363957219604844
1980-09-19,1.2966013195569601
1980-09-20,1.1752065490097225
1980-09-21,1.0744337510983597
1980-09-22,1.2652298023603634
1980-09-23,1.8640380037917181
1980-09-24,1.9920581297687143
1980-09-25,1.6800494062325635
1980-09-26,1.556318279472352
1980-09-27,1.4349286139625832
1980-09-28,1.2509720149543229
1980-09-29,1.2236566509435225
1980-09-30,1.3014903943037732
1980-10-01,1.31206217120626
1980-10-02,1.2613998424969102
1980-10-03,1.4579754792437891
1980-10-04,2.0651007496572835
1980-10-05,2.1883450421515662
1980-10-06,2.857311404729986
1980-10-07,4.603509483214458
1980-10-08,4.7319546423170165
1980-10-09,3.6578439388151462
1980-10-10,2.8927878386825636
1980-10-11,2.340300591013694
1980-10-12,1.9360047903442548
1980-10-13,1.6365461957007132
1980-10-14,1.4122453659039802
1980-10-15,1.2424798975315472
1980-10-16,1.112725130737154
1980-10-17,1.01262359369284
1980-10-18,0.934704912743617
1980-10-19,0.9620678310225723
1980-10-20,0.9962710643954771
1980-10-21,0.9212418308954545
1980-10-22,0.8621949322681607
1980-10-23,0.8153817476804245
1980-10-24,0.7779519033327705
1980-10-25,0.7477687310593523
1980-10-26,0.7232181660245582
1980-10-27,0.7030721129026247
1980-10-28,0.6863898315912523
1980-10-29,0.6724461331822941
1980-10-30,0.6606786633707052
1980-10-31,0.7665017795980688
1980-11-01,0.9042337421763711
1980-11-02,0.8607561796207466
1980-11-03,0.8100785799277213
1980-11-04,0.9818779903932863
1980-11-05,1.2414335176740157
1980-11-06,1.4656365505815534
1980-11-07,1.7343435900450885
1980-11-08,2.326718777297465
1980-11-09,2.682078553884742
1980-11-10,2.4228995625135683
1980-11-11,2.9977179299717043
1980-11-12,3.2655828730897944
1980-11-13,2.6095355104102738
1980-11-14,2.132314073752038
1980-11-15,2.461846678536768
1980-11-16,3.0347728627381767
1980-11-17,3.4067168554740754
1980-11-18,3.677875606719944
1980-11-19,3.361040447000951
1980-11-20,2.8364965851077493
1980-11-21,2.305398957197657
1980-11-22,1.9160234342582692
1980-11-23,1.6271590220336527
1980-11-24,1.4606290150152157
1980-11-25,1.6458587030394602
1980-11-26,1.695882305015411
1980-11-27,2.202773330146137
1980-11-28,2.6441574759213933
1980-11-29,2.1908171846507876
1980-11-30,2.179678639486375
1980-12-01,2.193948494899178
1980-12-02,1.8372800341099442
1980-12-03,2.383528559648488
1980-12-04,2.821331041956743
1980-12-05,2.3003301633677826
1980-12-06,1.917840785381873
1980-12-07,1.7570176602425367
1980-12-08,1.6501776179663452
1980-12-09,1.4333292458569538
1980-12-10,1.2689150253175492
1980-12-11,1.1430735991053373
1980-12-12,2.173044677051812
1980-12-13,3.427598484055338
1980-12-14,3.1286323528634252
1980-12-15,2.5275153524956875
1980-12-16,2.0889802712514487
1980-12-17,1.7650598536563624
1980-12-18,1.5230442619851507
1980-12-19,1.3402861054583164
1980-12-20,4.56970879827205
1980-12-21,9.612183234622325
1980-12-22,8.093733972774176
1980-12-23,5.677507198063123
1980-12-24,4.35812236623616
1980-12-25,3.4270665988904194
1980-12-26,2.759528504608012
1980-12-27,2.274241279044546
1980-12-28,1.916946771115807
1980-12-29,1.6507948205311307
1980-12-30,1.4503676561791208
1980-12-31,1.2978843263828177
1981-01-01,2.778307412300439
1981-01-02,4.159006125442704
1981-01-03,3.4149315235188453
1981-01-04,2.754520496589267
1981-01-05,2.274323130628883
1981-01-06,2.610554021561099
1981-01-07,5.149675731822611
1981-01-08,9.718000033556399
1981-01-09,16.612193227040848
1981-01-10,14.539642661384468
1981-01-11,8.708368649562546
1981-01-12,6.0097748388385375
1981-01-13,4.623070073337895
1981-01-14,3.6466367288575623
1981-01-15,2.94798246520739
1981-01-16,2.4409585928926467
1981-01-17,2.692433676697336
1981-01-18,3.11928214625692
1981-01-19,2.7719514858193612
1981-01-20,2.313818072230369
1981-01-21,1.9756475022366458
1981-01-22,1.9941343507732807
1981-01-23,3.095602014788108
1981-01-24,4.456573341816472
1981-01-25,4.324286434985046
1981-01-26,3.8681809800935887
1981-01-27,3.5399318380058387
1981-01-28,2.8793452441185923
1981-01-29,2.3987597334468433
1981-01-30,2.044746280101435
1981-01-31,1.7808600983293903
1981-02-01,1.581967561458657
1981-02-02,1.4304883103467247
1981-02-03,1.3191613282451378
1981-02-04,1.3362472877473361
1981-02-05,1.3379053827485723
1981-02-06,1.2412269173047685
1981-02-07,1.1655848471886976
1981-02-08,1.1058897111822756
1981-02-09,1.0583402405737194
1981-02-10,1.0201096803866558
1981-02-11,0.9890785309008244
1981-02-12,1.0906457641462712
1981-02-13,1.4936587222468465
1981-02-14,1.9921940027809877
1981-02-15,2.046316555495241
1981-02-16,1.7751494893224395
1981-02-17,1.5709112656878907
1981-02-18,1.921802128839724
1981-02-19,2.4547105231255024
1981-02-20,2.329427811792878
1981-02-21,2.700185122295204
1981-02-22,3.0031652010920555
1981-02-23,3.22989069688307
1981-02-24,3.1729620688759366
1981-02-25,4.109257110274855
1981-02-26,4.780208870090208
1981-02-27,3.7675857536665114
1981-02-28,3.7099248089314716
1981-03-01,3.7656982436893833
1981-03-02,3.210638907512766
1981-03-03,2.6431553236908125
1981-03-04,2.2400361858204643
1981-03-05,1.9402750750324698
1981-03-06,1.7047225429912813
1981-03-07,1.5264238956635046
1981-03-08,1.3900738327432405
1981-03-09,1.2847743519114045
1981-03-10,1.202676141294751
1981-03-11,1.1430279245239015
1981-03-12,1.0936440126553848
1981-03-13,1.0510605239493043
1981-03-14,1.0166486689881555
1981-03-15,0.9885710113506502
1981-03-16,0.9654340056250937
1981-03-17,0.9461734020259552
1981-03-18,0.9299711320068397
1981-03-19,0.916194512194059
1981-03-20,0.904351417369618
1981-03-21,0.8940569789694078
1981-03-22,0.8850086701727781
1981-03-23,0.878751385546257
1981-03-24,0.872899947953235
1981-03-25,0.8658034018866912
1981-03-26,0.8593549357703321
1981-03-27,0.8534367271889179
1981-03-28,0.8479542135333852
1981-03-29,1.9293208195786977
1981-03-30,5.238507704128575
1981-03-31,7.129904192511558
1981-04-01,6.04176762891241
1981-04-02,6.401182568311536
1981-04-03,6.076834570304231
1981-04-04,4.6801876216479945
1981-04-05,3.6962512302450103
1981-04-06,2.992486670249472
1981-04-07,2.4819101880367023
1981-04-08,2.106645816326803
1981-04-09,1.8275063125525628
1981-04-10,1.6175358168763925
1981-04-11,1.457923882339048
1981-04-12,1.4598425707388725
1981-04-13,1.8741565296978153
1981-04-14,2.1672220936117417
1981-04-15,2.0312853629192364
1981-04-16,2.042169120166671
1981-04-17,2.0355129234237075
1981-04-18,1.7778443162633482
1981-04-19,1.7015796888332397
1981-04-20,1.6763451675924619
1981-04-21,1.5084012877079027
1981-04-22,1.3736130084706888
1981-04-23,1.2688416631919914
1981-04-24,1.1871710656396581
1981-04-25,1.1229099059615304
1981-04-26,1.1067700769534656
1981-04-27,1.771621615386371
1981-04-28,2.2809979993583336
1981-04-29,1.952991614931009
1981-04-30,1.7074810559618492
1981-05-01,1.5220008250320538
1981-05-02,1.3804209940629912
1981-05-03,1.3161048256422028
1981-05-04,1.2603049599477976
1981-05-05,1.1774496239237322
1981-05-06,1.112261406035312
1981-05-07,1.0605348013886633
1981-05-08,1.0191082796083057
1981-05-09,0.9856186068642364
1981-05-10,0.9774135795810431
1981-05-11,1.0032169738063819
1981-05-12,0.9808235559564803
1981-05-13,0.9528316632769779
1981-05-14,0.9297836672081123
1981-05-15,0.9106280661190289
1981-05-16,0.8945424119441882
1981-05-17,0.8808908541778212
1981-05-18,0.8691789602528165
1981-05-19,0.8590201689412652
1981-05-20,0.8512753425916494
1981-05-21,0.8436569760329058
1981-05-22,0.836332611260405
1981-05-23,0.8297215106490605
1981-05-24,0.83864167035403
1981-05-25,0.8630715503408166
1981-05-26,0.852837574304778
1981-05-27,0.8412469246367874
1981-05-28,0.8312110187224877
1981-05-29,0.8274009485775441
1981-05-30,0.8214652130748661
1981-05-31,0.8199089760871788
1981-06-01,0.8164052797340179
1981-06-02,0.8081608124231031
1981-06-03,0.809935853433895
1981-06-04,0.8439766275278945
1981-06-05,0.8705418698042009
1981-06-06,0.8661974178317432
1981-06-07,0.8480440210752013
1981-06-08,0.8310286603516858
1981-06-09,0.8298525848131476
1981-06-10,0.8537965117628742
1981-06-11,0.903196414780642
1981-06-12,0.945922446400811
1981-06-13,0.9128131913081038
1981-06-14,0.8808184643234679
1981-06-15,0.8541515301937191
1981-06-16,0.8322566128125043
1981-06-17,0.8178967607816613
1981-06-18,0.8700712023767302
1981-06-19,0.9369273965977643
1981-06-20,0.9122678116660929
1981-06-21,0.8764540894940976
1981-06-22,0.8474336200522923
1981-06-23,0.8237155912088441
1981-06-24,0.8041453076133639
1981-06-25,0.7878381416954965
1981-06-26,0.7741120511525824
1981-06-27,0.7624380416782582
1981-06-28,0.7524035171252837
1981-06-29,0.8626668622806312
1981-06-30,0.983924261776448
1981-07-01,0.9281245028290089
1981-07-02,1.028456760934833
1981-07-03,1.1405471517474701
1981-07-04,1.052111456691452
1981-07-05,0.9802382937606254
1981-07-06,0.9236349964130083
1981-07-07,0.8786610688752393
1981-07-08,0.8426095348743061
1981-07-09,0.8134508714735466
1981-07-10,0.7896516482975636
1981-07-11,0.7700448653662876
1981-07-12,0.8078447488434638
1981-07-13,0.858420401174664
1981-07-14,0.8277638616923765
1981-07-15,0.7989795816773707
1981-07-16,0.775485977073073
1981-07-17,0.7561352485140286
1981-07-18,0.7400435452070323
1981-07-19,0.7265294448349592
1981-07-20,0.7150644490035765
1981-07-21,0.7052363592936506
1981-07-22,0.6967219821443912
1981-07-23,0.6892666446249426
1981-07-24,0.6826687205471532
1981-07-25,0.6767678688156069
1981-07-26,0.6714360408943638
1981-07-27,0.6665705671523595
1981-07-28,0.6620888134133349
1981-07-29,0.6579240303667713
1981-07-30,0.6540221141642585
1981-07-31,0.6503390666843913
1981-08-01,0.6468389957303877
1981-08-02,0.6436189553140316
1981-08-03,0.6411917073515884
1981-08-04,0.6411002165272713
1981-08-05,0.6393001938112589
1981-08-06,0.6364617850610573
1981-08-07,0.6352315407710031
1981-08-08,0.6326346890759883
1981-08-09,0.6300520130925222
1981-08-10,0.6281773353909278
1981-08-11,0.6406908038488259
1981-08-12,0.6560984936815185
1981-08-13,0.6567642096055629
1981-08-14,0.6529426519122002
1981-08-15,0.6479735324857195
1981-08-16,0.6434367366009698
1981-08-17,0.6466357914217501
1981-08-18,0.6519095484675406
1981-08-19,0.645268301655263
1981-08-20,0.6838976234730434
1981-08-21,0.7581438993417563
1981-08-22,0.8426284307321326
1981-08-23,0.8700766313113731
1981-08-24,0.8135333723995162
1981-08-25,0.7686967408621527
1981-08-26,0.7328742914804155
1981-08-27,0.70400874560724
1981-08-28,0.680547456087834
1981-08-29,0.6613100110703868
1981-08-30,0.6453928285324483
1981-08-31,0.6320997852291028
1981-09-01,0.6351302483570661
1981-09-02,0.6371480157250206
1981-09-03,0.6243116667206807
1981-09-04,0.6134617633125189
1981-09-05,0.6661553224502192
1981-09-06,0.7202634927184445
1981-09-07,0.6898850486937026
1981-09-08,0.665221410436577
1981-09-09,0.6450600412831916
1981-09-10,0.6284326694181066
1981-09-11,0.6145945205087481
1981-09-12,0.6029692171002102
1981-09-13,0.5931081340557286
1981-09-14,0.58466019010107
1981-09-15,0.5773492356323096
1981-09-16,0.5709570127436813
1981-09-17,0.5689941507359952
1981-09-18,0.5691093676734882
1981-09-19,0.5679229307859314
1981-09-20,0.5653776281071988
1981-09-21,0.5593396049233851
1981-09-22,0.5539854651823551
1981-09-23,0.549192542946877
1981-09-24,0.5695762497679085
1981-09-25,0.5915691687741952
1981-09-26,0.636152156150193
1981-09-27,0.7043469388542619
1981-09-28,0.7728040304955354
1981-09-29,0.8195201150551649
1981-09-30,0.7633782270708446
1981-10-01,0.7154423842255331
1981-10-02,0.6772757310290124
1981-10-03,0.6466433270239982
1981-10-04,0.6218554226167653
1981-10-05,0.6016292327423833
1981-10-06,0.5849841670190827
1981-10-07,0.571165770795249
1981-10-08,0.5893137135190959
1981-10-09,0.6083935028813827
1981-10-10,0.612456010375333
1981-10-11,0.617611804482625
1981-10-12,0.5961186358910032
1981-10-13,0.5784667000879633
1981-10-14,0.631091559312179
1981-10-15,0.720136387644298
1981-10-16,0.7965890357658764
1981-10-17,0.8211817922910928
1981-10-18,0.7560037127173964
1981-10-19,0.7047908057513267
1981-10-20,0.6644804029543637
1981-10-21,0.6316860163621709
1981-10-22,0.6052282263663695
1981-10-23,0.5837097381486099
1981-10-24,0.5660633894957894
1981-10-25,0.5514693317248962
1981-10-26,0.5392938296304638
1981-10-27,0.5290441723511953
1981-10-28,0.5203352014199192
1981-10-29,0.5128642849611494
1981-10-30,0.506392480439975
1981-10-31,0.5007302651774072
1981-11-01,0.49572666179254427
1981-11-02,0.4912609035006044
1981-11-03,0.48723601143077594
1981-11-04,0.48357381986132464
1981-11-05,0.4802111041011578
1981-11-06,0.4770965525843296
1981-11-07,0.47418838861677864
1981-11-08,0.4714524944892315
1981-11-09,0.4688609258683433
1981-11-10,0.46639073073378273
1981-11-11,0.4640230069708345
1981-11-12,0.4617421477437231
1981-11-13,0.45953523519476963
1981-11-14,0.457391551741187
1981-11-15,0.45530218494046526
1981-11-16,0.4532597070605822
1981-11-17,0.4512579144906937
1981-11-18,0.4492916152372311
1981-11-19,0.4574367757629835
1981-11-20,0.5071861787470989
1981-11-21,0.5970304637305022
1981-11-22,0.6713188401113109
1981-11-23,0.6666282453975407
1981-11-24,0.6220728736387258
1981-11-25,0.5865541039938789
1981-11-26,0.5612866507724167
1981-11-27,0.5442652597400212
1981-11-28,0.5236595486763477
1981-11-29,0.5067757655658964
1981-11-30,0.6556204111370506
1981-12-01,0.8093994184177848
1981-12-02,0.732580096071346
1981-12-03,0.6722830503295567
1981-12-04,0.6247184937599016
1981-12-05,0.5869054094332232
1981-12-06,0.6508793424550304
1981-12-07,0.6871981219351544
1981-12-08,0.6984433405997802
1981-12-09,0.7436194788931547
1981-12-10,0.7370271400055656
1981-12-11,0.8768607404163179
1981-12-12,1.228539408503046
1981-12-13,1.3697501730015949
1981-12-14,1.2517899066460114
1981-12-15,1.1208923571015157
1981-12-16,1.3824558383794023
1981-12-17,1.7158138818681363
1981-12-18,2.844741772665777
1981-12-19,3.78343172132843
1981-12-20,3.1150216894144833
1981-12-21,2.528357323701832
1981-12-22,2.150717581282893
1981-12-23,2.4317104632694027
1981-12-24,2.601698080699918
1981-12-25,2.1431584623892075
1981-12-26,1.817395380987951
1981-12-27,1.5071434937603716
1981-12-28,1.2758895360253206
1981-12-29,1.1005533045130895
1981-12-30,0.9668651616409146
1981-12-31,0.9019057416594584
1982-01-01,0.9105224752290798
1982-01-02,1.1486053762502826
1982-01-03,1.2759633209933876
1982-01-04,1.249795578685088
1982-01-05,1.2347095163834214
1982-01-06,1.0698838540518092
1982-01-07,0.9439045895402627
1982-01-08,0.9257882920429642
1982-01-09,0.9210657052880374
1982-01-10,0.8290715102021095
1982-01-11,0.7573858077583661
1982-01-12,0.7010959372322133
1982-01-13,0.6565400396171919
1982-01-14,0.6209925886166326
1982-01-15,0.5924082583600642
1982-01-16,0.5692403872458837
1982-01-17,0.5503110181605411
1982-01-18,0.5347169878971677
1982-01-19,0.52176146982473
1982-01-20,0.5109036598260909
1982-01-21,0.5017215107141316
1982-01-22,0.493883930022503
1982-01-23,0.487129895527238
1982-01-24,0.48125266548320855
1982-01-25,0.47608776751709087
1982-01-26,0.47150380884393495
1982-01-27,0.4673954063840777
1982-01-28,0.46367771933319246
1982-01-29,0.4602821999726638
1982-01-30,0.4571532756689905
1982-01-31,0.4542457463371237
1982-02-01,0.45152273433467305
1982-02-02,0.5929611006484751
1982-02-03,0.9207143855560272
1982-02-04,1.3907183874306954
1982-02-05,1.344193256085216
1982-02-06,1.6934662120982773
1982-02-07,2.012924769691985
1982-02-08,1.669438627663429
1982-02-09,1.391531306524695
1982-02-10,1.1830381817121591
1982-02-11,1.058852707523028
1982-02-12,1.2883408975229036
1982-02-13,1.420423425225965
1982-02-14,1.8038611065715975
1982-02-15,2.210409063879172
1982-02-16,1.8820751591891505
1982-02-17,1.5533866210704728
1982-02-18,1.3082095440160624
1982-02-19,1.123437625841202
1982-02-20,0.9828231145489287
1982-02-21,0.8748268656195112
1982-02-22,0.7911571739834181
1982-02-23,0.72579125510831
1982-02-24,0.6743106173275728
1982-02-25,0.633443710431605
1982-02-26,0.6007473881592224
1982-02-27,0.5743825547421383
1982-02-28,0.555189518726115
1982-03-01,0.6419684537568439
1982-03-02,0.7430782538120985
1982-03-03,0.9028540518194897
1982-03-04,1.3988992764091284
1982-03-05,1.6580518765164272
1982-03-06,1.4720416459737995
1982-03-07,1.7553684841443777
1982-03-08,1.9589258011163306
1982-03-09,2.5164326146747586
1982-03-10,2.964447751893786
1982-03-11,2.354955653013841
1982-03-12,1.9067695627971977
1982-03-13,1.5763106642178775
1982-03-14,1.77758581738956
1982-03-15,1.931386186063621
1982-03-16,1.5963403007609036
1982-03-17,1.3463777504858576
1982-03-18,1.158098352114808
1982-03-19,1.2483492943200252
1982-03-20,1.325012906415205
1982-03-21,1.142437783702868
1982-03-22,1.213353339913635
1982-03-23,1.2708458919663455
1982-03-24,1.1191743729811128
1982-03-25,1.0288994753818603
1982-03-26,1.2107693821511685
1982-03-27,1.4477621023087288
1982-03-28,1.3370203514678558
1982-03-29,1.1525292512587326
1982-03-30,1.0120352074032206
1982-03-31,0.9595783522763166
1982-04-01,0.9162146313084113
1982-04-02,0.8298623017246279
1982-04-03,0.7623972316340851
1982-04-04,0.7092957827569037
1982-04-05,0.667161733952335
1982-04-06,0.6465982545954782
1982-04-07,0.6540560277930144
1982-04-08,0.6286676565619495
1982-04-09,0.6019779971066718
1982-04-10,0.5802688715831067
1982-04-11,0.5624682251038631
1982-04-12,0.5477488492222199
1982-04-13,0.5354712338015347
1982-04-14,0.5251381172248605
1982-04-15,0.5163607401563307
1982-04-16,0.5088336101502647
1982-04-17,0.5023155035123316
1982-04-18,0.5104495681576476
1982-04-19,0.56652494110478
1982-04-20,0.5839147759921558
1982-04-21,0.5624880038260548
1982-04-22,0.5448272412753411
1982-04-23,0.530193808546706
1982-04-24,0.5180007530992471
1982-04-25,0.5077706327619753
1982-04-26,0.66754621465397
1982-04-27,1.145977308351285
1982-04-28,1.3259017745377923
1982-04-29,1.1361873153029725
1982-04-30,0.991783738794206
1982-05-01,0.8809803396504527
1982-05-02,0.7952132309436971
1982-05-03,0.7400165188560016
1982-05-04,0.7049524133244941
1982-05-05,0.8884462245605738
1982-05-06,1.0997790565975891
1982-05-07,1.0948878102791944
1982-05-08,1.1630838799082774
1982-05-09,1.196586303259236
1982-05-10,1.1014882958402403
1982-05-11,0.9653503437668034
1982-05-12,0.8626207564906448
1982-05-13,0.7818377928545391
1982-05-14,0.7178323112447081
1982-05-15,0.6673947526719589
1982-05-16,0.6273336499128006
1982-05-17,0.6823339980818344
1982-05-18,0.8901304219243635
1982-05-19,1.1378592020399678
1982-05-20,1.1728260786703273
1982-05-21,1.0740383025849305
1982-05-22,1.31474531130021
1982-05-23,1.426316098842505
1982-05-24,1.2121279057169196
1982-05-25,1.0498129169891783
1982-05-26,0.9365896740376747
1982-05-27,0.8715198271789933
1982-05-28,0.7927875189543373
1982-05-29,0.7264754399876848
1982-05-30,0.6742820123556991
1982-05-31,0.6328742962989972
1982-06-01,0.5997649936726973
1982-06-02,0.5730829529911007
1982-06-03,0.5514099772632249
1982-06-04,0.5336636391464117
1982-06-05,0.5190123603989139
1982-06-06,0.5068133432056662
1982-06-07,0.4965668379408232
1982-06-08,0.48788219200104094
1982-06-09,0.4804524647036752
1982-06-10,0.4740353190568687
1982-06-11,0.4710387398773217
1982-06-12,0.4666807777931577
1982-06-13,0.5004447401383875
1982-06-14,0.6671880206056763
1982-06-15,0.7579630738184336
1982-06-16,0.6941772687894473
1982-06-17,0.6470871225877057
1982-06-18,0.6109559724810157
1982-06-19,0.5776341620254459
1982-06-20,0.5627365970809695
1982-06-21,0.5565554405364807
1982-06-22,0.5334825188095546
1982-06-23,0.5146484309925293
1982-06-24,0.4998079938914488
1982-06-25,0.49954481073234974
1982-06-26,0.49167504698203857
1982-06-27,0.4797348002039628
1982-06-28,0.46971147821780795
1982-06-29,0.46122983020296143
1982-06-30,0.45398648796188107
1982-07-01,0.45996689792496265
1982-07-02,0.5219671137521723
1982-07-03,0.5834485226420615
1982-07-04,0.5734879020378362
1982-07-05,0.5450575309862041
1982-07-06,0.5207159398863203
1982-07-07,0.5009254965814957
1982-07-08,0.48470745063166754
1982-07-09,0.4719440922588274
1982-07-10,0.4616642687879622
1982-07-11,0.4522815890714576
1982-07-12,0.4954609599826922
1982-07-13,0.7682652705489867
1982-07-14,0.9722770467069942
1982-07-15,0.856555888184294
1982-07-16,0.7638023589822467
1982-07-17,0.6921062721948766
1982-07-18,0.6444908986967922
1982-07-19,0.6001736993135361
1982-07-20,0.5626439409964631
1982-07-21,0.560219215208317
1982-07-22,0.556518154874515
1982-07-23,0.5273768612123744
1982-07-24,0.5038151132933929
1982-07-25,0.4846417460630497
1982-07-26,0.4689171662201768
1982-07-27,0.4559174725626476
1982-07-28,0.44508159467332775
1982-07-29,0.4359722126556947
1982-07-30,0.4282466511247574
1982-07-31,0.42367386495983794
1982-08-01,0.4240357858464898
1982-08-02,0.41913251202629315
1982-08-03,0.41454267662126965
1982-08-04,0.4098241452490848
1982-08-05,0.4051783615965583
1982-08-06,0.4010694932538315
1982-08-07,0.4128671393642203
1982-08-08,0.42398443336414565
1982-08-09,0.41595400005761457
1982-08-10,0.4091020827592164
1982-08-11,0.40321128694386593
1982-08-12,0.39809868477020677
1982-08-13,0.4042453751996072
1982-08-14,0.4090546539293007
1982-08-15,0.4022620187424039
1982-08-16,0.3964163828997038
1982-08-17,0.3913466682864726
1982-08-18,0.38690744617900447
1982-08-19,0.38298250197512673
1982-08-20,0.37947859612728796
1982-08-21,0.3793089797232431
1982-08-22,0.37853440835600977
1982-08-23,0.37509975329261175
1982-08-24,0.37199861853546307
1982-08-25,0.3691759316796794
1982-08-26,0.3665836773364414
1982-08-27,0.364481434343397
1982-08-28,0.36590443341800016
1982-08-29,0.3661235312522841
1982-08-30,0.36802010280243863
1982-08-31,0.379345806475569
1982-09-01,0.4124778502458482
1982-09-02,0.43563993643845494
1982-09-03,0.41994250185263243
1982-09-04,0.4105554065426224
1982-09-05,0.4025654620541896
1982-09-06,0.3919822148895273
1982-09-07,0.3831244616795366
1982-09-08,0.37565152300798327
1982-09-09,0.39062921623954105
1982-09-10,0.42691468045933334
1982-09-11,0.430399389239649
1982-09-12,0.4134595209740253
1982-09-13,0.4052922321811532
1982-09-14,0.3987386745802324
1982-09-15,0.3872192612891554
1982-09-16,0.37761827026686906
1982-09-17,0.36955464211825295
1982-09-18,0.3667663820825728
1982-09-19,0.3645604908125337
1982-09-20,0.35822503928101773
1982-09-21,0.3587899856298027
1982-09-22,0.3837253052324103
1982-09-23,0.39817801320497875
1982-09-24,0.4032563241381479
1982-09-25,0.40914340139679956
1982-09-26,0.39359986655092305
1982-09-27,0.3808042811505276
1982-09-28,0.37019992139326124
1982-09-29,0.38811166077466114
1982-09-30,0.4051316248185031
1982-10-01,0.3895026508817558
1982-10-02,0.37663706675528147
1982-10-03,0.3661292708107162
1982-10-04,0.35726803140980584
1982-10-05,0.34974603779912705
1982-10-06,0.34336302500160903
1982-10-07,0.33789953794873756
1982-10-08,0.33318135249569
1982-10-09,0.32906955673670724
1982-10-10,0.32767113583108626
1982-10-11,0.3517246148900999
1982-10-12,0.3867266714226096
1982-10-13,0.41594710421701125
1982-10-14,0.43418682853480656
1982-10-15,0.42438334534789374
1982-10-16,0.485831621423638
1982-10-17,0.6396920796442741
1982-10-18,0.8356759428973554
1982-10-19,1.1381012881883334
1982-10-20,1.2209897496493614
1982-10-21,1.0415636990166
1982-10-22,0.9039099577018965
1982-10-23,0.778777998211262
1982-10-24,0.6824627744651545
1982-10-25,0.6077303794488038
1982-10-26,0.5492902558446184
1982-10-27,0.5032467142563081
1982-10-28,0.46670537788044997
1982-10-29,0.43749784867613206
1982-10-30,0.4139869745957674
1982-10-31,0.3949277196923997
1982-11-01,0.3793668153350454
1982-11-02,0.3665697387998275
1982-11-03,0.3559671341920814
1982-11-04,0.3471151911129269
1982-11-05,0.3680465263616577
1982-11-06,0.5631793301878263
1982-11-07,0.9181307797565147
1982-11-08,1.2020930589807415
1982-11-09,1.2204938481821734
1982-11-10,1.1627609688450302
1982-11-11,1.1112915724230163
1982-11-12,0.9373661332424829
1982-11-13,0.8049029429213373
1982-11-14,0.7031273820984992
1982-11-15,0.6242798163627056
1982-11-16,0.5627123251675737
1982-11-17,1.11860968437848
1982-11-18,1.3793975911543221
1982-11-19,1.3224930486253585
1982-11-20,1.27267661156793
1982-11-21,1.2370190988239727
1982-11-22,2.0436268041437193
1982-11-23,2.8076843912881597
1982-11-24,2.346219250471646
1982-11-25,1.9231750873612434
1982-11-26,1.552344173367506
1982-11-27,1.2912236600675422
1982-11-28,1.1516317232872706
1982-11-29,1.180096972846041
1982-11-30,1.2930910357582583
1982-12-01,1.1427319567443626
1982-12-02,0.9701892342910275
1982-12-03,1.0736993686027483
1982-12-04,1.4748668588849558
1982-12-05,1.6276517202339305
1982-12-06,1.4340150371044629
1982-12-07,1.1922317391805166
1982-12-08,1.7106342706622293
1982-12-09,3.254881080689449
1982-12-10,3.641456437994556
1982-12-11,2.8108073840016474
1982-12-12,2.21310719730933
1982-12-13,1.7775368751215135
1982-12-14,1.4562043741202888
1982-12-15,1.2164740635972053
1982-12-16,1.0357626720763844
1982-12-17,0.8982234233031267
1982-12-18,0.7925940101997525
1982-12-19,0.7107762880511727
1982-12-20,0.6468843948678623
1982-12-21,0.8764845300042036
1982-12-22,1.1959458193258963
1982-12-23,2.628291160113713
1982-12-24,3.4890712954323573
1982-12-25,3.928120449899083
1982-12-26,4.629020284366718
1982-12-27,4.06181334751673
1982-12-28,3.346079476603368
1982-12-29,3.0670090622763806
1982-12-30,3.8606976180362618
1982-12-31,4.5846754667454395
1983-01-01,4.645502421171094
1983-01-02,4.879754520414642
1983-01-03,4.360697332555225
1983-01-04,3.7094291551481144
1983-01-05,3.247946297540699
1983-01-06,2.5597152747103515
1983-01-07,2.4242818029292112
1983-01-08,2.3331076052890802
1983-01-09,1.8961141209311736
1983-01-10,1.5733769783763807
1983-01-11,1.332436375631351
1983-01-12,1.150672766044936
1983-01-13,1.012207361312681
1983-01-14,1.1040003252751733
1983-01-15,1.191079692560853
1983-01-16,1.043247744146871
1983-01-17,0.9297616188698806
1983-01-18,0.8419388058538266
1983-01-19,0.7733948653710914
1983-01-20,0.9740856979830332
1983-01-21,1.15793023252548
1983-01-22,1.017419673564519
1983-01-23,0.9093571405127022
1983-01-24,0.8256111649741363
1983-01-25,0.7601573189185592
1983-01-26,0.7085773670497395
1983-01-27,0.6676008675109127
1983-01-28,0.7402805952071058
1983-01-29,0.8228775402352168
1983-01-30,0.7776798146900331
1983-01-31,0.7213553164496451
1983-02-01,0.6767500114197432
1983-02-02,0.64114143440484
1983-02-03,0.6124867372309423
1983-02-04,0.5892412453896201
1983-02-05,0.5702285867315912
1983-02-06,0.5545468584530533
1983-02-07,0.5415002348285561
1983-02-08,0.5305487063396468
1983-02-09,0.5212708568991554
1983-02-10,0.5133360957615593
1983-02-11,0.506483800078327
1983-02-12,0.5005075464803498
1983-02-13,0.4952431167966594
1983-02-14,0.49055932152659404
1983-02-15,0.4863509404028921
1983-02-16,0.4825332632014923
1983-02-17,0.479037847060076
1983-02-18,0.4758092036265443
1983-02-19,0.4728022006038904
1983-02-20,0.4699800148863904
1983-02-21,0.46731251359343773
1983-02-22,0.5751824778172008
1983-02-23,0.7312437979669065
1983-02-24,0.7100891056543897
1983-02-25,0.8025668064099079
1983-02-26,1.212001510885218
1983-02-27,2.015090445407346
1983-02-28,2.479352305531975
1983-03-01,2.0846812174364318
1983-03-02,1.7041062517136256
1983-03-03,1.4217410739704792
1983-03-04,1.209993211151789
1983-03-05,1.0830855419993421
1983-03-06,1.1243998651571654
1983-03-07,1.2850015367446872
1983-03-08,1.2799256574608988
1983-03-09,1.1034503665516826
1983-03-10,0.9688710674273079
1983-03-11,0.8653359181442446
1983-03-12,0.7849935184043842
1983-03-13,0.7221361143292562
1983-03-14,0.6725591914698305
1983-03-15,0.6331453719344513
1983-03-16,0.774153354336793
1983-03-17,1.0592317123514887
1983-03-18,1.0839705744833348
1983-03-19,0.9550972344046594
1983-03-20,0.8537840753692887
1983-03-21,0.7751259329831698
1983-03-22,0.7135484573123755
1983-03-23,0.6649525647000363
1983-03-24,0.9255398391950255
1983-03-25,1.2487788047681831
1983-03-26,1.2868275942091325
1983-03-27,1.408220320990477
1983-03-28,1.3848844188348892
1983-03-29,1.2365771042751141
1983-03-30,1.0914224059782922
1983-03-31,0.9592671188302234
1983-04-01,0.8575197348193292
1983-04-02,1.015291057854273
1983-04-03,1.197799467408103
1983-04-04,1.3657953650372825
1983-04-05,1.5443407348597098
1983-04-06,1.348598466726841
1983-04-07,1.3143529760388653
1983-04-08,1.389418434116345
1983-04-09,1.3202963988991445
1983-04-10,1.9065905486417807
1983-04-11,2.4842284278207574
1983-04-12,2.1358712333617738
1983-04-13,1.7575920009361115
1983-04-14,1.920136855892386
1983-04-15,2.053620836195217
1983-04-16,1.933582939763321
1983-04-17,1.7767953981936842
1983-04-18,1.4838619724413473
1983-04-19,1.317438021352048
1983-04-20,1.233241030337236
1983-04-21,1.0920821990282852
1983-04-22,0.9666101323492508
1983-04-23,0.8698214406113144
1983-04-24,0.817107949212963
1983-04-25,0.7953086835865517
1983-04-26,0.7403984332655363
1983-04-27,0.9457809798113371
1983-04-28,1.1421411243003097
1983-04-29,1.0063724421708957
1983-04-30,0.9113287243744752
1983-05-01,0.8321258988052572
1983-05-02,0.7643392440249559
1983-05-03,0.7257573312050005
1983-05-04,0.6861579256139113
1983-05-05,0.6487301153225183
1983-05-06,0.6186595338757592
1983-05-07,0.5943094927213176
1983-05-08,0.5744302886685978
1983-05-09,0.5580651293551084
1983-05-10,0.5444768081985996
1983-05-11,0.5330939083456654
1983-05-12,0.5234710245932567
1983-05-13,0.5152591333433917
1983-05-14,0.5081833680739292
1983-05-15,0.6795547569127923
1983-05-16,0.9543517671645235
1983-05-17,1.1020536650616235
1983-05-18,1.2478321747800607
1983-05-19,1.2567990983272967
1983-05-20,1.155816108750423
1983-05-21,1.0145003573419062
1983-05-22,1.11534969738139
1983-05-23,1.7592960740234063
1983-05-24,2.011438859704103
1983-05-25,1.7741961949456375
1983-05-26,2.0472266309684852
1983-05-27,2.321858263294252
1983-05-28,2.1810418584295057
1983-05-29,1.843553775225753
1983-05-30,1.8377976521025392
1983-05-31,1.8766662815347928
1983-06-01,1.6452293188788565
1983-06-02,1.4793792533810233
1983-06-03,1.3328188121111502
1983-06-04,1.1839458682683552
1983-06-05,1.0390036171965984
1983-06-06,0.9631939432907828
1983-06-07,0.9118752107766354
1983-06-08,0.8282378077221121
1983-06-09,0.7628056370366472
1983-06-10,0.7112371510574526
1983-06-11,0.6702656350355433
1983-06-12,0.6669923083066176
1983-06-13,0.7001094670783649
1983-06-14,0.6992934847763106
1983-06-15,0.6646275191137808
1983-06-16,0.6320088878889579
1983-06-17,0.60567564635961
1983-06-18,0.5842431636751977
1983-06-19,0.5666541542492799
1983-06-20,0.5520960026007805
1983-06-21,0.5399403070142292
1983-06-22,0.5296983146145733
1983-06-23,0.52098782191037
1983-06-24,0.5146715079807836
1983-06-25,0.5176584294753986
1983-06-26,0.6388703734784014
1983-06-27,1.0368440761721927
1983-06-28,1.2207115786604537
1983-06-29,1.059937640015067
1983-06-30,0.9368618507774586
1983-07-01,0.8419242751156332
1983-07-02,0.7680616179874976
1983-07-03,0.7101186825179594
1983-07-04,0.6974631549848652
1983-07-05,0.6814974006201077
1983-07-06,0.6412746898714639
1983-07-07,0.6090364619101625
1983-07-08,0.6018998451504445
1983-07-09,0.6081601477545565
1983-07-10,0.5982147997605061
1983-07-11,0.6819629984496753
1983-07-12,0.7331513083587645
1983-07-13,0.6804402027724192
1983-07-14,0.6385777331403509
1983-07-15,0.6051206940477684
1983-07-16,0.5781696322414992
1983-07-17,0.5563715332853291
1983-07-18,0.5384726771388234
1983-07-19,0.5236689020376838
1983-07-20,0.5113457694659018
1983-07-21,0.5009968256139105
1983-07-22,0.4922263952969886
1983-07-23,0.48501117987623715
1983-07-24,0.4816192257881346
1983-07-25,0.48093883430192164
1983-07-26,0.4758173176391091
1983-07-27,0.4700316560558628
1983-07-28,0.46494700178023685
1983-07-29,0.4715287413964777
1983-07-30,0.49703499883893265
1983-07-31,0.503172816417082
1983-08-01,0.49112276511408365
1983-08-02,0.4810017190958675
1983-08-03,0.47243584357062346
1983-08-04,0.46511794505869547
1983-08-05,0.46042062429450353
1983-08-06,0.45601687677206576
1983-08-07,0.450729706178766
1983-08-08,0.4460633365056808
1983-08-09,0.4419065269274883
1983-08-10,0.43816731854400487
1983-08-11,0.43477160678509114
1983-08-12,0.43165946210277056
1983-08-13,0.42879280348763377
1983-08-14,0.42611433211504285
1983-08-15,0.4235934232837164
1983-08-16,0.42710483575346214
1983-08-17,0.42989250284171665
1983-08-18,0.42602975589241443
1983-08-19,0.42253838242442376
1983-08-20,0.4193580982065288
1983-08-21,0.41643483947077137
1983-08-22,0.41372471060434907
1983-08-23,0.4111919567392541
1983-08-24,0.4107402935523576
1983-08-25,0.41530528307211373
1983-08-26,0.4180028967850809
1983-08-27,0.4140992683159402
1983-08-28,0.41030792961868107
1983-08-29,0.41544555007151934
1983-08-30,0.4514096089832566
1983-08-31,0.4783922726879175
1983-09-01,0.46319973494957756
1983-09-02,0.4495272582174335
1983-09-03,0.43816803824022893
1983-09-04,0.42866050867620037
1983-09-05,0.42063205453888036
1983-09-06,0.41379042997221976
1983-09-07,0.4079052718178004
1983-09-08,0.40777861935890986
1983-09-09,0.4309914123879091
1983-09-10,0.46756502337355704
1983-09-11,0.4716639488232805
1983-09-12,0.4540509548203883
1983-09-13,0.44098228731767813
1983-09-14,0.45908894915967974
1983-09-15,0.5062730646516873
1983-09-16,0.5228211333214409
1983-09-17,0.5424463773554624
1983-09-18,0.6244477134842622
1983-09-19,0.7184674319359375
1983-09-20,0.7613478339697206
1983-09-21,0.7216677327186667
1983-09-22,0.6976748846014472
1983-09-23,0.6817922878261106
1983-09-24,0.624387898657036
1983-09-25,0.6240598606404819
1983-09-26,0.6118111934694762
1983-09-27,0.6243367980714786
1983-09-28,0.6925624981143986
1983-09-29,0.6746469128729177
1983-09-30,0.7347690811415929
1983-10-01,0.8633214496665781
1983-10-02,0.8209499707422538
1983-10-03,0.7278128496011759
1983-10-04,0.6553812798933498
1983-10-05,0.5986355524331499
1983-10-06,0.5538360181108576
1983-10-07,0.518201476920359
1983-10-08,0.48964637446063164
1983-10-09,0.4665947198134612
1983-10-10,0.5743614969154448
1983-10-11,0.7195619191243332
1983-10-12,0.706750658095928
1983-10-13,0.8327625855784487
1983-10-14,0.9127138171732184
1983-10-15,0.7978862832860272
1983-10-16,0.969468907306351
1983-10-17,1.1456469082314913
1983-10-18,1.0139975410037485
1983-10-19,0.9195824715160289
1983-10-20,0.8912969870231505
1983-10-21,0.839535649701883
1983-10-22,0.7423866345069184
1983-10-23,0.6749834027791962
1983-10-24,1.2587490887506725
1983-10-25,1.7674467174944215
1983-10-26,1.4455575944791688
1983-10-27,1.3565421240619528
1983-10-28,1.335317693210441
1983-10-29,1.888541457728743
1983-10-30,2.381962514612306
1983-10-31,2.0097315534851936
1983-11-01,1.6626191077892225
1983-11-02,1.3718040259005175
1983-11-03,1.1538893382378712
1983-11-04,0.9891069990015762
1983-11-05,0.8633201848910796
1983-11-06,0.76644475830372
1983-11-07,0.6912049724503414
1983-11-08,0.6322959451538407
1983-11-09,0.585812096867916
1983-11-10,0.5488520979723942
1983-11-11,0.5192425802435362
1983-11-12,0.49534278359630995
1983-11-13,0.5521293887063121
1983-11-14,0.7622820412826222
1983-11-15,0.9946224241623941
1983-11-16,1.0184442950301598
1983-11-17,1.0522686837889916
1983-11-18,1.083936829545536
1983-11-19,0.9354642842838726
1983-11-20,0.8216601127510637
1983-11-21,0.7337333262358734
1983-11-22,0.6652356368480142
1983-11-23,0.6114480162217479
1983-11-24,0.5688842500970926
1983-11-25,0.5407614388892076
1983-11-26,0.5394491572645109
1983-11-27,0.6748812651930076
1983-11-28,0.8161367448765192
1983-11-29,0.7986856230201038
1983-11-30,0.7455436433543979
1983-12-01,0.6747026867948435
1983-12-02,1.060165124072997
1983-12-03,1.5564791137963665
1983-12-04,2.2613147027251856
1983-12-05,2.813548958192982
1983-12-06,2.597750048744915
1983-12-07,2.2791908894976536
1983-12-08,1.8351638209362158
1983-12-09,1.9347936516525064
1983-12-10,1.9935316103521445
1983-12-11,1.9218099811336777
1983-12-12,1.6982580361447353
1983-12-13,1.4071608786652623
1983-12-14,1.188068209335553
1983-12-15,1.0223548603674142
1983-12-16,0.8958270966856862
1983-12-17,0.7983535309503496
1983-12-18,0.7226234605500771
1983-12-19,0.7181117751642154
1983-12-20,1.7501782208192023
1983-12-21,2.666643041694051
1983-12-22,2.2075583957098632
1983-12-23,1.7864764631072843
1983-12-24,2.326527081082243
1983-12-25,2.625932715653025
1983-12-26,2.0960321534840296
1983-12-27,1.7076717752376782
1983-12-28,1.4198665602489207
1983-12-29,1.397683902668815
1983-12-30,1.8248665717988715
1983-12-31,2.00276275628972
1984-01-01,2.903242852456758
1984-01-02,3.59799984544963
1984-01-03,2.877984672187221
1984-01-04,3.44608064540758
1984-01-05,3.8724042497449243
1984-01-06,3.420255116852253
1984-01-07,3.0944462540161677
1984-01-08,2.876720062744571
1984-01-09,2.719756102539486
1984-01-10,2.322251964741137
1984-01-11,2.036464399725171
1984-01-12,1.6800323538479736
1984-01-13,1.4234044091277829
1984-01-14,1.4503118987306018
1984-01-15,1.4829947656634042
1984-01-16,1.2674912910316387
1984-01-17,1.1041855165683239
1984-01-18,1.1905528225007531
1984-01-19,3.6602730215167214
1984-01-20,6.018257776667382
1984-01-21,5.08152663153079
1984-01-22,3.881370057914838
1984-01-23,3.031119651978273
1984-01-24,2.4198204427407086
1984-01-25,1.974316793281888
1984-01-26,1.6456011895343023
1984-01-27,1.400283779244858
1984-01-28,1.2152647549015296
1984-01-29,1.0743392797656666
1984-01-30,0.9659939969754726
1984-01-31,0.8819528458159426
1984-02-01,0.8162026019068985
1984-02-02,0.7643306441560053
1984-02-03,0.7230690349212536
1984-02-04,0.6899768484101344
1984-02-05,0.6632163463509995
1984-02-06,0.9250082554156099
1984-02-07,1.0888847709119704
1984-02-08,0.975868670740435
1984-02-09,0.8874417218115088
1984-02-10,0.8184041028666605
1984-02-11,0.764049648280482
1984-02-12,0.720900878763065
1984-02-13,0.6863657232103998
1984-02-14,0.6584963589942147
1984-02-15,0.7104789969300441
1984-02-16,0.7382870926446299
1984-02-17,0.699004767397803
1984-02-18,0.6674636602600743
1984-02-19,0.6419288725881543
1984-02-20,0.6210829665802895
1984-02-21,0.608175633580232
1984-02-22,0.5976769657866808
1984-02-23,0.5842539209959178
1984-02-24,0.5729683118352574
1984-02-25,0.5842665200366531
1984-02-26,0.7014315059410987
1984-02-27,0.9132846814552894
1984-02-28,1.9309878478441327
1984-02-29,2.738497745384875
1984-03-01,2.335060526842329
1984-03-02,2.1799984068009253
1984-03-03,2.238548640461983
1984-03-04,2.26322035007488
1984-03-05,3.8039893206878745
1984-03-06,5.114808167280991
1984-03-07,4.439925721549106
1984-03-08,3.846499699072408
1984-03-09,3.202987061902127
1984-03-10,2.5496505136737273
1984-03-11,2.074648283283475
1984-03-12,1.7250052024044766
1984-03-13,1.464639836811129
1984-03-14,1.3055215493531023
1984-03-15,1.7078857234198122
1984-03-16,2.155477083541082
1984-03-17,2.265412195807234
1984-03-18,2.5708869234880343
1984-03-19,2.5334635592828607
1984-03-20,2.600821631766651
1984-03-21,2.505982456998503
1984-03-22,2.057966242222398
1984-03-23,2.2668815735866144
1984-03-24,2.5914626019052416
1984-03-25,2.2781775915747953
1984-03-26,3.087301812450008
1984-03-27,3.752362019119991
1984-03-28,3.5185402229557092
1984-03-29,3.5031325306682546
1984-03-30,2.963557742779693
1984-03-31,2.64133586111261
1984-04-01,2.3910276625647175
1984-04-02,2.0631779565402186
1984-04-03,1.8350262783891862
1984-04-04,1.562334004632789
1984-04-05,1.3572820415502986
1984-04-06,1.2015819007271726
1984-04-07,1.082208574092733
1984-04-08,0.9898398140602528
1984-04-09,0.96508536892454
1984-04-10,0.9624298753957263
1984-04-11,0.8958127123952608
1984-04-12,0.8431563700392904
1984-04-13,0.8012243118030987
1984-04-14,0.7675461518656439
1984-04-15,0.740262951028604
1984-04-16,0.7179654037464039
1984-04-17,0.6995776063642767
1984-04-18,0.6842728016464309
1984-04-19,0.6714117784822068
1984-04-20,0.6606018363700609
1984-04-21,0.6512725820569959
1984-04-22,0.7139749233594253
1984-04-23,0.8050933411754332
1984-04-24,0.7710125767364561
1984-04-25,0.7389881815739586
1984-04-26,0.7773444319141388
1984-04-27,0.9207174408245827
1984-04-28,0.9446550533497796
1984-04-29,0.8832431147092653
1984-04-30,1.0838103263950307
1984-05-01,1.263949422089129
1984-05-02,1.2058463500841652
1984-05-03,1.2217515407304715
1984-05-04,1.472550690844602
1984-05-05,1.7109471223939723
1984-05-06,1.5990756529899255
1984-05-07,1.4771527685565935
1984-05-08,1.4724529719403898
1984-05-09,1.320462127490836
1984-05-10,1.1648310582453274
1984-05-11,1.0461178776604088
1984-05-12,0.9543099064121341
1984-05-13,0.8821057708605492
1984-05-14,0.8252946170007865
1984-05-15,0.7802171928751515
1984-05-16,0.7441482195437192
1984-05-17,0.7150426534146926
1984-05-18,0.868464662535072
1984-05-19,1.0174025137956653
1984-05-20,1.1467715853538387
1984-05-21,2.062176868313395
1984-05-22,2.613067023738015
1984-05-23,2.137789287754529
1984-05-24,2.0623201138934486
1984-05-25,2.0804222122245712
1984-05-26,1.987257093743125
1984-05-27,2.2537488275544955
1984-05-28,2.279699220818969
1984-05-29,2.7743228897792207
1984-05-30,3.2205990710110135
1984-05-31,3.041724318530721
1984-06-01,2.787180297883401
1984-06-02,2.2618498173885846
1984-06-03,1.8764254855061406
1984-06-04,1.6252072830706246
1984-06-05,1.4142257038793131
1984-06-06,1.2423842718803548
1984-06-07,1.1110900814707059
1984-06-08,1.009843138952639
1984-06-09,0.9310646741373523
1984-06-10,0.8692333780858785
1984-06-11,0.8202875616308153
1984-06-12,0.7812122490192132
1984-06-13,0.7558389950712933
1984-06-14,0.7314129510696251
1984-06-15,0.7090863471594299
1984-06-16,0.690685146692895
1984-06-17,0.6753789163425191
1984-06-18,0.6635850282898773
1984-06-19,0.6597325105825139
1984-06-20,0.6519857914364187
1984-06-21,0.6546310200515192
1984-06-22,0.6493603159399761
1984-06-23,0.6392873483564373
1984-06-24,0.6306152696709675
1984-06-25,0.7122267306450398
1984-06-26,1.9407987245162766
1984-06-27,3.6396847474158993
1984-06-28,3.9119269256207527
1984-06-29,3.537573923933495
1984-06-30,3.2074585046109587
1984-07-01,3.978749344320766
1984-07-02,4.402551942922141
1984-07-03,3.926613106001819
1984-07-04,3.2553406032120105
1984-07-05,2.6059885939506238
1984-07-06,2.133693374415775
1984-07-07,1.7859005154896053
1984-07-08,1.526796191715512
1984-07-09,1.425388369437617
1984-07-10,1.3455385321434576
1984-07-11,1.1939295625206212
1984-07-12,1.0774925001910505
1984-07-13,1.0185464618813052
1984-07-14,1.015330840869206
1984-07-15,0.9602583756004348
1984-07-16,0.8952003566692142
1984-07-17,0.8437559211356035
1984-07-18,0.8027523694408507
1984-07-19,0.7697898439349178
1984-07-20,0.7430611230988172
1984-07-21,0.721195160139055
1984-07-22,0.7042658731669506
1984-07-23,0.7027396086773073
1984-07-24,0.7236900479668072
1984-07-25,0.7290423904177623
1984-07-26,0.7092214382308587
1984-07-27,0.6914943116720741
1984-07-28,0.6767228929667324
1984-07-29,0.6642953278271092
1984-07-30,0.6537356404075361
1984-07-31,0.6446715450903786
1984-08-01,0.6368103657122052
1984-08-02,0.6299208988090665
1984-08-03,0.6238196667758448
1984-08-04,0.6183604356851914
1984-08-05,0.6134261769088293
1984-08-06,0.6089228694808321
1984-08-07,0.6047746971637452
1984-08-08,0.6009203082020469
1984-08-09,0.6033868025556233
1984-08-10,0.6057515623118038
1984-08-11,0.6006450023589366
1984-08-12,0.5960062792807295
1984-08-13,0.6073002416026837
1984-08-14,0.8225196807252503
1984-08-15,1.0393419939018669
1984-08-16,0.942396292095081
1984-08-17,0.9608666365347971
1984-08-18,0.9735860994601074
1984-08-19,0.8909471547090445
1984-08-20,0.8262638748251123
1984-08-21,0.7752474721968269
1984-08-22,0.7346707538013962
1984-08-23,0.7021258968077957
1984-08-24,0.6758018778814869
1984-08-25,0.6543262782584218
1984-08-26,0.6366517327123257
1984-08-27,0.6219736705457327
1984-08-28,0.6096702098483279
1984-08-29,0.5992578825632053
1984-08-30,0.5903587721033768
1984-08-31,0.5826759466383361
1984-09-01,0.5759749695778443
1984-09-02,0.570069894919074
1984-09-03,0.5648125954393871
1984-09-04,0.5600845839958811
1984-09-05,0.5579460596021893
1984-09-06,0.5552554861803114
1984-09-07,0.5513126321287262
1984-09-08,0.5541795736952813
1984-09-09,0.5547202270926844
1984-09-10,0.5496335553513815
1984-09-11,0.5450525864692272
1984-09-12,0.5789614769443782
1984-09-13,0.616037683946669
1984-09-14,0.598446495885198
1984-09-15,0.5838583330739578
1984-09-16,0.5716708591812014
1984-09-17,0.5613919811419911
1984-09-18,0.5526378306583403
1984-09-19,0.5451073687207336
1984-09-20,0.5385633287893874
1984-09-21,0.5328178216926241
1984-09-22,0.5277213938008786
1984-09-23,0.5231546608200274
1984-09-24,0.5190218750613355
1984-09-25,0.5152487619172335
1984-09-26,0.5117682550187691
1984-09-27,0.5149214638360613
1984-09-28,0.5250437736190047
1984-09-29,0.5452223488417297
1984-09-30,0.5639696673616126
1984-10-01,0.55625101024908
1984-10-02,0.5437545042169772
1984-10-03,0.5332423644215185
1984-10-04,0.5243280169681391
1984-10-05,0.5166942961885531
1984-10-06,0.5100915708560976
1984-10-07,0.5107970777138681
1984-10-08,0.5485217993434092
1984-10-09,0.572969336602905
1984-10-10,0.6116640154846035
1984-10-11,0.649267340786906
1984-10-12,0.6155252807283041
1984-10-13,0.5883378974944237
1984-10-14,0.6174842821500507
1984-10-15,0.6489984411098
1984-10-16,0.6618273735900649
1984-10-17,0.6722440044456125
1984-10-18,0.6324251513988283
1984-10-19,0.6005396162209419
1984-10-20,0.5748231391810837
1984-10-21,0.5661880879486839
1984-10-22,0.6763660791318388
1984-10-23,0.7943647905518283
1984-10-24,0.9406564307491797
1984-10-25,1.1383937206425985
1984-10-26,1.0984459334080594
1984-10-27,1.0766670908331804
1984-10-28,1.0657366225006546
1984-10-29,0.937911779009024
1984-10-30,0.9208592819380902
1984-10-31,0.9010922943563745
1984-11-01,0.8107408831371826
1984-11-02,0.7952382567384854
1984-11-03,0.7893640930275824
1984-11-04,0.7234123736202515
1984-11-05,0.6714650448000324
1984-11-06,0.6421899280818876
1984-11-07,0.700194603788778
1984-11-08,1.304907105909671
1984-11-09,1.944912677910331
1984-11-10,2.0951253863654924
1984-11-11,2.0279451030095603
1984-11-12,1.6625801579895387
1984-11-13,1.3910200572974538
1984-11-14,1.231701343350634
1984-11-15,1.4580483680702458
1984-11-16,1.913422987628077
1984-11-17,2.0526952205150772
1984-11-18,1.8828378762208977
1984-11-19,1.6477376535266233
1984-11-20,1.408088624574612
1984-11-21,1.2030224832644747
1984-11-22,1.0475019354753494
1984-11-23,0.9728334071230131
1984-11-24,1.0434032696623692
1984-11-25,1.046496773708822
1984-11-26,0.9529277805829549
1984-11-27,0.8644482615668229
1984-11-28,0.7866902652487385
1984-11-29,0.7257934522321245
1984-11-30,0.6777133229780211
1984-12-01,0.6394485507196849
1984-12-02,0.6087531122485671
1984-12-03,0.5839329958594769
1984-12-04,0.5637011586247721
1984-12-05,0.5470730483655674
1984-12-06,0.5332906691480813
1984-12-07,0.5217669274386757
1984-12-08,0.5120445198245318
1984-12-09,0.50954074498335
1984-12-10,1.4980136336249847
1984-12-11,2.6928021415882597
1984-12-12,3.855019426306924
1984-12-13,4.5247719434363
1984-12-14,3.472299555687886
1984-12-15,2.722185375287141
1984-12-16,2.180262812580677
1984-12-17,1.7835853808229523
1984-12-18,3.4455495386716124
1984-12-19,4.191834494659644
1984-12-20,5.042894716275844
1984-12-21,10.388736026662492
1984-12-22,11.420102682888512
1984-12-23,7.145512828720371
1984-12-24,6.433394919885198
1984-12-25,6.039709350737625
1984-12-26,4.5594457603929675
1984-12-27,3.528550291978308
1984-12-28,2.7931078390910034
1984-12-29,2.2608983696523963
1984-12-30,1.870729048023233
1984-12-31,1.5812676654728193
1985-01-01,1.4321459654563256
1985-01-02,1.3990923983324064
1985-01-03,1.287184061163501
1985-01-04,1.1409544327925691
1985-01-05,1.0285908227287026
1985-01-06,0.9414884785287302
1985-01-07,0.8733767292372784
1985-01-08,0.819659628361872
1985-01-09,0.776937329690126
1985-01-10,0.7838502679466034
1985-01-11,0.7995297923410377
1985-01-12,1.3748117286427837
1985-01-13,2.1165557269764084
1985-01-14,1.9709091697968313
1985-01-15,1.6545541439951703
1985-01-16,1.4180564096433808
1985-01-17,1.2394471455903826
1985-01-18,1.1032164137436975
1985-01-19,0.998331485093311
1985-01-20,0.91685291747276
1985-01-21,0.8530059898087572
1985-01-22,0.8025488892115873
1985-01-23,0.7623372302095434
1985-01-24,0.7300202902481324
1985-01-25,0.7038267597433027
1985-01-26,0.6824120604079479
1985-01-27,0.6647484862125963
1985-01-28,0.650045441290061
1985-01-29,0.6376910384867066
1985-01-30,0.6272089977442735
1985-01-31,0.6182265979843387
1985-02-01,0.6104506797347757
1985-02-02,0.6036495564923293
1985-02-03,0.5976392941825445
1985-02-04,0.6342049422110466
1985-02-05,0.6763817734451006
1985-02-06,0.8284074912319945
1985-02-07,1.0561839093631173
1985-02-08,1.1590071385648164
1985-02-09,1.3462009301477005
1985-02-10,2.1238791414135316
1985-02-11,2.5337348555051618
1985-02-12,2.694748810009761
1985-02-13,2.8122436753001576
1985-02-14,2.441650769378044
1985-02-15,2.1768166612440067
1985-02-16,1.9165724855520114
1985-02-17,1.8838593739739136
1985-02-18,1.9058621557948559
1985-02-19,1.764739520452039
1985-02-20,1.4983562973690379
1985-02-21,1.4369234370398847
1985-02-22,1.3912541727564223
1985-02-23,2.1287262626536667
1985-02-24,2.927093682830693
1985-02-25,3.0358385160491683
1985-02-26,3.299498208677575
1985-02-27,3.399568328505381
1985-02-28,3.0809743485990992
1985-03-01,2.5452686560945295
1985-03-02,2.737926168388475
1985-03-03,2.889546980457597
1985-03-04,2.4323346633555905
1985-03-05,2.0035481990139954
1985-03-06,1.6865446215686968
1985-03-07,1.449594549512563
1985-03-08,1.2706017226299238
1985-03-09,1.1340426493532114
1985-03-10,1.028873169271047
1985-03-11,0.9471445591065643
1985-03-12,0.8830747186111422
1985-03-13,0.8324160363436527
1985-03-14,0.7920195992197505
1985-03-15,0.7595311601592543
1985-03-16,0.7376171852122072
1985-03-17,0.7176949030067518
1985-03-18,1.5463533352135823
1985-03-19,2.4312735135012984
1985-03-20,2.0634221909995025
1985-03-21,1.7290645483121647
1985-03-22,1.4939747700958932
1985-03-23,1.4366169839344334
1985-03-24,1.363137129770374
1985-03-25,1.2031378519974172
1985-03-26,1.080537879952377
1985-03-27,0.9857789401009037
1985-03-28,0.9118855426463637
1985-03-29,0.9505265314096056
1985-03-30,1.02651865440761
1985-03-31,0.9660545692595104
1985-04-01,0.8955109970397898
1985-04-02,1.0662169730941555
1985-04-03,1.2125196165445942
1985-04-04,1.0858330571045116
1985-04-05,0.9879114191896766
1985-04-06,0.9116497682156727
1985-04-07,0.8517413563369027
1985-04-08,0.8042780915261387
1985-04-09,0.7663560755843856
1985-04-10,0.7357995795987143
1985-04-11,0.7109657878164165
1985-04-12,0.6993579734637944
1985-04-13,0.7972534817901945
1985-04-14,1.038486808601305
1985-04-15,1.3080456898654338
1985-04-16,1.3363293055756627
1985-04-17,1.3040658576899882
1985-04-18,1.2627013360212056
1985-04-19,1.3341659727472752
1985-04-20,1.4233866377114248
1985-04-21,1.353709893566247
1985-04-22,1.380006502082758
1985-04-23,1.2808511739803272
1985-04-24,1.1346785711085776
1985-04-25,1.2264480672428262
1985-04-26,1.8649066589544114
1985-04-27,2.2476594139099624
1985-04-28,1.934920524834136
1985-04-29,1.629144857098866
1985-04-30,1.4193416678275543
1985-05-01,1.3077179535129992
1985-05-02,1.4341241285411126
1985-05-03,1.4896384318921772
1985-05-04,1.295213081776834
1985-05-05,1.3130100853459223
1985-05-06,1.3597644273290026
1985-05-07,1.2012225741323783
1985-05-08,1.07517926834779
1985-05-09,1.0103690745682437
1985-05-10,1.0765355497354474
1985-05-11,1.2607532313128624
1985-05-12,1.447563655215007
1985-05-13,1.4069993565711367
1985-05-14,1.2319992529199364
1985-05-15,1.0983352770488466
1985-05-16,1.0080333180555079
1985-05-17,0.9723867195321488
1985-05-18,0.9239550980279664
1985-05-19,0.9210251472935145
1985-05-20,0.921627887416391
1985-05-21,0.8619875281989846
1985-05-22,0.8096889463117689
1985-05-23,0.7680683787068507
1985-05-24,0.7346661834110306
1985-05-25,0.7077825077618605
1985-05-26,0.6868411666997453
1985-05-27,0.6688114321842445
1985-05-28,0.6534374762400962
1985-05-29,0.7275412168174359
1985-05-30,0.8251804591727746
1985-05-31,0.8686528698409989
1985-06-01,0.8719493809915688
1985-06-02,0.8263153511412923
1985-06-03,0.786037507355786
1985-06-04,0.7453764587610417
1985-06-05,0.7127252598254813
1985-06-06,0.6863003269783959
1985-06-07,0.7744718402969922
1985-06-08,0.9940569841835648
1985-06-09,1.0642812037090275
1985-06-10,0.966892850519064
1985-06-11,0.8855167027002776
1985-06-12,0.8217958977236971
1985-06-13,0.7714783047178027
1985-06-14,0.7315173702696045
1985-06-15,0.7265444901211898
1985-06-16,0.7160171677592345
1985-06-17,0.6863638410142819
1985-06-18,0.7896460374732558
1985-06-19,0.8776764640080029
1985-06-20,0.8133619636567703
1985-06-21,0.7625184035521264
1985-06-22,0.7220626508146478
1985-06-23,0.6896057235800045
1985-06-24,0.6633488867323766
1985-06-25,0.6419277307141202
1985-06-26,0.6247886757185783
1985-06-27,0.6164369972390967
1985-06-28,0.6093353431713276
1985-06-29,0.5981450544207214
1985-06-30,0.5873135825890407
1985-07-01,0.5810057583684918
1985-07-02,0.5743660704069157
1985-07-03,0.5667497692012028
1985-07-04,0.5601111233411097
1985-07-05,0.5542691187799067
1985-07-06,0.5490754551728089
1985-07-07,0.5932134982992813
1985-07-08,0.6374893077556806
1985-07-09,0.6658745889532012
1985-07-10,0.702365828717439
1985-07-11,0.6700026464732877
1985-07-12,0.6419522380801893
1985-07-13,0.6187930757580834
1985-07-14,0.5995549719990855
1985-07-15,0.5836842872500038
1985-07-16,0.5728092048369947
1985-07-17,0.5621535133394541
1985-07-18,0.5522490748730803
1985-07-19,0.546654589837405
1985-07-20,0.5409177065531993
1985-07-21,0.5338211326720591
1985-07-22,0.5276424880327368
1985-07-23,0.5240624696139528
1985-07-24,0.5194877757803639
1985-07-25,0.515886694761072
1985-07-26,0.5200333508857523
1985-07-27,0.5190887805526508
1985-07-28,0.5135268425173735
1985-07-29,0.508585848552635
1985-07-30,0.504158420455018
1985-07-31,0.5001535796908401
1985-08-01,0.4964964326041081
1985-08-02,0.49312642621095953
1985-08-03,0.4899944352011158
1985-08-04,0.48706047573760847
1985-08-05,0.4919793193805619
1985-08-06,0.4975437777946292
1985-08-07,0.49251868064967813
1985-08-08,0.4880317156160443
1985-08-09,0.4839921647174374
1985-08-10,0.5035424415465586
1985-08-11,0.5325943397111376
1985-08-12,0.529428162835715
1985-08-13,0.518212589333627
1985-08-14,0.5203543086176561
1985-08-15,0.523490093269194
1985-08-16,0.5112800701558496
1985-08-17,0.5010280569492779
1985-08-18,0.4923482034878535
1985-08-19,0.48492866372883503
1985-08-20,0.4785239284668379
1985-08-21,0.4729397842939142
1985-08-22,0.47791738042548565
1985-08-23,0.4831733959172402
1985-08-24,0.4759783582465262
1985-08-25,0.46973212325613806
1985-08-26,0.4642832631101154
1985-08-27,0.4678500718110563
1985-08-28,0.4746908138759351
1985-08-29,0.48257360712607894
1985-08-30,0.5259424863684564
1985-08-31,0.5486796754096374
1985-09-01,0.5269821988735246
1985-09-02,0.5548024635820925
1985-09-03,0.6188248162431529
1985-09-04,0.616088305824185
1985-09-05,0.580040050607861
1985-09-06,0.5511250561596662
1985-09-07,0.5297495669236879
1985-09-08,0.5121128110480686
1985-09-09,0.4959820968561251
1985-09-10,0.4825293176147474
1985-09-11,0.4713190892527411
1985-09-12,0.46324595886865755
1985-09-13,0.5200934507321279
1985-09-14,0.5748565166766616
1985-09-15,0.5996386256541306
1985-09-16,0.619444381237599
1985-09-17,0.5804875973136859
1985-09-18,0.6270154374913474
1985-09-19,0.7157342033495396
1985-09-20,0.718270724010214
1985-09-21,0.6902813296755853
1985-09-22,0.6711708615155522
1985-09-23,0.6376223432799167
1985-09-24,0.5936069906435383
1985-09-25,0.5585094333573609
1985-09-26,0.5303398733893029
1985-09-27,0.5075574056185091
1985-09-28,0.48898894265390697
1985-09-29,0.47373539596239733
1985-09-30,0.4611033240880669
1985-10-01,0.48579360930545135
1985-10-02,0.5100226193200748
1985-10-03,0.8030893745861271
1985-10-04,1.5894429431781603
1985-10-05,1.8236573507788263
1985-10-06,1.495608109817628
1985-10-07,1.250773174541104
1985-10-08,1.1331817463783513
1985-10-09,1.090995971774633
1985-10-10,0.9802654172334537
1985-10-11,0.8603967196140468
1985-10-12,0.7678860486711812
1985-10-13,0.6995020298475493
1985-10-14,0.6472215602223407
1985-10-15,0.6146763983840297
1985-10-16,0.62579536356725
1985-10-17,0.6102362671636639
1985-10-18,0.5712920904033528
1985-10-19,0.6330857321610515
1985-10-20,0.6935386446925912
1985-10-21,0.6366752889734314
1985-10-22,0.5916879471891169
1985-10-23,0.7281652581650854
1985-10-24,0.8541114319530808
1985-10-25,1.2743408065970658
1985-10-26,2.30159702525938
1985-10-27,2.5535637499871355
1985-10-28,2.0798273754167793
1985-10-29,2.9575366478399943
1985-10-30,4.612367724182582
1985-10-31,4.617426382639166
1985-11-01,3.8533110434794513
1985-11-02,3.2263140642198596
1985-11-03,2.648500973193845
1985-11-04,2.115461648564167
1985-11-05,2.6758457571676524
1985-11-06,3.3438970637452674
1985-11-07,2.825943826612063
1985-11-08,2.4198753232910426
1985-11-09,2.5475853647303572
1985-11-10,2.450579455529708
1985-11-11,2.0242082237232
1985-11-12,1.7252516745090007
1985-11-13,1.442892831934804
1985-11-14,1.231099512794216
1985-11-15,1.0706466349725725
1985-11-16,0.9479295441054013
1985-11-17,0.8532270849458069
1985-11-18,0.7861632674299729
1985-11-19,0.7342810164090232
1985-11-20,0.6858738229155982
1985-11-21,0.649269896058586
1985-11-22,0.6242377964843057
1985-11-23,0.6003604261087782
1985-11-24,0.6753458556394764
1985-11-25,1.107691007618373
1985-11-26,1.5010449228104337
1985-11-27,1.7484958766881604
1985-11-28,1.7921572703126893
1985-11-29,1.4925229000285924
1985-11-30,1.2682064903367951
1985-12-01,1.0986543390727204
1985-12-02,0.9692523104999298
1985-12-03,0.869588703298939
1985-12-04,0.7921599177346801
1985-12-05,0.7315005979651562
1985-12-06,1.1029135076329732
1985-12-07,2.0358668912403037
1985-12-08,2.4253899350121393
1985-12-09,2.080770517155203
1985-12-10,1.7092491368815113
1985-12-11,2.22242845941797
1985-12-12,3.2321923061498494
1985-12-13,3.676328460569041
1985-12-14,2.8747193056205975
1985-12-15,2.296737488574193
1985-12-16,1.874739319463706
1985-12-17,1.5628437255567427
1985-12-18,1.3297217325549207
1985-12-19,1.1536547405446185
1985-12-20,1.1443781435798825
1985-12-21,1.2077806023027642
1985-12-22,1.2292628762766593
1985-12-23,1.1535049552834586
1985-12-24,1.0194468547408246
1985-12-25,0.9162639225747921
1985-12-26,0.8361448601145384
1985-12-27,0.7734056783454765
1985-12-28,0.7238695009691568
1985-12-29,0.6844388836120432
1985-12-30,0.6527973533790089
1985-12-31,0.6271988083180279
1986-01-01,0.6063173743718824
1986-01-02,0.5891393304776977
1986-01-03,0.5748846124752
1986-01-04,0.5629493181508788
1986-01-05,0.5528632602349284
1986-01-06,0.5442583948135953
1986-01-07,0.6901536873971384
1986-01-08,0.984246275849114
1986-01-09,3.217160597277036
1986-01-10,5.6294893091955585
1986-01-11,5.257579742028451
1986-01-12,4.315594198894324
1986-01-13,3.338387464862981
1986-01-14,2.6397836910226755
1986-01-15,2.1333130540306087
1986-01-16,1.7614111481202077
1986-01-17,1.4851050082084045
1986-01-18,1.2775873817814114
1986-01-19,1.1201518069898764
1986-01-20,1.1321629216142124
1986-01-21,1.154947392921761
1986-01-22,1.0262719540513527
1986-01-23,0.92704408857528
1986-01-24,0.849853590655576
1986-01-25,1.3890432524124938
1986-01-26,2.2665549118935835
1986-01-27,2.343437627505892
1986-01-28,2.133087532510773
1986-01-29,2.495003425948996
1986-01-30,2.91985876105277
1986-01-31,3.2466161175641854
1986-02-01,3.3065207884219596
1986-02-02,2.719665666744054
1986-02-03,2.1983851623698856
1986-02-04,2.0966250148522003
1986-02-05,2.078887109648459
1986-02-06,2.0712682352229748
1986-02-07,2.012567212013109
1986-02-08,1.681909281389644
1986-02-09,1.4351114632057165
1986-02-10,1.2490311843588242
1986-02-11,1.3692554334419051
1986-02-12,1.4744633397959588
1986-02-13,1.2792412597302498
1986-02-14,1.1306743671576134
1986-02-15,1.0166370781910137
1986-02-16,0.9283092614107699
1986-02-17,0.859296201856524
1986-02-18,0.8049146574001195
1986-02-19,0.7617026405625142
1986-02-20,0.7270786842749574
1986-02-21,0.6991023118729663
1986-02-22,0.7140536508250456
1986-02-23,0.7317997678065636
1986-02-24,0.701900033708279
1986-02-25,0.6775755774491911
1986-02-26,0.6576420827180642
1986-02-27,0.6411617197253133
1986-02-28,0.6274115147427276
1986-03-01,0.6158308101428921
1986-03-02,0.6059823886352588
1986-03-03,0.5975234969803785
1986-03-04,0.5901840989727051
1986-03-05,0.5837504474959416
1986-03-06,0.5780525980492294
1986-03-07,0.5729548626092845
1986-03-08,0.5978688218215971
1986-03-09,0.6811598252386664
1986-03-10,0.7992811277667933
1986-03-11,0.9764060880194984
1986-03-12,1.097357312294858
1986-03-13,1.0507868811368266
1986-03-14,0.9454107711447995
1986-03-15,0.8635849869174578
1986-03-16,1.2469528602281257
1986-03-17,1.677697870549405
1986-03-18,1.5553996279669533
1986-03-19,1.4380220809268618
1986-03-20,1.3610854440099116
1986-03-21,1.3211505473301342
1986-03-22,1.2799637422895156
1986-03-23,1.1578761183093864
1986-03-24,1.028563810428192
1986-03-25,0.9288479635260375
1986-03-26,0.8513087403182653
1986-03-27,0.7904997446524206
1986-03-28,0.970385470706392
1986-03-29,1.2369805481924578
1986-03-30,1.723051625096853
1986-03-31,3.2696620110766133
1986-04-01,3.857168167086313
1986-04-02,3.229216328878589
1986-04-03,2.7978837661218683
1986-04-04,2.254813175810924
1986-04-05,1.857035462876164
1986-04-06,1.5637814833232733
1986-04-07,1.4863310803403011
1986-04-08,1.426881242528385
1986-04-09,1.244596042090031
1986-04-10,1.2342421919305084
1986-04-11,2.2151179773854337
1986-04-12,2.8486716538773322
1986-04-13,2.454994560792349
1986-04-14,2.1866564991698962
1986-04-15,1.810742638410611
1986-04-16,1.5314816545821175
1986-04-17,1.321829593983846
1986-04-18,1.1628202159191083
1986-04-19,1.041055724719025
1986-04-20,0.9469562123354293
1986-04-21,0.8735948046080201
1986-04-22,0.8585062662945425
1986-04-23,0.9053279200385059
1986-04-24,1.001383545226499
1986-04-25,1.125229368089083
1986-04-26,1.3725957063897853
1986-04-27,1.4777768884062807
1986-04-28,1.2814296655119901
1986-04-29,1.1307243578218635
1986-04-30,1.0152988920716657
1986-05-01,0.931277586805832
1986-05-02,0.8622426702759166
1986-05-03,0.8058365950425334
1986-05-04,0.7610856785647256
1986-05-05,0.7252851189608478
1986-05-06,0.6964045256345633
1986-05-07,0.6729081782543308
1986-05-08,0.6536262090241329
1986-05-09,0.6376614866704727
1986-05-10,0.6243217181062679
1986-05-11,0.6130695317364973
1986-05-12,0.6034854971028811
1986-05-13,0.5952405292809796
1986-05-14,0.5880751553410363
1986-05-15,0.581783835744046
1986-05-16,0.5762030357198114
1986-05-17,0.5712020971289836
1986-05-18,0.5666762149623122
1986-05-19,0.5625410050320826
1986-05-20,0.5587282815379244
1986-05-21,0.5551827595654747
1986-05-22,0.5518594683412575
1986-05-23,0.5487217133548481
1986-05-24,0.5457394643271997
1986-05-25,0.5428880750623435
1986-05-26,0.5406130622573156
1986-05-27,0.5381017740984725
1986-05-28,0.5354494340522924
1986-05-29,0.5328794254007028
1986-05-30,0.5303798591693768
1986-05-31,0.5279408600286052
1986-06-01,0.5255542065359065
1986-06-02,0.523308009322721
1986-06-03,0.5245170611600214
1986-06-04,0.5275466163721977
1986-06-05,0.5366092236086284
1986-06-06,0.5418318690002063
1986-06-07,0.5352839136505696
1986-06-08,0.5295295124046349
1986-06-09,0.5244295501508939
1986-06-10,0.5198632634549882
1986-06-11,0.5157338826243955
1986-06-12,0.5119635644849573
1986-06-13,0.5084894605728167
1986-06-14,0.5052606514511085
1986-06-15,0.5022357452730408
1986-06-16,0.5098893607101982
1986-06-17,0.5782365807327433
1986-06-18,0.651353880049928
1986-06-19,0.639121842837528
1986-06-20,0.6112380954414794
1986-06-21,0.5870838201191534
1986-06-22,0.6629469572944421
1986-06-23,0.8741111531887631
1986-06-24,0.9447866647054651
1986-06-25,0.865712814232778
1986-06-26,1.0869083291001984
1986-06-27,1.3154736130229925
1986-06-28,1.1377313618595088
1986-06-29,0.9973167980212151
1986-06-30,0.8894952529514182
1986-07-01,0.8059710563912482
1986-07-02,0.740721503563521
1986-07-03,0.689330167109221
1986-07-04,0.648528397864094
1986-07-05,0.6232276649588856
1986-07-06,0.59985244727042
1986-07-07,0.5764367698349979
1986-07-08,0.5801962191193929
1986-07-09,0.682505436015529
1986-07-10,0.7471361614712607
1986-07-11,0.8934102735660047
1986-07-12,1.1402308756827038
1986-07-13,1.2913091479039018
1986-07-14,1.5786417284087157
1986-07-15,1.8679830574959746
1986-07-16,2.06287535217906
1986-07-17,2.0566837877037085
1986-07-18,2.0094279583134527
1986-07-19,2.0789965015467544
1986-07-20,1.8971384306238546
1986-07-21,1.5714707900678935
1986-07-22,1.522153502216869
1986-07-23,1.545394917944007
1986-07-24,1.331660957471514
1986-07-25,1.1482002850821593
1986-07-26,1.0084817516860864
1986-07-27,0.9011184871519776
1986-07-28,0.8178920752452935
1986-07-29,0.7528311205315897
1986-07-30,0.701553609758443
1986-07-31,0.7343580235336081
1986-08-01,0.8079219812547186
1986-08-02,0.769271307015338
1986-08-03,0.7334439274858181
1986-08-04,0.705069185103638
1986-08-05,0.6670270607967699
1986-08-06,0.6345305400135896
1986-08-07,0.6060954732009766
1986-08-08,0.5883177234504331
1986-08-09,0.571733258465788
1986-08-10,0.5547533667728889
1986-08-11,0.5566481289241695
1986-08-12,0.5634580608392517
1986-08-13,0.5507786897469209
1986-08-14,0.5372955488274404
1986-08-15,0.5253389878360099
1986-08-16,0.515271581419371
1986-08-17,0.5067158699623404
1986-08-18,0.4993752037069808
1986-08-19,0.500333837560985
1986-08-20,0.5008197553445953
1986-08-21,0.5122504961830953
1986-08-22,0.543054480522321
1986-08-23,0.5412237065678395
1986-08-24,0.5258844288545642
1986-08-25,0.513129459106399
1986-08-26,0.5024411076622709
1986-08-27,0.49340295617529645
1986-08-28,0.5639883826841874
1986-08-29,0.6379048488696305
1986-08-30,0.604981780832235
1986-08-31,0.586074218223076
1986-09-01,0.5758968194042067
1986-09-02,0.5913329524736036
1986-09-03,0.6386660303253201
1986-09-04,0.6453102103951076
1986-09-05,0.6064130659478302
1986-09-06,0.5807585491037401
1986-09-07,0.5600843989001126
1986-09-08,0.5377003584071666
1986-09-09,0.5194075831346152
1986-09-10,0.5043442357900692
1986-09-11,0.491836019714927
1986-09-12,0.4824464038372265
1986-09-13,0.5277805053249149
1986-09-14,0.5755189457474296
1986-09-15,0.5719648269373517
1986-09-16,0.5647948380520044
1986-09-17,0.625570482431431
1986-09-18,0.6964307361900764
1986-09-19,0.6454681321138248
1986-09-20,0.6030554784619733
1986-09-21,0.6155272097657273
1986-09-22,0.6304651214692668
1986-09-23,0.590689295969451
1986-09-24,0.558853900009897
1986-09-25,0.564320224978427
1986-09-26,0.5940243974944198
1986-09-27,0.5767927663929832
1986-09-28,0.5734598522455289
1986-09-29,0.5750223396749202
1986-09-30,0.5452208743110872
1986-10-01,0.5211363964495801
1986-10-02,0.5557330729182867
1986-10-03,0.7891923279585719
1986-10-04,0.9551386478718419
1986-10-05,0.880795414865644
1986-10-06,0.8163406318421388
1986-10-07,0.7495736069233621
1986-10-08,0.6823585728925224
1986-10-09,0.6629377383213704
1986-10-10,0.6753190876327376
1986-10-11,0.6625041574707636
1986-10-12,0.6459666809114798
1986-10-13,0.6042713929592921
1986-10-14,0.5974155522355837
1986-10-15,0.5987833197085409
1986-10-16,0.5624916979634341
1986-10-17,0.5333646365878968
1986-10-18,0.5098291615160736
1986-10-19,0.4906653954790669
1986-10-20,0.4749388940172699
1986-10-21,0.47407817257552093
1986-10-22,0.5381868343478634
1986-10-23,0.7021533100242346
1986-10-24,0.7719833842655746
1986-10-25,0.6970252383350718
1986-10-26,0.7290475719007327
1986-10-27,0.7927800782727604
1986-10-28,1.1498556486159133
1986-10-29,1.4232425380370752
1986-10-30,1.1955809089583591
1986-10-31,1.0233981112071957
1986-11-01,0.8921052343571619
1986-11-02,0.7910958625173584
1986-11-03,0.7127254859746555
1986-11-04,0.7166572603096165
1986-11-05,1.022200795873728
1986-11-06,1.195932450329136
1986-11-07,1.142339091616445
1986-11-08,1.2711032879955424
1986-11-09,1.2504417611580438
1986-11-10,1.6412083378124063
1986-11-11,2.2576364864658456
1986-11-12,2.1224085407496456
1986-11-13,1.7203520905387633
1986-11-14,1.4223905525533027
1986-11-15,1.1994231129656068
1986-11-16,1.0308704172962515
1986-11-17,0.9022386759301201
1986-11-18,0.803192701422025
1986-11-19,0.7262783190864197
1986-11-20,0.8753570768464819
1986-11-21,1.0136887249912137
1986-11-22,0.889131030755872
1986-11-23,0.7930172288033689
1986-11-24,0.7183123503334635
1986-11-25,0.6597749185320999
1986-11-26,0.6135437825736763
1986-11-27,0.5767491161700656
1986-11-28,0.5472401365331129
1986-11-29,0.5233924420355779
1986-11-30,0.503970301892913
1986-12-01,0.5273590446646331
1986-12-02,0.6087193317250735
1986-12-03,0.8438073279059481
1986-12-04,1.9765552929970698
1986-12-05,2.675974739465415
1986-12-06,2.127287890387009
1986-12-07,2.739431529623135
1986-12-08,3.2307743723354396
1986-12-09,2.5331516265927716
1986-12-10,2.5981382036631335
1986-12-11,2.6469513036362478
1986-12-12,2.1128913846612565
1986-12-13,1.721575041740152
1986-12-14,1.7191835677652536
1986-12-15,1.752855528605135
1986-12-16,1.5589533014611332
1986-12-17,1.5237304055050276
1986-12-18,1.4087710440629289
1986-12-19,1.664355735409357
1986-12-20,2.370568824652597
1986-12-21,2.758397178847955
1986-12-22,2.6667273719524562
1986-12-23,2.2467926445313595
1986-12-24,2.1028643862956415
1986-12-25,2.400248793745597
1986-12-26,2.3184087764203776
1986-12-27,2.586136792806106
1986-12-28,4.059232699791773
1986-12-29,5.158094074304965
1986-12-30,4.722308751687533
1986-12-31,3.6215702271993657
1987-01-01,2.8386056244767457
1987-01-02,2.273730169962141
1987-01-03,1.8607734728974845
1987-01-04,1.5552105045557998
1987-01-05,1.326584014486265
1987-01-06,1.1537466646435843
1987-01-07,1.3478249812455747
1987-01-08,1.604457681309358
1987-01-09,2.6441837829414223
1987-01-10,3.929862145245558
1987-01-11,5.707977292003291
1987-01-12,6.670793847998845
1987-01-13,5.349168277508295
1987-01-14,5.264092232740653
1987-01-15,4.990783275601586
1987-01-16,4.948687540619367
1987-01-17,6.579037896040624
1987-01-18,6.279048897287882
1987-01-19,7.500466791558971
1987-01-20,8.55871147278786
1987-01-21,6.802544497738675
1987-01-22,5.253541798539545
1987-01-23,4.759286267206242
1987-01-24,5.042753607812571
1987-01-25,4.749652493763115
1987-01-26,4.851840582507914
1987-01-27,4.968787196284869
1987-01-28,4.2637860418069025
1987-01-29,3.4104359927890955
1987-01-30,2.7390573223274184
1987-01-31,2.5977858280446653
1987-02-01,2.568681541623294
1987-02-02,2.773102151155221
1987-02-03,2.847559911449215
1987-02-04,2.335121972472279
1987-02-05,1.9569189672860452
1987-02-06,1.6757937534941398
1987-02-07,1.464603638980294
1987-02-08,1.304294308679481
1987-02-09,1.1814052474337005
1987-02-10,1.0863115181969472
1987-02-11,1.0120536571463556
1987-02-12,0.9535475114006786
1987-02-13,0.9070434236976929
1987-02-14,0.8697514484212562
1987-02-15,0.8395786158753356
1987-02-16,0.8252257740001098
1987-02-17,2.1169617817595756
1987-02-18,4.021261689029645
1987-02-19,3.8913858490721953
1987-02-20,3.0921674189981996
1987-02-21,2.518683813748399
1987-02-22,2.092826420877824
1987-02-23,1.7778146796517713
1987-02-24,1.5421382686170866
1987-02-25,1.363933189002445
1987-02-26,1.3114151054971834
1987-02-27,1.2810225437211955
1987-02-28,1.1637765960088007
1987-03-01,1.072849596555664
1987-03-02,1.0017320264822474
1987-03-03,0.9456117356453935
1987-03-04,0.9009339171977832
1987-03-05,0.865049625783538
1987-03-06,0.8359688879441256
1987-03-07,1.0330973938508181
1987-03-08,1.2151625408470175
1987-03-09,1.155782037828932
1987-03-10,1.732361623829389
1987-03-11,2.1343131360559235
1987-03-12,1.8043240406370933
1987-03-13,1.5576568809793816
1987-03-14,1.37151251446588
1987-03-15,1.2296123601041822
1987-03-16,1.1203951715974758
1987-03-17,1.0355533318529837
1987-03-18,0.9690525410250853
1987-03-19,0.9164659260044492
1987-03-20,0.8745157991812591
1987-03-21,0.8407544922410497
1987-03-22,0.8133395567025898
1987-03-23,0.7908737739796464
1987-03-24,0.7858203314794632
1987-03-25,1.0158489663951964
1987-03-26,1.3446437223503853
1987-03-27,1.3353429579712455
1987-03-28,1.1970318996157383
1987-03-29,1.0904328718033565
1987-03-30,1.0075805563087228
1987-03-31,0.9426089939854222
1987-04-01,0.8912113109635026
1987-04-02,0.8501962742526886
1987-04-03,0.8251315177396094
1987-04-04,0.8340740256465704
1987-04-05,0.8147912095720863
1987-04-06,0.787656098974583
1987-04-07,0.7654236120459363
1987-04-08,0.747047365613441
1987-04-09,0.7317127651534462
1987-04-10,0.7187898420621596
1987-04-11,0.7077886026060113
1987-04-12,0.6983258595003702
1987-04-13,0.6901004181328321
1987-04-14,0.6828743885611077
1987-04-15,0.6764590218495274
1987-04-16,0.6707039110534865
1987-04-17,0.6878795620611801
1987-04-18,0.7350497246565132
1987-04-19,0.8166236049015954
1987-04-20,1.311331655798058
1987-04-21,1.6804872811793807
1987-04-22,1.447633693339123
1987-04-23,1.2713575161985247
1987-04-24,1.1368049617348468
1987-04-25,1.0331302079020226
1987-04-26,0.9525232823459215
1987-04-27,0.8893003895860376
1987-04-28,0.8392843826806863
1987-04-29,0.7993774019354781
1987-04-30,0.767262558306128
1987-05-01,0.7411933898892794
1987-05-02,0.7198437344648559
1987-05-03,0.788715108906271
1987-05-04,0.850790978953753
1987-05-05,0.8272063010278755
1987-05-06,0.9857315900623513
1987-05-07,1.092442801416681
1987-05-08,1.0906316749794602
1987-05-09,1.0952042708216594
1987-05-10,0.9961466500068963
1987-05-11,1.2022709728273802
1987-05-12,2.0627496607106997
1987-05-13,2.4080072238702486
1987-05-14,1.9841009062407025
1987-05-15,1.6702162733354786
1987-05-16,1.4961617942007848
1987-05-17,1.372093128071471
1987-05-18,1.3317052940467768
1987-05-19,1.738535100432412
1987-05-20,1.908585990765009
1987-05-21,1.6150572586355294
1987-05-22,1.394828838698151
1987-05-23,1.5721854632505499
1987-05-24,1.7975990708153018
1987-05-25,1.6053454268425682
1987-05-26,1.4056774638983136
1987-05-27,1.2900004359815052
1987-05-28,1.1892660768351384
1987-05-29,1.071200446852113
1987-05-30,0.9797642497850402
1987-05-31,0.9083741885531248
1987-06-01,0.8521517947910073
1987-06-02,0.8074956745029853
1987-06-03,0.7717237828422417
1987-06-04,0.7707390465874546
1987-06-05,0.8595712693294718
1987-06-06,0.9080969317025324
1987-06-07,0.8545532433306781
1987-06-08,0.8073960126653966
1987-06-09,0.7820817046232159
1987-06-10,0.7585743094803482
1987-06-11,0.730110281546755
1987-06-12,0.7068871356915779
1987-06-13,0.6878300086997635
1987-06-14,0.6719932918951969
1987-06-15,0.8689304389439508
1987-06-16,1.2271529410864037
1987-06-17,1.277890804538795
1987-06-18,1.1574763818937803
1987-06-19,1.0399105125647274
1987-06-20,0.9489253691716873
1987-06-21,0.966351072706856
1987-06-22,1.0364937557306477
1987-06-23,1.0845177509650383
1987-06-24,1.0622053841668637
1987-06-25,0.965386893583871
1987-06-26,0.889929670837585
1987-06-27,0.8306620417754541
1987-06-28,0.7837156693975825
1987-06-29,0.7462160742528191
1987-06-30,0.7160094661836042
1987-07-01,0.6914695095506138
1987-07-02,0.6713592411004267
1987-07-03,0.6547314616514688
1987-07-04,0.6408562430789663
1987-07-05,0.6291677297321887
1987-07-06,0.6192247934407348
1987-07-07,0.6106817201663788
1987-07-08,0.6032662189727299
1987-07-09,0.5967628161246731
1987-07-10,0.5910002379253809
1987-07-11,0.5948193210405679
1987-07-12,0.6032348380574274
1987-07-13,0.5964546993762636
1987-07-14,0.5893159916604337
1987-07-15,0.593994211518724
1987-07-16,0.6136024989514014
1987-07-17,0.61311789514538
1987-07-18,0.6015942927636507
1987-07-19,0.5918035178448803
1987-07-20,0.583410937826393
1987-07-21,0.5761431464166452
1987-07-22,0.5697841148846121
1987-07-23,0.5641623677182944
1987-07-24,0.567523387921603
1987-07-25,0.5701517946525728
1987-07-26,0.5634462010002662
1987-07-27,0.557543068501446
1987-07-28,0.552300581528847
1987-07-29,0.5475970983924671
1987-07-30,0.5433350991614629
1987-07-31,0.5394361025011838
1987-08-01,0.5431639689906429
1987-08-02,0.5489385385662968
1987-08-03,0.5450212830694979
1987-08-04,0.5421728292994977
1987-08-05,0.5459552969023066
1987-08-06,0.5466157012694947
1987-08-07,0.5399005947516909
1987-08-08,0.5340132130737415
1987-08-09,0.528803945481565
1987-08-10,0.5241471615960119
1987-08-11,0.5568324567641427
1987-08-12,0.5929389905704898
1987-08-13,0.5757018539795128
1987-08-14,0.5614195602209293
1987-08-15,0.5494993729522736
1987-08-16,0.5394563798314794
1987-08-17,0.5309124976660432
1987-08-18,0.5235713527654328
1987-08-19,0.5171994461236857
1987-08-20,0.511611936219572
1987-08-21,0.506661839405839
1987-08-22,0.5022317772641185
1987-08-23,0.4982276345414436
1987-08-24,0.4945736591946977
1987-08-25,0.5287863054222459
1987-08-26,0.5692656307576789
1987-08-27,0.5519270326232454
1987-08-28,0.5537423929731798
1987-08-29,0.5622225380279825
1987-08-30,0.5466659162399835
1987-08-31,0.5345790442363656
1987-09-01,0.5301561294251091
1987-09-02,0.5192421658666003
1987-09-03,0.5094685760495582
1987-09-04,0.5010694642031363
1987-09-05,0.49395239706891286
1987-09-06,0.49985175932979525
1987-09-07,0.5098634456152819
1987-09-08,0.504183900619326
1987-09-09,0.49523844395626054
1987-09-10,0.48790951275172656
1987-09-11,0.48139319599274705
1987-09-12,0.47559741192863264
1987-09-13,0.4705060302947915
1987-09-14,0.46598840130016494
1987-09-15,0.46193990375485233
1987-09-16,0.4582764340765962
1987-09-17,0.46449025254158305
1987-09-18,0.47128726228557216
1987-09-19,0.465253737384199
1987-09-20,0.49248248142659845
1987-09-21,0.5208997304088425
1987-09-22,0.5073172543874166
1987-09-23,0.53867258179698
1987-09-24,0.6216361101154536
1987-09-25,0.6449208589722625
1987-09-26,0.8339197070068002
1987-09-27,1.192563855781741
1987-09-28,1.32008085112944
1987-09-29,1.2643838681546016
1987-09-30,1.087071096676629
1987-10-01,0.9477022610911437
1987-10-02,0.8406820665758578
1987-10-03,0.7577940193115666
1987-10-04,0.693063123872265
1987-10-05,0.6421060266912765
1987-10-06,0.6016772474976556
1987-10-07,0.5693531434647423
1987-10-08,0.5433093225773269
1987-10-09,0.5221622326115543
1987-10-10,0.5048553219192505
1987-10-11,0.4905764842077744
1987-10-12,0.47869767829555504
1987-10-13,0.46873041203802296
1987-10-14,0.5704242556271649
1987-10-15,0.7580280235108198
1987-10-16,0.7716651505079178
1987-10-17,0.7011586492947625
1987-10-18,0.6457757783864899
1987-10-19,0.6019679779982414
1987-10-20,0.5670486968984113
1987-10-21,0.5390012402222399
1987-10-22,0.6451282071286577
1987-10-23,0.8606363359100037
1987-10-24,0.8774984710591421
1987-10-25,1.135433396625809
1987-10-26,1.4057446038144648
1987-10-27,1.621219310304274
1987-10-28,1.8084089238428886
1987-10-29,1.536476697722648
1987-10-30,1.3824901788438781
1987-10-31,1.5714253709336863
1987-11-01,1.6529659307058564
1987-11-02,1.4156212072906824
1987-11-03,1.1968046906655085
1987-11-04,1.031256187821025
1987-11-05,0.9051006582090354
1987-11-06,0.8090648740817151
1987-11-07,0.9614008390814573
1987-11-08,1.0976224850603062
1987-11-09,0.9784194186475844
1987-11-10,1.0329762849385453
1987-11-11,1.0741139876454866
1987-11-12,1.3413588187098096
1987-11-13,1.5210364974698152
1987-11-14,1.5818692303663777
1987-11-15,1.639406591434594
1987-11-16,1.367466493003899
1987-11-17,1.1631695541568232
1987-11-18,1.0082573928096477
1987-11-19,0.8896894765885
1987-11-20,0.7981343814312819
1987-11-21,0.7268401712521797
1987-11-22,0.6708710174968182
1987-11-23,0.6265843429323316
1987-11-24,0.5912682334576606
1987-11-25,0.5628870823569565
1987-11-26,0.5399012411359457
1987-11-27,0.5211378632565105
1987-11-28,0.5056975441549019
1987-11-29,0.4928862455330671
1987-11-30,0.48216524864588073
1987-12-01,0.4731140779039176
1987-12-02,0.46540283381283726
1987-12-03,0.4587714059057284
1987-12-04,0.46983431672385906
1987-12-05,0.4857282402753331
1987-12-06,0.47471634088781833
1987-12-07,0.46542840471125285
1987-12-08,0.45753445659292663
1987-12-09,0.5454616721403692
1987-12-10,0.6429096285757101
1987-12-11,0.6022389270965958
1987-12-12,0.7050775566586848
1987-12-13,0.8566411736580734
1987-12-14,0.8165608353265957
1987-12-15,0.7354094879445707
1987-12-16,0.6719832970968495
1987-12-17,0.6220341105329704
1987-12-18,0.5823921964896076
1987-12-19,0.5506890849010809
1987-12-20,0.5269174055328708
1987-12-21,0.5103982592449435
1987-12-22,0.49227902692274733
1987-12-23,0.47736874187449413
1987-12-24,0.4650011735753718
1987-12-25,0.4546563368227739
1987-12-26,0.8773897655550763
1987-12-27,1.0961137445554332
1987-12-28,1.030489180653978
1987-12-29,1.2627870184574492
1987-12-30,1.349821583344964
1987-12-31,1.1419908527936717
1988-01-01,0.9844274854628905
1988-01-02,0.8664205113355309
1988-01-03,0.7752873539658994
1988-01-04,0.7020439329194691
1988-01-05,0.6446286627543665
1988-01-06,0.599267896568486
1988-01-07,0.5631551634264415
1988-01-08,0.5341859796084473
1988-01-09,0.5107700724990498
1988-01-10,0.49169707387688066
1988-01-11,0.47603954983332136
1988-01-12,0.46308236922616847
1988-01-13,0.6040135882670709
1988-01-14,0.9458538041813308
1988-01-15,1.2713373739783238
1988-01-16,1.571018723233874
1988-01-17,1.903709766889474
1988-01-18,2.431702668453376
1988-01-19,2.3338608737233315
1988-01-20,1.8807499740829101
1988-01-21,1.5415460271197023
1988-01-22,1.288908404053059
1988-01-23,1.0987584566513684
1988-01-24,0.9542357124267539
1988-01-25,0.8433811735978792
1988-01-26,0.7576115683552733
1988-01-27,0.690699126570396
1988-01-28,0.6380795940727697
1988-01-29,0.5963766734821773
1988-01-30,0.5630712055272339
1988-01-31,0.5362684283414073
1988-02-01,0.5145325108822593
1988-02-02,0.49682046548273195
1988-02-03,0.4822382863831753
1988-02-04,0.4700628106886082
1988-02-05,0.45986470137209273
1988-02-06,0.4512479186841906
1988-02-07,0.4439013483547405
1988-02-08,0.4379875100185409
1988-02-09,0.4329481308690335
1988-02-10,0.42800196175757077
1988-02-11,0.4336994078028298
1988-02-12,0.4456690946571829
1988-02-13,0.5077284517731923
1988-02-14,0.7623256445082606
1988-02-15,0.8758067184249092
1988-02-16,0.8766421066187863
1988-02-17,0.7890097135329306
1988-02-18,0.710389213379193
1988-02-19,0.6489102267709237
1988-02-20,0.6004567678016058
1988-02-21,0.5619754971772818
1988-02-22,0.6318929716820655
1988-02-23,0.700375703214981
1988-02-24,0.7479827097860996
1988-02-25,0.7642192040578942
1988-02-26,0.6902674082118304
1988-02-27,0.6325822522791514
1988-02-28,0.586883938476351
1988-02-29,0.5504341460613956
1988-03-01,0.5212176406822279
1988-03-02,0.4977151990617255
1988-03-03,0.4785318805847496
1988-03-04,0.46276467050896336
1988-03-05,0.4497322606255993
1988-03-06,0.6319363894622404
1988-03-07,0.8672160569116295
1988-03-08,1.083995088684985
1988-03-09,1.1960772469471324
1988-03-10,1.0208788502680415
1988-03-11,0.887265705619445
1988-03-12,0.784564298239793
1988-03-13,0.7049494752061823
1988-03-14,0.6427284530413916
1988-03-15,0.5937187160869583
1988-03-16,0.5548191720417905
1988-03-17,0.5237109708336488
1988-03-18,0.539286786798143
1988-03-19,0.5592553114353844
1988-03-20,0.5369734528563014
1988-03-21,0.5087853681730847
1988-03-22,0.48599910468828594
1988-03-23,0.46743976201807347
1988-03-24,0.45220648194175544
1988-03-25,0.43960418878601404
1988-03-26,0.42909341780216553
1988-03-27,0.4202531531008488
1988-03-28,0.4127531012958709
1988-03-29,0.4063328630379912
1988-03-30,0.4007861849144528
1988-03-31,0.39594897954534836
1988-04-01,0.48991778078212683
1988-04-02,0.588141110180473
1988-04-03,0.5465591138770716
1988-04-04,0.5133205896422889
1988-04-05,0.49023311389792523
1988-04-06,0.49476180063469544
1988-04-07,0.5199761070287058
1988-04-08,0.5150098214804737
1988-04-09,0.48734986753559545
1988-04-10,0.5542970619797255
1988-04-11,0.6307165659523433
1988-04-12,0.5813595088969838
1988-04-13,0.5396554365458942
1988-04-14,0.6517304906140133
1988-04-15,1.181110669392705
1988-04-16,1.4411630068597059
1988-04-17,1.37580848092753
1988-04-18,1.3392982880404443
1988-04-19,1.1740011321275274
1988-04-20,1.0538387090292984
1988-04-21,0.9092341798097516
1988-04-22,0.8157197946326807
1988-04-23,0.7760376438482327
1988-04-24,0.7304581601707238
1988-04-25,0.6587435849993765
1988-04-26,0.602496458688709
1988-04-27,0.5580625704468034
1988-04-28,0.5226970680377966
1988-04-29,0.4943401730252053
1988-04-30,0.4714343557005209
1988-05-01,0.4527934417854344
1988-05-02,0.43750802230377667
1988-05-03,0.4248764989501388
1988-05-04,0.41435440412489144
1988-05-05,0.4556241564225066
1988-05-06,0.5537896961412282
1988-05-07,0.5613862010529773
1988-05-08,0.5234585166110021
1988-05-09,0.4931011318419487
1988-05-10,0.4686491780755216
1988-05-11,0.4502455643426577
1988-05-12,0.43801339891378194
1988-05-13,0.42471922169332627
1988-05-14,0.4126220386405673
1988-05-15,0.40253558173000276
1988-05-16,0.4003208797114524
1988-05-17,0.41253959437964555
1988-05-18,0.40493237609717575
1988-05-19,0.46230793359494476
1988-05-20,0.537471518618364
1988-05-21,0.5046525946521353
1988-05-22,0.4755611867154454
1988-05-23,0.45211179599956214
1988-05-24,0.43307071315157614
1988-05-25,0.41749360070718194
1988-05-26,0.40465298600763316
1988-05-27,0.4001839759276822
1988-05-28,0.418103433415235
1988-05-29,0.4248889912741252
1988-05-30,0.4315202118690748
1988-05-31,0.4466580361148018
1988-06-01,0.459745526030729
1988-06-02,0.45781263554707463
1988-06-03,0.4748452442751916
1988-06-04,0.48267381150241734
1988-06-05,0.4555801338439136
1988-06-06,0.4336731041970194
1988-06-07,0.41585261083167263
1988-06-08,0.42174658445486285
1988-06-09,0.5430994903125149
1988-06-10,0.6760105735992599
1988-06-11,0.6482754578022085
1988-06-12,0.6009051396389248
1988-06-13,0.5764551481322271
1988-06-14,0.5594137332235573
1988-06-15,0.5208928548907285
1988-06-16,0.4850356799434223
1988-06-17,0.45633374971670765
1988-06-18,0.433201454283135
1988-06-19,0.414422806489359
1988-06-20,0.4508009988170563
1988-06-21,0.5622615792124572
1988-06-22,0.5978036336277665
1988-06-23,0.5575652036597132
1988-06-24,0.5158911825717265
1988-06-25,0.48005215039691945
1988-06-26,0.4513788057634735
1988-06-27,0.42827342977329913
1988-06-28,0.4316413911325136
1988-06-29,0.4482180076524227
1988-06-30,0.4306604675592838
1988-07-01,0.6600388671572618
1988-07-02,1.0149655888124014
1988-07-03,0.9619322929035198
1988-07-04,0.8272004746881917
1988-07-05,0.7854498436622387
1988-07-06,0.7656720782602532
1988-07-07,0.7730125492667325
1988-07-08,0.7749688933534021
1988-07-09,0.68316747393905
1988-07-10,0.6117690128003196
1988-07-11,0.5558486525723848
1988-07-12,0.5117198421267278
1988-07-13,0.47663995266065573
1988-07-14,0.4485516937256304
1988-07-15,0.4258999557068945
1988-07-16,0.40750076504006083
1988-07-17,0.39244663950270664
1988-07-18,0.3808651603193353
1988-07-19,0.370774898871384
1988-07-20,0.3619607651398367
1988-07-21,0.36869790810714953
1988-07-22,0.5958481798437991
1988-07-23,0.8161474560155079
1988-07-24,0.7135595614301745
1988-07-25,0.6336635523493884
1988-07-26,0.5713186817860471
1988-07-27,0.5591996665499454
1988-07-28,0.6868185756943396
1988-07-29,0.7555158892986559
1988-07-30,0.707860691115929
1988-07-31,0.6746578146936341
1988-08-01,0.6035101265273088
1988-08-02,0.5477629023657511
1988-08-03,0.5037818830501251
1988-08-04,0.4688284973740662
1988-08-05,0.44084908047940957
1988-08-06,0.4182916411149928
1988-08-07,0.3999748272475723
1988-08-08,0.39702766351464164
1988-08-09,0.4641408901032098
1988-08-10,0.5164534998634598
1988-08-11,0.48078309226375415
1988-08-12,0.4494890232678402
1988-08-13,0.42435477978920527
1988-08-14,0.40402541515226503
1988-08-15,0.38746416514580145
1988-08-16,0.3771138731542256
1988-08-17,0.42044405081745984
1988-08-18,0.4538722078318261
1988-08-19,0.427102729424128
1988-08-20,0.40538164374118213
1988-08-21,0.42429603685427725
1988-08-22,0.44472554033409056
1988-08-23,0.4194436642585329
1988-08-24,0.40717082093205553
1988-08-25,0.40302397610527074
1988-08-26,0.4549949383437016
1988-08-27,0.5015011438322269
1988-08-28,0.4817309522672332
1988-08-29,0.4691855218013925
1988-08-30,0.5679966681305592
1988-08-31,0.6757955747707046
1988-09-01,0.604956936727546
1988-09-02,0.5624612017517175
1988-09-03,0.5831758616384467
1988-09-04,0.6291257675630627
1988-09-05,0.610777205853293
1988-09-06,0.5499202940359385
1988-09-07,0.5020148678280872
1988-09-08,0.4739504951455933
1988-09-09,0.4520733244102055
1988-09-10,0.44272163970245804
1988-09-11,0.43763223305898097
1988-09-12,0.41233182136571983
1988-09-13,0.3961437407873007
1988-09-14,0.39729057991665745
1988-09-15,0.40341033561481604
1988-09-16,0.3935658614820359
1988-09-17,0.37620881952121915
1988-09-18,0.5693051269411384
1988-09-19,0.9671605482468104
1988-09-20,1.0896549297562261
1988-09-21,0.9716489714360125
1988-09-22,0.8282406772897218
1988-09-23,0.7183544950882083
1988-09-24,0.8449538990854241
1988-09-25,1.0253124199429473
1988-09-26,1.1020635938416854
1988-09-27,1.1864581096005096
1988-09-28,1.534159517858168
1988-09-29,1.977029073072597
1988-09-30,1.8232521635680594
1988-10-01,1.4723685883517323
1988-10-02,1.2800953649089757
1988-10-03,1.3381760760806134
1988-10-04,1.383039718910731
1988-10-05,1.2164012193142388
1988-10-06,1.0206494157694896
1988-10-07,0.872100783973567
1988-10-08,0.8391744434591534
1988-10-09,1.1159553682630599
1988-10-10,1.7430741402232943
1988-10-11,2.6242473962214774
1988-10-12,2.815187932809414
1988-10-13,2.312890184684558
1988-10-14,1.8918487532322723
1988-10-15,1.532059836029221
1988-10-16,1.264736907940885
1988-10-17,1.0640295101574464
1988-10-18,0.9118479974096968
1988-10-19,0.7953962765109996
1988-10-20,0.705512892555164
1988-10-21,0.6355655187867106
1988-10-22,0.6549086153879293
1988-10-23,0.6787448621993318
1988-10-24,0.6362527665650491
1988-10-25,0.6132890701550585
1988-10-26,0.5629864075840764
1988-10-27,0.5231056394047621
1988-10-28,0.49127308169669964
1988-10-29,0.60863759269416
1988-10-30,0.7613164799491866
1988-10-31,0.7116048282062052
1988-11-01,0.7923271246148206
1988-11-02,1.0136751609564907
1988-11-03,1.3821486041324418
1988-11-04,1.5209209012930343
1988-11-05,1.4040741838802948
1988-11-06,1.4684485465940196
1988-11-07,1.3472318346773282
1988-11-08,1.1995827889766721
1988-11-09,1.324105518656606
1988-11-10,1.3259375641291293
1988-11-11,1.1138417153627769
1988-11-12,0.9532170952205647
1988-11-13,0.9889108292933037
1988-11-14,1.0331806113139723
1988-11-15,0.8922091485957693
1988-11-16,0.7839821182149413
1988-11-17,0.7002495639128122
1988-11-18,0.6349369154185986
1988-11-19,1.013329087031712
1988-11-20,1.3568916517876222
1988-11-21,1.2478103331428159
1988-11-22,1.1768161279474039
1988-11-23,1.0029055794664776
1988-11-24,0.8703354773489761
1988-11-25,0.7684193436938251
1988-11-26,0.6894034906862879
1988-11-27,0.672199741587757
1988-11-28,0.6720103520488762
1988-11-29,0.6139035884584237
1988-11-30,0.5680156332473265
1988-12-01,0.5315270970415898
1988-12-02,0.5022954640912074
1988-12-03,0.478702631804136
1988-12-04,0.45951768764324824
1988-12-05,0.44379790680383957
1988-12-06,0.43081668963010883
1988-12-07,0.4200106708130697
1988-12-08,0.4109405959031562
1988-12-09,0.40326216837478873
1988-12-10,0.39670417546415715
1988-12-11,0.3910519679041373
1988-12-12,0.386134905858219
1988-12-13,0.3818167629055224
1988-12-14,0.3779883503189773
1988-12-15,0.3745618180100021
1988-12-16,0.3714662289273294
1988-12-17,0.368644105974699
1988-12-18,0.3660487255099037
1988-12-19,0.3636419868332957
1988-12-20,0.608395891705643
1988-12-21,1.500132180230029
1988-12-22,1.476694974190542
1988-12-23,1.4216512384251818
1988-12-24,1.3913913722351763
1988-12-25,1.9018749248676647
1988-12-26,3.7075212223150036
1988-12-27,4.631670032739953
1988-12-28,4.063245511787479
1988-12-29,3.291890658756411
1988-12-30,2.7955319879601874
1988-12-31,3.3425030639016904
1989-01-01,4.4638684360180605
1989-01-02,5.536877357002909
1989-01-03,5.420350462500349
1989-01-04,5.073068715347491
1989-01-05,5.770561058355458
1989-01-06,5.488665346606357
1989-01-07,4.250221807346322
1989-01-08,3.272879209264801
1989-01-09,2.574305796254821
1989-01-10,2.4673562728426095
1989-01-11,3.168744906398523
1989-01-12,3.2503160997193574
1989-01-13,2.5629181677248796
1989-01-14,2.0641482879238375
1989-01-15,1.6978204748986958
1989-01-16,1.4256058552428013
1989-01-17,1.2211336732077336
1989-01-18,1.0659970980851754
1989-01-19,0.9471780919971006
1989-01-20,0.855358242475084
1989-01-21,0.7837931059725868
1989-01-22,0.7275511159535165
1989-01-23,0.6829920620024543
1989-01-24,0.6474052872246959
1989-01-25,0.6187557973500015
1989-01-26,0.5955041874535074
1989-01-27,1.075225040047603
1989-01-28,1.6078636912526971
1989-01-29,2.135049795881951
1989-01-30,2.4130590522767377
1989-01-31,4.122577653449176
1989-02-01,5.764541186164554
1989-02-02,5.05222343061565
1989-02-03,5.314026861899968
1989-02-04,5.152259319733655
1989-02-05,3.9335961416337053
1989-02-06,3.0703466151869296
1989-02-07,2.5199423111696717
1989-02-08,2.322518478060567
1989-02-09,2.075292281362461
1989-02-10,1.7228694659459272
1989-02-11,1.461071058254034
1989-02-12,1.3125364595056697
1989-02-13,1.1986147499906916
1989-02-14,1.0637215738870176
1989-02-15,0.9598039067159677
1989-02-16,0.8790677003595072
1989-02-17,0.8158034289659013
1989-02-18,0.7658142119549955
1989-02-19,0.7259870246647814
1989-02-20,0.6939932917947961
1989-02-21,0.6680775167238963
1989-02-22,0.6469065277877135
1989-02-23,0.6294609264493646
1989-02-24,0.6149562219854904
1989-02-25,0.6027850520629623
1989-02-26,0.9722459169834551
1989-02-27,2.1868296191432313
1989-02-28,3.094447716938283
1989-03-01,2.8563404881907175
1989-03-02,2.331798050501373
1989-03-03,1.9612381527373535
1989-03-04,1.6381504508785074
1989-03-05,1.3968338301050913
1989-03-06,1.2147161211050543
1989-03-07,1.075915259561997
1989-03-08,1.0629946260052257
1989-03-09,1.230212201290352
1989-03-10,2.2456261769600148
1989-03-11,3.291308269379856
1989-03-12,3.339584750504112
1989-03-13,3.773433664375567
1989-03-14,3.9692026882913325
1989-03-15,4.301237705072367
1989-03-16,4.289628366354587
1989-03-17,4.287346576010906
1989-03-18,4.530269713233973
1989-03-19,3.7282124676532145
1989-03-20,3.788756622357132
1989-03-21,4.253816018292398
1989-03-22,3.7394912595675347
1989-03-23,2.9601500713681297
1989-03-24,2.3934365718210437
1989-03-25,1.979018956695265
1989-03-26,2.1083241786448492
1989-03-27,2.488368427711108
1989-03-28,2.3481107149287417
1989-03-29,1.9677514805608116
1989-03-30,1.6658538814121646
1989-03-31,1.5049272492090646
1989-04-01,1.3807425380671365
1989-04-02,1.2236768467127137
1989-04-03,1.1032085263954456
1989-04-04,1.010000371671181
1989-04-05,0.9372370290853724
1989-04-06,0.8799368353247554
1989-04-07,0.8344237978843468
1989-04-08,0.7979614408594894
1989-04-09,0.7684959624472852
1989-04-10,0.7444741356295342
1989-04-11,0.7247129093073607
1989-04-12,0.7087563482578028
1989-04-13,0.6951043161039435
1989-04-14,0.6833611641683964
1989-04-15,0.6743983288987487
1989-04-16,0.6661257842642961
1989-04-17,0.6583098380851024
1989-04-18,0.6514356341666994
1989-04-19,0.6515718421631075
1989-04-20,0.6949271443705559
1989-04-21,0.7141323503282654
1989-04-22,0.6954678864210847
1989-04-23,0.6799787498813571
1989-04-24,0.6669441534898611
1989-04-25,0.6558689054428039
1989-04-26,0.6463891974391894
1989-04-27,0.6381912849585845
1989-04-28,0.6310591733677561
1989-04-29,0.626567589530156
1989-04-30,0.6213111854247145
1989-05-01,0.6756369749111902
1989-05-02,0.787680869446231
1989-05-03,0.7923926899370065
1989-05-04,0.8236923140533124
1989-05-05,0.8869807262436136
1989-05-06,0.832658625192117
1989-05-07,0.784120529715913
1989-05-08,0.7456993455037363
1989-05-09,0.7146665186473623
1989-05-10,0.6893532876370885
1989-05-11,0.6686215063752842
1989-05-12,0.6515085652443866
1989-05-13,0.6372529060147574
1989-05-14,0.6252648678672784
1989-05-15,0.6150852861262076
1989-05-16,0.6063546943856136
1989-05-17,0.5987902531456154
1989-05-18,0.5921683517755054
1989-05-19,0.6001216704185589
1989-05-20,0.6115242066080749
1989-05-21,0.6015948245910409
1989-05-22,0.595618820794689
1989-05-23,0.6114414727418129
1989-05-24,0.9180248767419593
1989-05-25,1.2055755100055003
1989-05-26,1.065837660213351
1989-05-27,0.9965320788289294
1989-05-28,1.0660679959249975
1989-05-29,1.157148284268378
1989-05-30,1.098225070298773
1989-05-31,0.9854091252677456
1989-06-01,0.8957343028615222
1989-06-02,0.8257757974951244
1989-06-03,0.7707358466597718
1989-06-04,0.7270724589372172
1989-06-05,0.7770581041238737
1989-06-06,1.726349623947823
1989-06-07,2.5351915208132305
1989-06-08,2.05839576015426
1989-06-09,1.7075238182763857
1989-06-10,1.4985932644209567
1989-06-11,1.349584328584777
1989-06-12,1.926431874944284
1989-06-13,2.3955960375295766
1989-06-14,1.9585071081188394
1989-06-15,1.6354017016092277
1989-06-16,1.394152091851658
1989-06-17,1.2121143973750292
1989-06-18,1.0733952272777434
1989-06-19,0.9666969764372934
1989-06-20,0.8838949741856624
1989-06-21,0.8190834849542755
1989-06-22,0.8504366792516219
1989-06-23,0.9310865539682043
1989-06-24,0.9012127621875735
1989-06-25,0.8317913217344882
1989-06-26,0.7772384658539089
1989-06-27,0.8413670197515479
1989-06-28,1.106607793050699
1989-06-29,1.2282187643167164
1989-06-30,1.0934712339789028
1989-07-01,0.9800168582777481
1989-07-02,0.9321213929245128
1989-07-03,1.072790541059335
1989-07-04,1.2661977180868944
1989-07-05,1.221824564669647
1989-07-06,1.0782755971862177
1989-07-07,0.9679581045108496
1989-07-08,0.8974908242560918
1989-07-09,0.8704062761020124
1989-07-10,0.8237572981278233
1989-07-11,0.8018917472581412
1989-07-12,0.777554937227308
1989-07-13,0.7322705887524888
1989-07-14,0.6960629020059798
1989-07-15,0.666899792678695
1989-07-16,0.6450046899037181
1989-07-17,0.6369823005327303
1989-07-18,0.7199787623874209
1989-07-19,0.814254233886178
1989-07-20,0.7867856752076161
1989-07-21,0.7397006687136426
1989-07-22,0.6996746250617497
1989-07-23,0.6675703078031588
1989-07-24,0.6416069104547384
1989-07-25,0.6240229651517972
1989-07-26,0.6074817033044894
1989-07-27,0.5921981491868893
1989-07-28,0.5794374378241992
1989-07-29,0.568684109807021
1989-07-30,0.5595355437484891
1989-07-31,0.551675677318313
1989-08-01,0.5448551799161638
1989-08-02,0.5388764506229886
1989-08-03,0.5344390574349728
1989-08-04,0.5325573405208319
1989-08-05,0.5499896970831265
1989-08-06,0.6256957763923715
1989-08-07,0.6709361850754317
1989-08-08,0.6394668357891146
1989-08-09,0.6135353571562233
1989-08-10,0.6006886519321651
1989-08-11,0.7547049243313019
1989-08-12,1.2639552375403806
1989-08-13,1.583946111284024
1989-08-14,1.4045373402997674
1989-08-15,1.2050976570005136
1989-08-16,1.2816585394351858
1989-08-17,1.6189406373131623
1989-08-18,1.6585156253408913
1989-08-19,1.448941322443237
1989-08-20,1.2642303232940617
1989-08-21,1.104453113000423
1989-08-22,0.9787469652628523
1989-08-23,1.0078447694726436
1989-08-24,1.2318659373691465
1989-08-25,1.304099292262259
1989-08-26,1.1480531326516836
1989-08-27,1.0145634321128294
1989-08-28,0.9089879065033601
1989-08-29,0.8270995351720587
1989-08-30,0.7630443517312641
1989-08-31,0.7125250316591254
1989-09-01,0.6723578656291646
1989-09-02,0.6401639832507514
1989-09-03,0.6141517307790627
1989-09-04,0.5929616925027192
1989-09-05,0.5755552493828592
1989-09-06,0.5611337152848185
1989-09-07,0.5490791608227252
1989-09-08,0.5389107618356723
1989-09-09,0.5302523574796191
1989-09-10,0.5228081685011364
1989-09-11,0.5163445016536915
1989-09-12,0.5106758774231914
1989-09-13,0.5056544487713862
1989-09-14,0.5011618844351552
1989-09-15,0.4971031092912957
1989-09-16,0.6574573530580604
1989-09-17,0.9247982272793308
1989-09-18,0.942386185639145
1989-09-19,1.070810971704031
1989-09-20,1.1508537790837308
1989-09-21,1.0137574719979985
1989-09-22,0.9655497599933957
1989-09-23,1.0707842830434111
1989-09-24,1.095407663339263
1989-09-25,0.9646496894269662
1989-09-26,1.0890796700063519
1989-09-27,1.529910715057093
1989-09-28,2.066126748746239
1989-09-29,2.2040933290442193
1989-09-30,1.901316503520239
1989-10-01,1.607246185468785
1989-10-02,1.356295394546497
1989-10-03,2.039552344089793
1989-10-04,3.1614287531840883
1989-10-05,3.3132363494068318
1989-10-06,2.866391508633969
1989-10-07,2.288763531052604
1989-10-08,1.8669263869434847
1989-10-09,1.5710562734853049
1989-10-10,1.7958812478571844
1989-10-11,1.9294617439606254
1989-10-12,1.6034017054662997
1989-10-13,1.4179262386430835
1989-10-14,1.4020289691738956
1989-10-15,1.303580744169356
1989-10-16,1.133864263327809
1989-10-17,1.0042116864977892
1989-10-18,0.905913762117979
1989-10-19,1.4951255396402228
1989-10-20,1.9814933764926843
1989-10-21,1.6438834933813034
1989-10-22,1.3917607689752598
1989-10-23,1.2018688359883056
1989-10-24,1.0574221445203984
1989-10-25,0.9468215298425461
1989-10-26,0.9715186358856621
1989-10-27,1.878478752024229
1989-10-28,2.5692379377298273
1989-10-29,2.340676267271808
1989-10-30,3.935718575937605
1989-10-31,5.443866201802276
1989-11-01,5.661961926623023
1989-11-02,5.650628666268914
1989-11-03,4.626982186273373
1989-11-04,4.3110463824688114
1989-11-05,4.071567365535028
1989-11-06,3.1802205897432088
1989-11-07,2.540289738810389
1989-11-08,2.0747281382998928
1989-11-09,2.1523785501916097
1989-11-10,2.301865325714268
1989-11-11,2.0205890066925263
1989-11-12,1.7423529973309
1989-11-13,1.485600729265344
1989-11-14,1.3447951519180366
1989-11-15,1.3247355360176916
1989-11-16,1.6948249935874609
1989-11-17,2.1319751944218006
1989-11-18,1.9810291830279219
1989-11-19,1.7777612354034078
1989-11-20,1.8451062845352706
1989-11-21,2.1359661615239838
1989-11-22,3.780442881676015
1989-11-23,6.448099612235552
1989-11-24,6.952573672262198
1989-11-25,5.453582864841626
1989-11-26,4.177172762111432
1989-11-27,3.2751222820491335
1989-11-28,2.8664132827781685
1989-11-29,4.243391310176252
1989-11-30,5.444822567475669
1989-12-01,9.716811522411726
1989-12-02,13.465439745063414
1989-12-03,9.601857363410371
1989-12-04,6.7172469632884875
1989-12-05,5.455796195057819
1989-12-06,4.206398606550171
1989-12-07,3.378153068827451
1989-12-08,2.801296126651027
1989-12-09,2.473200898143702
1989-12-10,2.3539760437529984
1989-12-11,3.237073722221075
1989-12-12,3.993234040597572
1989-12-13,3.3723472451614938
1989-12-14,2.7280028094205346
1989-12-15,2.51750100168011
1989-12-16,2.653301114376442
1989-12-17,2.615377953552524
1989-12-18,2.8878730599859086
1989-12-19,3.1050322033215134
1989-12-20,2.9951622139788925
1989-12-21,2.7687956060259733
1989-12-22,2.3299893967439114
1989-12-23,1.9703098505463792
1989-12-24,2.0816884369276702
1989-12-25,1.954074408297901
1989-12-26,1.7642223131567227
1989-12-27,1.755965626332034
1989-12-28,1.6561807536152544
1989-12-29,2.6861633881415936
1989-12-30,3.453373365208137
1989-12-31,2.7943849339669686
1990-01-01,2.3147884698911585
1990-01-02,1.9616284283777132
1990-01-03,1.698482190644236
1990-01-04,1.5693264550660506
1990-01-05,1.4761554520537006
1990-01-06,1.3948285560037703
1990-01-07,1.5252598626492382
1990-01-08,2.1452147557402657
1990-01-09,3.640295103338083
1990-01-10,4.90915828465941
1990-01-11,5.154481480840463
1990-01-12,4.359483756098126
1990-01-13,3.4745024629342964
1990-01-14,2.8254805995751906
1990-01-15,2.5063759312548166
1990-01-16,2.4547855367525813
1990-01-17,2.235415998694393
1990-01-18,1.9103487831969934
1990-01-19,1.84953025975823
1990-01-20,1.8213280526162074
1990-01-21,1.6002878795929856
1990-01-22,1.8323035787340285
1990-01-23,2.5563046136079723
1990-01-24,2.6543767228614916
1990-01-25,2.2208796264577266
1990-01-26,2.1586635130326273
1990-01-27,2.124780246065703
1990-01-28,2.278941000263483
1990-01-29,3.129630082906337
1990-01-30,3.268756446578689
1990-01-31,6.905167474342709
1990-02-01,11.721049692673228
1990-02-02,9.40192105196069
1990-02-03,6.677973152728005
1990-02-04,5.226380629493471
1990-02-05,4.226925983414348
1990-02-06,4.003340480962787
1990-02-07,4.440818980322792
1990-02-08,4.666972712107899
1990-02-09,5.10330847664711
1990-02-10,4.829617481144594
1990-02-11,4.10910179100894
1990-02-12,3.5981506137275994
1990-02-13,2.9365572402102953
1990-02-14,2.7425524733788915
1990-02-15,2.719957668701392
1990-02-16,2.4846142704600283
1990-02-17,2.2886237339793527
1990-02-18,2.4213789567764787
1990-02-19,4.745505118100303
1990-02-20,7.086368904259003
1990-02-21,7.578296625113359
1990-02-22,6.713699635386007
1990-02-23,5.131143039160152
1990-02-24,4.0463997808197325
1990-02-25,4.766438476438336
1990-02-26,5.821579498247889
1990-02-27,4.919883712999439
1990-02-28,4.040564195821134
1990-03-01,3.275300086545972
1990-03-02,3.7418773609787936
1990-03-03,4.434388023618364
1990-03-04,4.363785994937116
1990-03-05,3.6893059031583033
1990-03-06,3.026672457417691
1990-03-07,2.5442411314532607
1990-03-08,2.1887269711597814
1990-03-09,1.9235838647703638
1990-03-10,1.723608640474689
1990-03-11,1.5711726815344613
1990-03-12,1.8793087417367869
1990-03-13,2.17141135580613
1990-03-14,1.9232667011939786
1990-03-15,1.770279661875403
1990-03-16,2.0840723064473914
1990-03-17,2.646849745143038
1990-03-18,2.866631192277023
1990-03-19,3.613998936103041
1990-03-20,4.085947122744201
1990-03-21,5.382477021973357
1990-03-22,7.341752777581919
1990-03-23,6.793515447540724
1990-03-24,5.266272724730091
1990-03-25,4.162120004251783
1990-03-26,4.547882262515368
1990-03-27,4.8790801152007015
1990-03-28,4.423340618775851
1990-03-29,4.938407384338642
1990-03-30,4.944655528388176
1990-03-31,4.410871963260674
1990-04-01,3.9054861892540487
1990-04-02,3.3366420836555784
1990-04-03,2.888567120374846
1990-04-04,2.4653827973414297
1990-04-05,2.146138001623602
1990-04-06,1.9070137199349944
1990-04-07,1.7259061388878842
1990-04-08,1.5872832222538122
1990-04-09,1.4800928155080355
1990-04-10,1.3963792919103903
1990-04-11,1.3303548290992326
1990-04-12,1.2777671797329413
1990-04-13,1.2354637234612114
1990-04-14,1.2010872699065773
1990-04-15,1.1728614397985921
1990-04-16,1.1495133603263965
1990-04-17,1.1541499937392818
1990-04-18,1.1456998798834364
1990-04-19,1.1253435322420604
1990-04-20,1.1233083669594899
1990-04-21,1.2531466078520619
1990-04-22,1.4417028063681387
1990-04-23,1.4470480432688662
1990-04-24,1.3599621543662215
1990-04-25,1.33884951156076
1990-04-26,1.3249941665423732
1990-04-27,1.2627923017421323
1990-04-28,1.213130641221188
1990-04-29,1.1754803593353802
1990-04-30,1.1536088165751626
1990-05-01,2.5830003945577444
1990-05-02,4.084429295798361
1990-05-03,3.9653443874848975
1990-05-04,3.8488613495396238
1990-05-05,3.2276891479308545
1990-05-06,2.704624032495697
1990-05-07,2.306090416192917
1990-05-08,2.0543199548027573
1990-05-09,1.8709158556733436
1990-05-10,2.0662539575996353
1990-05-11,2.2172151791847257
1990-05-12,1.9431635119258335
1990-05-13,1.767801639380367
1990-05-14,1.6259633161900326
1990-05-15,1.4942860495369328
1990-05-16,1.39230955612904
1990-05-17,1.316554176961292
1990-05-18,1.2905163025123982
1990-05-19,1.2489565882996363
1990-05-20,1.2548392812617188
1990-05-21,1.2989148610033219
1990-05-22,1.2529858262528313
1990-05-23,1.1997337902099257
1990-05-24,1.1569833934282412
1990-05-25,1.122347318826287
1990-05-26,1.094001316534337
1990-05-27,1.0705619341448143
1990-05-28,1.1635572746022624
1990-05-29,1.2591739856122637
1990-05-30,1.199879325672418
1990-05-31,2.2310584130127276
1990-06-01,3.2431444423062903
1990-06-02,2.6870121605990387
1990-06-03,2.2791716982951846
1990-06-04,2.012288715397094
1990-06-05,2.075842253933146
1990-06-06,2.6870139744320753
1990-06-07,2.92535298548995
1990-06-08,2.4610501385954717
1990-06-09,2.1125971349115176
1990-06-10,1.8526834554349174
1990-06-11,1.65663443203593
1990-06-12,1.5071872002590327
1990-06-13,1.3921068885999235
1990-06-14,1.3026186108587658
1990-06-15,1.2323598943715495
1990-06-16,1.1766707273193557
1990-06-17,1.1321060291352418
1990-06-18,1.096096752205398
1990-06-19,1.0667116212650072
1990-06-20,1.0424878528096013
1990-06-21,1.0223096970526735
1990-06-22,1.0053204887811547
1990-06-23,0.9908584124200095
1990-06-24,0.9784092069220914
1990-06-25,0.9675710778565022
1990-06-26,0.9580284791432138
1990-06-27,0.9495323897275791
1990-06-28,0.941885381348372
1990-06-29,0.9349302451743232
1990-06-30,0.9285412794567631
1990-07-01,0.9226175793195047
1990-07-02,0.9170778419033686
1990-07-03,0.9118563249158709
1990-07-04,0.9068996878107178
1990-07-05,0.9021645118492821
1990-07-06,0.8976153448803789
1990-07-07,0.8932231535736709
1990-07-08,0.8889640934576929
1990-07-09,0.8951275324779754
1990-07-10,0.9310369114565198
1990-07-11,0.948962598905875
1990-07-12,0.9325343185924839
1990-07-13,0.927645698144152
1990-07-14,0.9422645207733593
1990-07-15,0.9482151544365139
1990-07-16,1.0497833101473688
1990-07-17,1.2464600498578293
1990-07-18,1.2721196127116405
1990-07-19,1.3097655297192132
1990-07-20,1.3798344439158763
1990-07-21,1.2946587680952617
1990-07-22,1.200394282977067
1990-07-23,1.1266937720805523
1990-07-24,1.0685563942797829
1990-07-25,1.0232619076831164
1990-07-26,0.9862562205668319
1990-07-27,0.9558387684196519
1990-07-28,0.9309302992070614
1990-07-29,0.9103294757441475
1990-07-30,0.8931163582111464
1990-07-31,0.8785819972529287
1990-08-01,0.8661767711954608
1990-08-02,0.8554721795125042
1990-08-03,0.8577340102101833
1990-08-04,0.8803076874584642
1990-08-05,0.8818112186832487
1990-08-06,0.8902280397045046
1990-08-07,0.9123633343633091
1990-08-08,0.9006292805311755
1990-08-09,0.8804536548007027
1990-08-10,0.8676704735057865
1990-08-11,0.8557911266877
1990-08-12,0.8419274309389607
1990-08-13,0.8300419211660167
1990-08-14,0.8197491808130571
1990-08-15,0.8415616889748128
1990-08-16,0.8599597584683981
1990-08-17,0.842612370637529
1990-08-18,0.8279969403399107
1990-08-19,0.8155787326169609
1990-08-20,0.8049124191423621
1990-08-21,0.7956496602006609
1990-08-22,0.7875165777173194
1990-08-23,0.780296791406418
1990-08-24,0.7738185623164601
1990-08-25,0.7679449902227224
1990-08-26,0.7625664966014162
1990-08-27,0.7575950289382138
1990-08-28,0.7529595691448034
1990-08-29,0.748602635578258
1990-08-30,0.744477546162868
1990-08-31,0.740546267505687
1990-09-01,0.7367777173877506
1990-09-02,0.7331464196599803
1990-09-03,0.729631434278185
1990-09-04,0.7262155030652272
1990-09-05,0.7248267500476019
1990-09-06,0.8165098315319731
1990-09-07,1.1344786621946554
1990-09-08,1.3175158509991458
1990-09-09,1.2181798767108971
1990-09-10,1.110835642720789
1990-09-11,1.0375340813289438
1990-09-12,1.0739845836605018
1990-09-13,1.113685392353814
1990-09-14,1.0598261870969947
1990-09-15,0.9939631121689242
1990-09-16,0.9348230054727543
1990-09-17,0.8878839909853914
1990-09-18,0.8656022272402693
1990-09-19,0.8456232886546831
1990-09-20,0.8158306998676229
1990-09-21,0.7915179392592776
1990-09-22,0.7715051066269049
1990-09-23,0.7833365584744851
1990-09-24,0.9910695797765215
1990-09-25,1.1482986466276943
1990-09-26,1.0509381080616447
1990-09-27,0.9749640048141002
1990-09-28,0.9152370680371374
1990-09-29,0.8678715784760351
1990-09-30,0.9392407552939767
1990-10-01,1.4349750961805432
1990-10-02,1.9228967119774982
1990-10-03,1.8078920449619789
1990-10-04,1.8407715671345801
1990-10-05,1.9010841231789606
1990-10-06,1.6336831047875247
1990-10-07,1.420760122865895
1990-10-08,1.4677658787200603
1990-10-09,1.5084876628714892
1990-10-10,1.3260568016162186
1990-10-11,1.1937453547538768
1990-10-12,1.0905729863347002
1990-10-13,1.0049016793736258
1990-10-14,0.9378118225348108
1990-10-15,0.884823396242436
1990-10-16,0.8426090091282127
1990-10-17,0.8296301306670254
1990-10-18,0.9803261659125919
1990-10-19,1.2044964264799352
1990-10-20,1.3866196422219588
1990-10-21,1.6395497822391103
1990-10-22,1.6550747274674424
1990-10-23,2.814584012854288
1990-10-24,3.821661235814831
1990-10-25,3.024476022775875
1990-10-26,2.449069237135464
1990-10-27,2.0287124679058426
1990-10-28,1.7178190893266017
1990-10-29,1.485255120603437
1990-10-30,1.3094333457878158
1990-10-31,1.175178653561364
1990-11-01,1.2181602345178109
1990-11-02,1.2647822981615646
1990-11-03,1.1404774717843447
1990-11-04,1.0443271270311956
1990-11-05,0.9707539760611513
1990-11-06,0.942877921636232
1990-11-07,1.0358474651072276
1990-11-08,1.077020542321215
1990-11-09,0.9936289855820002
1990-11-10,0.9282268792692542
1990-11-11,0.8765295674465396
1990-11-12,0.8353103557630694
1990-11-13,0.8021593266736134
1990-11-14,0.7752621728762022
1990-11-15,0.7532427928018616
1990-11-16,0.7350501686351456
1990-11-17,0.7198763250686131
1990-11-18,0.7070963194772745
1990-11-19,0.9002617091207871
1990-11-20,1.093996159123815
1990-11-21,1.0019382629959157
1990-11-22,1.1512162063078397
1990-11-23,1.2963484163446273
1990-11-24,1.4673685679504473
1990-11-25,1.7903078478990213
1990-11-26,1.8889938354452946
1990-11-27,1.9012228855729154
1990-11-28,2.057892998229395
1990-11-29,2.2348164763977243
1990-11-30,2.4741913421151005
1990-12-01,2.534349099626022
1990-12-02,2.3017337158752715
1990-12-03,2.417854752751865
1990-12-04,2.3893544326106384
1990-12-05,2.270162575813901
1990-12-06,2.428123541883989
1990-12-07,2.801826571199067
1990-12-08,2.5443080733851264
1990-12-09,2.121615118385734
1990-12-10,1.7863192760535425
1990-12-11,1.8068193621344915
1990-12-12,2.4147888087809686
1990-12-13,2.83705553502636
1990-12-14,3.836050895594218
1990-12-15,4.410076062550654
1990-12-16,3.736943818280416
1990-12-17,6.150741745540922
1990-12-18,8.046838426675915
1990-12-19,8.401469453769689
1990-12-20,9.36922770508904
1990-12-21,7.122674895145298
1990-12-22,5.25982842138663
1990-12-23,4.074777253464263
1990-12-24,3.234190584696545
1990-12-25,2.6289817378363587
1990-12-26,2.1872972669874637
1990-12-27,1.8609262137457077
1990-12-28,1.616977428918266
1990-12-29,1.4326699625695352
1990-12-30,1.2920067828636832
1990-12-31,1.4040526475950734
1991-01-01,1.74121306920755
1991-01-02,1.8159307746169773
1991-01-03,1.5869712227191461
1991-01-04,1.8423587080528552
1991-01-05,5.07642180387064
1991-01-06,7.136352205356741
1991-01-07,5.2963579293307035
1991-01-08,4.109901056412219
1991-01-09,3.3493501773236294
1991-01-10,2.863658684165726
1991-01-11,2.415085709161229
1991-01-12,2.0394041808915984
1991-01-13,1.7592795829307424
1991-01-14,1.5486967199615742
1991-01-15,1.388727386853109
1991-01-16,1.2659940067333688
1991-01-17,1.1709271171266236
1991-01-18,1.0966049388879358
1991-01-19,1.0379692869630104
1991-01-20,0.9912886355414229
1991-01-21,0.9537858543840988
1991-01-22,0.9233771349425401
1991-01-23,0.8984869308234718
1991-01-24,0.8779154682592051
1991-01-25,0.8629517555180944
1991-01-26,0.8525378604852548
1991-01-27,1.263582596527726
1991-01-28,2.9564101254841284
1991-01-29,5.253873696139856
1991-01-30,5.958963858193408
1991-01-31,4.826948865737092
1991-02-01,4.173185424286779
1991-02-02,3.7073335326528927
1991-02-03,3.445108753764129
1991-02-04,3.2532445268137544
1991-02-05,3.081622310145559
1991-02-06,2.9551390218274336
1991-02-07,2.4401555760436726
1991-02-08,2.1749318633203463
1991-02-09,1.9866186439052251
1991-02-10,3.028020962774703
1991-02-11,3.9535171174815225
1991-02-12,3.252929533782222
1991-02-13,2.6604505798307523
1991-02-14,2.876613141591868
1991-02-15,3.040634474604547
1991-02-16,2.5079152432985206
1991-02-17,2.116895316884398
1991-02-18,1.8265980210366444
1991-02-19,1.6086322748272075
1991-02-20,1.4432323303068741
1991-02-21,1.4335049081255316
1991-02-22,1.826466206010559
1991-02-23,2.2634147549744825
1991-02-24,2.183033700009482
1991-02-25,1.9540214085239727
1991-02-26,1.847589146627687
1991-02-27,2.965085270742493
1991-02-28,5.89763489018955
1991-03-01,7.110095526402959
1991-03-02,5.7643259012470045
1991-03-03,4.461820600221681
1991-03-04,3.541719892524091
1991-03-05,3.389253049005261
1991-03-06,3.4385255374133874
1991-03-07,2.8304761497909037
1991-03-08,2.365742021109058
1991-03-09,2.054324041638241
1991-03-10,2.0678794997285825
1991-03-11,2.317089376713449
1991-03-12,2.251065372271093
1991-03-13,2.6320590184611663
1991-03-14,4.247259777584741
1991-03-15,4.608593946878202
1991-03-16,3.653230197508004
1991-03-17,2.9942028673229424
1991-03-18,2.77110557188004
1991-03-19,2.7161586440819048
1991-03-20,2.849697216450746
1991-03-21,2.7565067121335716
1991-03-22,2.3562858526259896
1991-03-23,2.1678853592011116
1991-03-24,2.0050466668632683
1991-03-25,1.7796666589645882
1991-03-26,1.627086015032089
1991-03-27,1.5054615860992404
1991-03-28,1.379668271694434
1991-03-29,1.2821733231804169
1991-03-30,1.2225950171821118
1991-03-31,1.2414885707675893
1991-04-01,1.370000417593524
1991-04-02,1.4292755365492293
1991-04-03,1.440233803398269
1991-04-04,1.6003707901549529
1991-04-05,1.8785229873769478
1991-04-06,1.9905249591520606
1991-04-07,1.7721492921128288
1991-04-08,1.5789380573038505
1991-04-09,1.4316554734251516
1991-04-10,1.318257204046182
1991-04-11,1.2301012097992905
1991-04-12,1.1609187222412956
1991-04-13,1.1220479783403203
1991-04-14,1.159388647167842
1991-04-15,1.226586614060366
1991-04-16,1.4438809001700241
1991-04-17,2.1555834339765245
1991-04-18,2.5266009103882747
1991-04-19,2.180839481145307
1991-04-20,1.8900068608673568
1991-04-21,1.663928443229519
1991-04-22,1.5088527781842027
1991-04-23,2.420139519571937
1991-04-24,3.3556130841674228
1991-04-25,2.882850503313405
1991-04-26,2.401997210379279
1991-04-27,2.1350784133407408
1991-04-28,1.9731613968558248
1991-04-29,2.582786081070207
1991-04-30,4.134812614649029
1991-05-01,4.777974526155717
1991-05-02,4.245774222749549
1991-05-03,3.791134007792827
1991-05-04,3.4100681445394176
1991-05-05,2.8421317791572136
1991-05-06,2.481024242804002
1991-05-07,2.8688702969120095
1991-05-08,3.056524197554945
1991-05-09,2.5814243678463176
1991-05-10,2.3572087474249095
1991-05-11,2.464627450272439
1991-05-12,2.7810605707842098
1991-05-13,2.8204912331387226
1991-05-14,2.4336875361712007
1991-05-15,2.084621833293043
1991-05-16,1.8973802578766896
1991-05-17,1.6959910612509974
1991-05-18,1.5266341231683702
1991-05-19,1.4302958261374306
1991-05-20,1.3608260376517693
1991-05-21,1.2687991663287306
1991-05-22,1.195988280362588
1991-05-23,1.1384013305792229
1991-05-24,1.0924253706793927
1991-05-25,1.0553694980749855
1991-05-26,1.0264365097581214
1991-05-27,1.0019301433713135
1991-05-28,0.9810633556711306
1991-05-29,0.9635697384587002
1991-05-30,0.965030305817292
1991-05-31,0.9886239985524353
1991-06-01,0.9730542215324817
1991-06-02,0.9546938422703563
1991-06-03,0.9391964888894945
1991-06-04,0.9259728580907535
1991-06-05,0.9145638147725245
1991-06-06,0.9046098579127376
1991-06-07,0.8958280760517532
1991-06-08,0.8879947666977629
1991-06-09,0.880932245352207
1991-06-10,0.8744987748243251
1991-06-11,0.8748682523372525
1991-06-12,0.8720697250238891
1991-06-13,0.8654805418263773
1991-06-14,0.8594358666286978
1991-06-15,0.8538466149800558
1991-06-16,0.8486329569013926
1991-06-17,0.9555631794584598
1991-06-18,1.268344164849746
1991-06-19,1.368844505096667
1991-06-20,1.253515917221946
1991-06-21,1.219460022387145
1991-06-22,1.1966993371312264
1991-06-23,1.1191192288169012
1991-06-24,1.0580148923062451
1991-06-25,1.0094813982353343
1991-06-26,0.970574823707847
1991-06-27,0.9390926156648479
1991-06-28,0.9741885435985105
1991-06-29,1.005222650016002
1991-06-30,0.9656744599571448
1991-07-01,0.9331686500981901
1991-07-02,0.9346952418446293
1991-07-03,1.0042496617280599
1991-07-04,1.1766601191654324
1991-07-05,1.4976620885441276
1991-07-06,1.5909559483507598
1991-07-07,1.4153382104459948
1991-07-08,1.2810308110444557
1991-07-09,1.1774414616444349
1991-07-10,1.0967906675350771
1991-07-11,1.0334202514118653
1991-07-12,0.9839428736358001
1991-07-13,0.943908888424644
1991-07-14,0.9112573178902191
1991-07-15,0.8846523204597608
1991-07-16,0.9430726956964578
1991-07-17,1.0762601005410215
1991-07-18,1.1109339051819387
1991-07-19,1.0490326708072173
1991-07-20,0.9917374294363838
1991-07-21,0.9705372360037217
1991-07-22,0.9665419260330054
1991-07-23,0.9916309976845544
1991-07-24,1.0148816134690206
1991-07-25,0.9651247797488408
1991-07-26,0.9229407978860317
1991-07-27,0.9417817825786359
1991-07-28,1.210681953315466
1991-07-29,1.3843526747118429
1991-07-30,1.2474054953106124
1991-07-31,1.141749009624412
1991-08-01,1.0595843269202356
1991-08-02,0.9951069469751951
1991-08-03,0.9440556587793599
1991-08-04,0.9032734143097385
1991-08-05,0.8704012254662091
1991-08-06,0.8436624013891808
1991-08-07,0.8280690031893793
1991-08-08,0.8917404603126061
1991-08-09,0.9386170439334135
1991-08-10,0.8965060262498445
1991-08-11,1.1573600077067965
1991-08-12,1.4165618362577337
1991-08-13,1.2660493748520527
1991-08-14,1.1503214841090275
1991-08-15,1.0945799863398005
1991-08-16,1.0914963935470192
1991-08-17,1.1884962559067092
1991-08-18,1.3461422844762245
1991-08-19,1.317126531279958
1991-08-20,1.1882790244036534
1991-08-21,1.088738947088072
1991-08-22,1.0111833551766212
1991-08-23,0.9502161666759843
1991-08-24,0.901866175051847
1991-08-25,0.8631844502591374
1991-08-26,0.8319628364204182
1991-08-27,0.8065349655401001
1991-08-28,0.7856341644055855
1991-08-29,0.7682910215284463
1991-08-30,0.7537588863437055
1991-08-31,0.7414592310669955
1991-09-01,0.7309412650571714
1991-09-02,0.753401485205932
1991-09-03,0.7736362282004778
1991-09-04,0.7558383236382085
1991-09-05,0.7409377576516868
1991-09-06,0.7283609510379979
1991-09-07,0.7176362844111388
1991-09-08,0.9272178740060296
1991-09-09,1.1631788287853053
1991-09-10,1.059819218738597
1991-09-11,0.9793109588067472
1991-09-12,0.9284637408082329
1991-09-13,0.8867236554279762
1991-09-14,0.8426443059298733
1991-09-15,0.8168910918419385
1991-09-16,0.7956252027948358
1991-09-17,0.7689814401231753
1991-09-18,0.7474145966136212
1991-09-19,0.7294275007436332
1991-09-20,0.7143396021183074
1991-09-21,0.7016363059342691
1991-09-22,0.6908919417614375
1991-09-23,0.6907882730861253
1991-09-24,0.6890831293852617
1991-09-25,0.6793036708311444
1991-09-26,0.6708405505734127
1991-09-27,0.6634467490512822
1991-09-28,0.6569186861183911
1991-09-29,0.651094436890022
1991-09-30,0.6501191957706821
1991-10-01,0.6507568836450851
1991-10-02,0.6448023541735629
1991-10-03,0.6394330027064332
1991-10-04,0.634561891468254
1991-10-05,0.6301001181979841
1991-10-06,0.6259759485450143
1991-10-07,0.6221312984632202
1991-10-08,0.6185189800683333
1991-10-09,0.6151005357919425
1991-10-10,0.6121486448662651
1991-10-11,0.6116990541980621
1991-10-12,0.6101620449922037
1991-10-13,0.6065955835686936
1991-10-14,0.6032212573643202
1991-10-15,0.6000107266155447
1991-10-16,0.5969378037466877
1991-10-17,0.5939809930878007
1991-10-18,0.591122601063777
1991-10-19,0.5883480247682894
1991-10-20,0.5856451811544218
1991-10-21,0.5830040475049235
1991-10-22,0.5804162902959019
1991-10-23,0.5786370620105116
1991-10-24,0.5776344364713899
1991-10-25,0.5749087054173831
1991-10-26,0.5722334675628488
1991-10-27,0.5696570359689749
1991-10-28,0.5672462083227663
1991-10-29,0.5646928975660828
1991-10-30,0.5621902845149261
1991-10-31,0.5597381195163916
1991-11-01,0.6024219048876777
1991-11-02,0.6616813382114275
1991-11-03,0.6478991832698249
1991-11-04,0.7099848644096908
1991-11-05,0.8749546468150098
1991-11-06,0.915483404060642
1991-11-07,0.8718705647005464
1991-11-08,0.9187297126673543
1991-11-09,1.1169639284651856
1991-11-10,1.3213361542913529
1991-11-11,1.4508403086148682
1991-11-12,1.5067911303859685
1991-11-13,1.3556632907811226
1991-11-14,1.1929323305877302
1991-11-15,1.068466650551329
1991-11-16,0.9589421352454216
1991-11-17,0.8740577240716716
1991-11-18,0.8077044965608365
1991-11-19,0.7554988855993684
1991-11-20,0.7157694147258716
1991-11-21,0.6845998012976094
1991-11-22,0.6841351707540128
1991-11-23,0.7102351179371755
1991-11-24,0.7945801359742117
1991-11-25,0.8441838603607973
1991-11-26,0.782253646689305
1991-11-27,0.7332844803656432
1991-11-28,0.6942879582571845
1991-11-29,0.7170528390812893
1991-11-30,0.8031863096861492
1991-12-01,0.8322513708840487
1991-12-02,0.7937928665737616
1991-12-03,0.9672266138397312
1991-12-04,1.124720991299122
1991-12-05,1.814005221576369
1991-12-06,2.5770590445068438
1991-12-07,2.226695589610331
1991-12-08,1.970404667887064
1991-12-09,1.8765656348088928
1991-12-10,2.2422695411507036
1991-12-11,2.543219451101932
1991-12-12,2.247787392334411
1991-12-13,2.6492496552587363
1991-12-14,2.9739867206443837
1991-12-15,2.474849238170168
1991-12-16,2.0162579645997094
1991-12-17,1.9021167548178957
1991-12-18,1.8273577529395553
1991-12-19,1.5385450729735348
1991-12-20,1.3219187582269138
1991-12-21,1.1578401666402038
1991-12-22,1.0641630661935666
1991-12-23,1.0017532297133933
1991-12-24,0.912987288221255
1991-12-25,0.8443272859882032
1991-12-26,0.7883863002658194
1991-12-27,0.7440068412560504
1991-12-28,0.7085090051118028
1991-12-29,0.6798802175826938
1991-12-30,0.6565976135538248
1991-12-31,0.6375006854990716
1992-01-01,0.6216991760155094
1992-01-02,0.6085058805976009
1992-01-03,0.5973872231863888
1992-01-04,0.5879266246521652
1992-01-05,0.5797971565852682
1992-01-06,0.5727409875414342
1992-01-07,0.5973543870115098
1992-01-08,2.3679769566438895
1992-01-09,3.9912136851497433
1992-01-10,3.5645862311969307
1992-01-11,3.6194206993680234
1992-01-12,3.1682767708785082
1992-01-13,2.523253584895223
1992-01-14,2.0542260877319283
1992-01-15,1.7088573049867053
1992-01-16,1.5065837950756684
1992-01-17,1.359958890827677
1992-01-18,1.3163073116742858
1992-01-19,1.6901527744942841
1992-01-20,2.3197756063994093
1992-01-21,2.602046890375614
1992-01-22,2.2704954689740213
1992-01-23,1.8722504064577652
1992-01-24,1.5770833187677173
1992-01-25,1.3559278139250288
1992-01-26,1.452755816836011
1992-01-27,1.539916623511749
1992-01-28,1.7236707470104342
1992-01-29,2.476822185687822
1992-01-30,2.613417275172446
1992-01-31,2.1275170299487174
1992-02-01,1.7699564701708648
1992-02-02,2.103591840346366
1992-02-03,2.4358299853017127
1992-02-04,2.1356938152055025
1992-02-05,2.0262397283220124
1992-02-06,1.8535581529291496
1992-02-07,1.672977436053819
1992-02-08,1.845581569265618
1992-02-09,2.697166608644691
1992-02-10,4.275065053939415
1992-02-11,4.5274550534204545
1992-02-12,4.294825928422053
1992-02-13,4.114275071354389
1992-02-14,3.22511466009183
1992-02-15,2.586521204524461
1992-02-16,2.1217804029597116
1992-02-17,1.779287726451795
1992-02-18,1.5306789776196223
1992-02-19,2.29564462452308
1992-02-20,2.812619060808885
1992-02-21,2.7541197218346753
1992-02-22,2.377239358885942
1992-02-23,2.349285616231867
1992-02-24,2.126582838184088
1992-02-25,1.8852074109929522
1992-02-26,1.7220044153776157
1992-02-27,1.5036382649580027
1992-02-28,1.3201359088009579
1992-02-29,1.180217076310765
1992-03-01,1.0725127131335555
1992-03-02,0.9888474934692962
1992-03-03,0.9232793626696684
1992-03-04,0.8714465416307854
1992-03-05,0.8301177877749284
1992-03-06,0.796878913599696
1992-03-07,0.8135419940221355
1992-03-08,0.9540427391175771
1992-03-09,1.0716156288963508
1992-03-10,1.0347948451546245
1992-03-11,0.9668415153028286
1992-03-12,0.923097231570135
1992-03-13,1.692677700487106
1992-03-14,2.9767726226027924
1992-03-15,3.267325605241316
1992-03-16,2.796485763350224
1992-03-17,2.2786678415878785
1992-03-18,1.8986580683819607
1992-03-19,1.6164995461570584
1992-03-20,1.4046667921374156
1992-03-21,1.2619667494916664
1992-03-22,1.20797541138476
1992-03-23,1.1303534220487295
1992-03-24,1.0329637011279207
1992-03-25,0.9570136272645077
1992-03-26,0.8972958414994164
1992-03-27,0.8499342910956948
1992-03-28,0.8120481201252426
1992-03-29,0.9419100278384591
1992-03-30,1.1474298526236169
1992-03-31,1.3272415131113415
1992-04-01,1.8609996527596306
1992-04-02,2.0727691174249263
1992-04-03,1.744121768367184
1992-04-04,1.4985331815365193
1992-04-05,1.313245393729057
1992-04-06,1.1720433832421362
1992-04-07,1.0634099938309547
1992-04-08,0.9790685393414434
1992-04-09,0.913006650084352
1992-04-10,0.8608131569222696
1992-04-11,0.8192217233630275
1992-04-12,0.7857929584286039
1992-04-13,0.7763493362671584
1992-04-14,0.7724462333099118
1992-04-15,0.7630507977679596
1992-04-16,0.7998596282681656
1992-04-17,0.7916596282107654
1992-04-18,0.7645923956146966
1992-04-19,0.8754542376122045
1992-04-20,1.0076620308878794
1992-04-21,0.965009491112892
1992-04-22,0.9919485842251157
1992-04-23,1.3335143987492077
1992-04-24,1.5941923870990011
1992-04-25,1.6049444424992318
1992-04-26,1.5128804269936793
1992-04-27,1.5130719868552596
1992-04-28,1.5247749829951207
1992-04-29,1.327454241325319
1992-04-30,1.297309906413942
1992-05-01,1.264036376038441
1992-05-02,1.1287865004260587
1992-05-03,1.024503350552403
1992-05-04,0.9434449805265052
1992-05-05,0.8864413100887991
1992-05-06,0.9011084696024074
1992-05-07,0.913744176134759
1992-05-08,1.3138746752002037
1992-05-09,1.7034478047132315
1992-05-10,1.4720714905616588
1992-05-11,1.2858370469936775
1992-05-12,1.4608374912593225
1992-05-13,2.3199018899581514
1992-05-14,2.88221322351636
1992-05-15,2.5612741560476744
1992-05-16,2.345781525655992
1992-05-17,2.7282157613885123
1992-05-18,3.0600805799414594
1992-05-19,2.7812000744946697
1992-05-20,2.269944852543602
1992-05-21,2.489603116232009
1992-05-22,2.651170139328553
1992-05-23,2.1735354015711885
1992-05-24,1.8192570065415472
1992-05-25,1.555506115979239
1992-05-26,1.3570068199664538
1992-05-27,1.2060894174657333
1992-05-28,1.0902396392642253
1992-05-29,1.0004881062632645
1992-05-30,0.9303352645289958
1992-05-31,0.8750233742526173
1992-06-01,0.8310369427209258
1992-06-02,0.7957556921298868
1992-06-03,0.7672107331180236
1992-06-04,0.7439114307529602
1992-06-05,0.7788528790603476
1992-06-06,0.8196151307118048
1992-06-07,0.7847026348898605
1992-06-08,0.8089894264344762
1992-06-09,0.8766101523723053
1992-06-10,0.9348620773745325
1992-06-11,0.9337039706802782
1992-06-12,0.9598070790901215
1992-06-13,0.9873650732154262
1992-06-14,0.914662543179496
1992-06-15,0.8573900403291859
1992-06-16,0.8943469766557143
1992-06-17,0.9460206031453153
1992-06-18,0.8857775938733994
1992-06-19,0.8335082449276947
1992-06-20,0.7918961123498601
1992-06-21,0.7697387610340584
1992-06-22,0.7502443214760355
1992-06-23,0.7244876291779523
1992-06-24,0.7076913907205666
1992-06-25,0.6920910293669769
1992-06-26,0.6764199271894773
1992-06-27,0.663276582626465
1992-06-28,0.6521521098703317
1992-06-29,0.6426416581803377
1992-06-30,0.634427456880061
1992-07-01,0.6272588581013973
1992-07-02,0.6209372391750053
1992-07-03,0.6153045115282504
1992-07-04,0.6102343239572346
1992-07-05,0.6056252915626401
1992-07-06,0.6013957567462219
1992-07-07,0.5974797155520407
1992-07-08,0.593823635222913
1992-07-09,0.615731727006207
1992-07-10,0.6373494219207636
1992-07-11,0.6256989120851687
1992-07-12,0.6157790952754217
1992-07-13,0.635128648560373
1992-07-14,0.6567447872347013
1992-07-15,0.6399870154285606
1992-07-16,0.6473649748747999
1992-07-17,0.679872822901986
1992-07-18,0.6879368802603381
1992-07-19,0.6653318934703202
1992-07-20,0.6452420597780167
1992-07-21,0.6286735566217724
1992-07-22,0.6148832518836493
1992-07-23,0.6032963148235527
1992-07-24,0.5934655217970574
1992-07-25,0.5850410288389223
1992-07-26,0.5991338359227706
1992-07-27,0.6104133504257673
1992-07-28,0.5978730284144284
1992-07-29,0.5872808092742611
1992-07-30,0.5782580002294618
1992-07-31,0.5704940446016677
1992-08-01,0.5637443356213686
1992-08-02,0.5578152915592739
1992-08-03,0.5525530207401644
1992-08-04,0.5478346615801378
1992-08-05,0.543561728964118
1992-08-06,0.5396549747533842
1992-08-07,0.5414854050740842
1992-08-08,0.5527407806274584
1992-08-09,0.555388699246249
1992-08-10,0.5481761333343241
1992-08-11,0.5418836106462332
1992-08-12,0.5363428345310218
1992-08-13,0.5314132891735464
1992-08-14,0.5511856784002586
1992-08-15,0.5724395514097341
1992-08-16,0.560133369066225
1992-08-17,0.5497649379158246
1992-08-18,0.5409575983530394
1992-08-19,0.5384585826850993
1992-08-20,0.5359319152368137
1992-08-21,0.5286391768624371
1992-08-22,0.5282464212935581
1992-08-23,0.5324806042918421
1992-08-24,0.526624392324255
1992-08-25,0.5203515647795689
1992-08-26,0.5195986570582248
1992-08-27,0.5164007811588568
1992-08-28,0.5108987672760003
1992-08-29,0.5059123048547908
1992-08-30,0.5010439436891007
1992-08-31,0.4966850644320504
1992-09-01,0.4927549271735987
1992-09-02,0.4891600035840859
1992-09-03,0.4858456732241505
1992-09-04,0.4827668238337542
1992-09-05,0.48846057752042643
1992-09-06,0.4978752120545524
1992-09-07,0.5383635334063719
1992-09-08,0.5772111073887374
1992-09-09,0.5560688199630152
1992-09-10,0.5387330813150801
1992-09-11,0.56002873039695
1992-09-12,0.593011500883076
1992-09-13,0.57690166047295
1992-09-14,0.554711641803533
1992-09-15,0.5364838198898124
1992-09-16,0.5214017237235137
1992-09-17,0.5088738994294192
1992-09-18,0.49837549996456443
1992-09-19,0.5054394726042718
1992-09-20,0.514589578592236
1992-09-21,0.5025322899142827
1992-09-22,0.5162378775793248
1992-09-23,0.549561377757286
1992-09-24,0.593315422717759
1992-09-25,0.6108116791000103
1992-09-26,0.6140602559747376
1992-09-27,0.6268504689378266
1992-09-28,0.6567177425345364
1992-09-29,0.6959972449369461
1992-09-30,0.6595275721966103
1992-10-01,0.6163700896641519
1992-10-02,0.5819379296486574
1992-10-03,0.5542634361725934
1992-10-04,0.5318464373113266
1992-10-05,0.5135441849957801
1992-10-06,0.49848036078073993
1992-10-07,0.48597873469393926
1992-10-08,0.47551439928804856
1992-10-09,0.4666776452946763
1992-10-10,0.45914700679507825
1992-10-11,0.4693465913754152
1992-10-12,0.5329173013542695
1992-10-13,0.5804325260019193
1992-10-14,0.568019469433613
1992-10-15,0.54330771295616
1992-10-16,0.5200858491884955
1992-10-17,0.5373365002074858
1992-10-18,0.5789720381868645
1992-10-19,0.6297375090206954
1992-10-20,0.6474480301692163
1992-10-21,0.602136439909291
1992-10-22,0.5660385363364205
1992-10-23,0.5370886917832831
1992-10-24,0.5136936023323133
1992-10-25,0.4946411203815683
1992-10-26,0.47900282054616755
1992-10-27,0.4660630714571859
1992-10-28,0.5593209784485768
1992-10-29,0.6531965273843641
1992-10-30,0.6048357074400078
1992-10-31,0.5663631296242636
1992-11-01,0.5355808158429447
1992-11-02,0.5485301334302138
1992-11-03,0.5639787984895203
1992-11-04,0.5331619328131165
1992-11-05,0.5082986941404327
1992-11-06,0.49726813690535354
1992-11-07,0.491626817947727
1992-11-08,0.5262061495251635
1992-11-09,0.7546047708624971
1992-11-10,1.0001597331169367
1992-11-11,0.9816507754051914
1992-11-12,0.860799744657608
1992-11-13,0.7652859800110868
1992-11-14,0.7160913367177609
1992-11-15,0.6835398608306694
1992-11-16,0.6466847844066691
1992-11-17,0.622137307770854
1992-11-18,0.5781955640016528
1992-11-19,0.5431810670118451
1992-11-20,0.515082077916943
1992-11-21,0.4923626837771358
1992-11-22,0.5119405478775693
1992-11-23,0.5346048027469846
1992-11-24,0.5074808192065733
1992-11-25,0.4855029320649959
1992-11-26,0.46757934030914905
1992-11-27,0.45904901496161304
1992-11-28,0.48623136901564434
1992-11-29,0.5118109683170785
1992-11-30,0.5009383055409261
1992-12-01,0.47905092986021874
1992-12-02,0.4611957426757414
1992-12-03,0.44652457116903316
1992-12-04,0.43437405549644276
1992-12-05,0.47659687759415603
1992-12-06,0.5200857566995593
1992-12-07,0.49320072585176583
1992-12-08,0.4714188588256099
1992-12-09,0.6162093804068471
1992-12-10,0.8193182881233617
1992-12-11,0.8488407652629354
1992-12-12,0.9056181990630531
1992-12-13,0.8895037758767078
1992-12-14,0.7824344357605311
1992-12-15,0.699534569782203
1992-12-16,0.6348561352439593
1992-12-17,0.5839973861021057
1992-12-18,0.5437001469217738
1992-12-19,0.5115318677685424
1992-12-20,0.4856618111037389
1992-12-21,0.4647018392919772
1992-12-22,0.44759204305822364
1992-12-23,0.43351782720186005
1992-12-24,0.43023606926074714
1992-12-25,0.42793990485846845
1992-12-26,0.41684657534625735
1992-12-27,0.4075623676234765
1992-12-28,0.3997255499311519
1992-12-29,0.3930518381354104
1992-12-30,0.3873167257336397
1992-12-31,0.3823420982854102
1993-01-01,0.3779860318102494
1993-01-02,0.37413497307652427
1993-01-03,0.3706977129780396
1993-01-04,0.3676007178103347
1993-01-05,0.3647844947143666
1993-01-06,0.36220074898431304
1993-01-07,0.35981015082131673
1993-01-08,0.3575805734334254
1993-01-09,0.3554856973770579
1993-01-10,0.5849392277261334
1993-01-11,0.8319266589282664
1993-01-12,0.8155417111671047
1993-01-13,0.809481876649251
1993-01-14,0.7215952485890146
1993-01-15,0.725782784005208
1993-01-16,0.7809819654770256
1993-01-17,0.7678582070078942
1993-01-18,0.7035666916597482
1993-01-19,0.6322300336159313
1993-01-20,0.6188053885712953
1993-01-21,0.613326560313693
1993-01-22,0.5613663763964002
1993-01-23,0.5202522230663026
1993-01-24,0.4874798197291528
1993-01-25,0.5954072824045492
1993-01-26,1.0443179723927278
1993-01-27,1.4057313601690418
1993-01-28,1.5929900901577572
1993-01-29,2.5063715198914402
1993-01-30,2.718005679612954
1993-01-31,2.1691500802267405
1993-02-01,1.7394883395239373
1993-02-02,1.4225914273489657
1993-02-03,1.1862272079245166
1993-02-04,1.0368719255675398
1993-02-05,0.9300453003222972
1993-02-06,0.8140187955579616
1993-02-07,0.9270124803088486
1993-02-08,0.9852496378014061
1993-02-09,0.8556145853581026
1993-02-10,0.8688171071727059
1993-02-11,1.7909766782905052
1993-02-12,2.179827946675708
1993-02-13,2.1005592209582615
1993-02-14,2.996664162513335
1993-02-15,3.7568644160660143
1993-02-16,4.368426904227118
1993-02-17,4.421919532161605
1993-02-18,3.378401219159
1993-02-19,2.634510977118937
1993-02-20,2.096914490560478
1993-02-21,1.7033207438660118
1993-02-22,1.411719224015334
1993-02-23,1.7842422906921689
1993-02-24,2.2277809318215063
1993-02-25,1.9381251819393468
1993-02-26,1.5918523767412134
1993-02-27,1.7997633455145632
1993-02-28,1.9614134460262125
1993-03-01,1.608159207959302
1993-03-02,1.3451872442252204
1993-03-03,1.147505010964536
1993-03-04,0.9974243777152898
1993-03-05,0.882420596000765
1993-03-06,0.7935183198366585
1993-03-07,0.724214612455952
1993-03-08,0.669749839599222
1993-03-09,0.6266074733301067
1993-03-10,0.5921666956247209
1993-03-11,0.5644583598790499
1993-03-12,0.541991733145238
1993-03-13,0.7244700609246982
1993-03-14,0.9639896728517533
1993-03-15,0.9073026141394216
1993-03-16,1.1700386364013418
1993-03-17,1.8719067607008106
1993-03-18,2.2860104302965496
1993-03-19,2.2034758379357573
1993-03-20,2.004439820860529
1993-03-21,1.9519229300163825
1993-03-22,1.7643019491682574
1993-03-23,2.0727513780538405
1993-03-24,2.7249609959710814
1993-03-25,2.613332889286878
1993-03-26,3.4444052911454364
1993-03-27,4.761686702273342
1993-03-28,4.381908979391301
1993-03-29,3.385100782895601
1993-03-30,2.661458331546279
1993-03-31,2.137789922941528
1993-04-01,1.7784771107557755
1993-04-02,1.5268847896384503
1993-04-03,1.2992270265670733
1993-04-04,1.1270912899918955
1993-04-05,0.9957143072509265
1993-04-06,0.8945269480018815
1993-04-07,0.8159111282645922
1993-04-08,0.7543177073492054
1993-04-09,0.7983830266300171
1993-04-10,0.861324340481108
1993-04-11,0.7930801828252426
1993-04-12,0.7356869550594191
1993-04-13,0.6902513534098352
1993-04-14,0.6539918977691942
1993-04-15,0.6248223211672198
1993-04-16,0.6011657472289621
1993-04-17,0.5999052356412097
1993-04-18,0.5998265422079235
1993-04-19,0.5801978116387846
1993-04-20,0.5639955810803455
1993-04-21,0.5505323911197888
1993-04-22,0.5392449600794136
1993-04-23,0.5296941645133924
1993-04-24,0.5215358558355976
1993-04-25,0.5144989689746043
1993-04-26,0.7585768920374818
1993-04-27,1.0194720807848994
1993-04-28,0.9068945024572134
1993-04-29,0.8196113021499009
1993-04-30,0.7515183581561337
1993-05-01,0.6979580135993032
1993-05-02,0.655488593825505
1993-05-03,0.640981662657239
1993-05-04,0.6291129618485285
1993-05-05,0.7626464061043247
1993-05-06,0.9094086890137921
1993-05-07,0.8925289805518152
1993-05-08,0.8825517000451691
1993-05-09,0.8120746438805903
1993-05-10,0.7823960792363366
1993-05-11,1.4216507934553528
1993-05-12,2.000252398274863
1993-05-13,1.6455129160136854
1993-05-14,1.3811085306267532
1993-05-15,1.1822171837646733
1993-05-16,1.0312045137828647
1993-05-17,0.9431181587317888
1993-05-18,0.922799266028933
1993-05-19,1.0313144550644207
1993-05-20,1.0877785730020808
1993-05-21,0.9848211961768084
1993-05-22,1.0862051950454679
1993-05-23,1.1713305213390965
1993-05-24,1.199828373011249
1993-05-25,1.190855973057121
1993-05-26,1.0382685048543072
1993-05-27,0.9213047949129655
1993-05-28,0.8309073371510357
1993-05-29,0.8809570442134426
1993-05-30,0.9290992624264875
1993-05-31,0.8373474325596879
1993-06-01,0.7652215908070433
1993-06-02,0.7085878510098521
1993-06-03,0.6637595193390672
1993-06-04,0.6311957054840609
1993-06-05,0.6030559394604553
1993-06-06,0.583943393559581
1993-06-07,0.5659335792919515
1993-06-08,0.6533666762930609
1993-06-09,0.8551096130992292
1993-06-10,0.8817931410331238
1993-06-11,0.7982789874231814
1993-06-12,0.8489515023008029
1993-06-13,1.0793754810298564
1993-06-14,1.1473755395719691
1993-06-15,1.0022809497167178
1993-06-16,0.8908574534317547
1993-06-17,0.8046269835445276
1993-06-18,0.7373292883147697
1993-06-19,0.6843779495563158
1993-06-20,0.6423813888726361
1993-06-21,0.6088098102115387
1993-06-22,0.6206754868531555
1993-06-23,0.6825109961409326
1993-06-24,0.6892833111143114
1993-06-25,0.6477379316041189
1993-06-26,0.6130188283196336
1993-06-27,0.6526108271206599
1993-06-28,0.7040118071615894
1993-06-29,0.6592074064900969
1993-06-30,0.6203259056613676
1993-07-01,0.5891771672431311
1993-07-02,0.5640262389836427
1993-07-03,0.5435560645444939
1993-07-04,0.5406805177710668
1993-07-05,0.5510675237887207
1993-07-06,0.5485202147918786
1993-07-07,0.5315082710099942
1993-07-08,0.522841210514433
1993-07-09,0.530585742580464
1993-07-10,0.5328782105610366
1993-07-11,0.5191767497936081
1993-07-12,0.5050630072164488
1993-07-13,0.4931899593032034
1993-07-14,0.4832159999798648
1993-07-15,0.4747612231494735
1993-07-16,0.46815431011545977
1993-07-17,0.4634645059018086
1993-07-18,0.4660491448693846
1993-07-19,0.46568147986121183
1993-07-20,0.4688567653607223
1993-07-21,0.4716403198333574
1993-07-22,0.4634012389782842
1993-07-23,0.456294239643048
1993-07-24,0.45021681786381446
1993-07-25,0.48427784110591926
1993-07-26,0.5158276377527361
1993-07-27,0.49802955509426544
1993-07-28,0.49127383697827537
1993-07-29,0.48716070415596596
1993-07-30,0.47405281854268505
1993-07-31,0.46311284814662595
1993-08-01,0.4539099806704961
1993-08-02,0.44609815945458653
1993-08-03,0.4394051843635387
1993-08-04,0.43415151416932884
1993-08-05,0.45607077114631805
1993-08-06,0.4801737826794777
1993-08-07,0.46716365238516017
1993-08-08,0.45546454533181335
1993-08-09,0.4456670625863067
1993-08-10,0.43738917549527007
1993-08-11,0.4591830546562517
1993-08-12,0.5003156090761145
1993-08-13,0.5226137284871483
1993-08-14,0.5189799713151567
1993-08-15,0.5429585002379341
1993-08-16,0.5905893518922684
1993-08-17,0.6165613652669746
1993-08-18,0.6390580952721372
1993-08-19,0.6417326305722023
1993-08-20,0.6364435116522306
1993-08-21,0.6672484934051072
1993-08-22,0.9916331591055442
1993-08-23,1.2338156783638146
1993-08-24,1.0563208434068327
1993-08-25,0.995350949698146
1993-08-26,0.9527476187135969
1993-08-27,0.9296597611112531
1993-08-28,1.0951203682326822
1993-08-29,1.3769722870796814
1993-08-30,1.4102244301587217
1993-08-31,1.1845776718371812
1993-09-01,1.0139946357044278
1993-09-02,0.8839160273986484
1993-09-03,0.783834020273269
1993-09-04,0.7061763901236983
1993-09-05,0.6525064605374665
1993-09-06,0.6241260472784056
1993-09-07,0.5854512222737188
1993-09-08,0.5497572155335685
1993-09-09,0.5211160330815575
1993-09-10,0.5035059256516299
1993-09-11,0.489206314069389
1993-09-12,0.4718335725475624
1993-09-13,0.4575226577797897
1993-09-14,0.4456453656401355
1993-09-15,0.4357055277676772
1993-09-16,0.4273153123232405
1993-09-17,0.4201700069119256
1993-09-18,0.4140290401358557
1993-09-19,0.4087016069831881
1993-09-20,0.4040357153712047
1993-09-21,0.4084319962498515
1993-09-22,0.5926315956140137
1993-09-23,0.8255755263067489
1993-09-24,0.8156638857716482
1993-09-25,0.7516304121172315
1993-09-26,0.6856293268288529
1993-09-27,0.8288426239866086
1993-09-28,1.0404873648796213
1993-09-29,1.423434579748557
1993-09-30,1.6273896204458878
1993-10-01,1.3442733927650306
1993-10-02,2.2405914453900957
1993-10-03,3.1938827689639155
1993-10-04,2.658329074747321
1993-10-05,2.113677147385777
1993-10-06,1.7097560034010304
1993-10-07,1.5712091557352437
1993-10-08,1.473820471219067
1993-10-09,1.235324601040827
1993-10-10,1.0959513479758478
1993-10-11,1.0577790255576829
1993-10-12,0.9642161795096081
1993-10-13,0.8487379134595999
1993-10-14,0.7594930975872046
1993-10-15,0.6899798591360433
1993-10-16,0.6652905114190619
1993-10-17,0.9050900985239533
1993-10-18,1.1044984942151503
1993-10-19,0.9941104788105357
1993-10-20,1.6148171058128191
1993-10-21,2.6092892408123283
1993-10-22,2.5024430595703557
1993-10-23,2.000523415495359
1993-10-24,1.6320238813847798
1993-10-25,1.358455751281535
1993-10-26,1.3199729057347633
1993-10-27,1.300739567138875
1993-10-28,1.4441329724254086
1993-10-29,1.5697700295098516
1993-10-30,1.3138354853439658
1993-10-31,1.121111673912899
1993-11-01,0.9747003218599405
1993-11-02,0.8930240395649669
1993-11-03,0.8380514178266653
1993-11-04,0.7566447237166366
1993-11-05,0.8844774124610318
1993-11-06,1.033275646844429
1993-11-07,0.9247339097595009
1993-11-08,0.8238261686775622
1993-11-09,0.7454903314834107
1993-11-10,0.6841918059098079
1993-11-11,0.6358410514337259
1993-11-12,0.6138165438843014
1993-11-13,0.8497034172246649
1993-11-14,1.3219164113165387
1993-11-15,1.7113339219517776
1993-11-16,1.8701189836972223
1993-11-17,2.223274035003176
1993-11-18,2.611300465596042
1993-11-19,2.663788287327828
1993-11-20,2.4527678334418783
1993-11-21,2.53988052387385
1993-11-22,3.11217394083272
1993-11-23,3.6062657464300116
1993-11-24,4.413489995386883
1993-11-25,4.489328936338379
1993-11-26,3.961703831731473
1993-11-27,3.702704979476536
1993-11-28,3.591558156593752
1993-11-29,3.46708365176162
1993-11-30,3.2305412286103654
1993-12-01,2.918226944367866
1993-12-02,2.386617366223881
1993-12-03,1.9421870894207298
1993-12-04,1.6143035546366702
1993-12-05,1.5925947967873977
1993-12-06,2.65641118987491
1993-12-07,3.316994545006342
1993-12-08,2.939625473337342
1993-12-09,2.35125036231596
1993-12-10,1.9217332587526503
1993-12-11,1.6044142108845163
1993-12-12,1.5135113151964437
1993-12-13,2.3307229108184195
1993-12-14,4.327675282184163
1993-12-15,5.401002922787689
1993-12-16,4.829631521253609
1993-12-17,3.9223692179573377
1993-12-18,3.070726918682322
1993-12-19,2.45838030515508
1993-12-20,2.0121246985108434
1993-12-21,1.682848207302001
1993-12-22,1.4370960071179366
1993-12-23,1.2517269816779073
1993-12-24,1.1105095186694751
1993-12-25,1.0019125963852014
1993-12-26,0.917648309085946
1993-12-27,0.8516953698649273
1993-12-28,0.7996355930549804
1993-12-29,0.7581971506654206
1993-12-30,0.7249363642132943
1993-12-31,0.6980135257457466
1994-01-01,0.6760333144046577
1994-01-02,0.6579300898365616
1994-01-03,1.8593325157439236
1994-01-04,2.706132404006915
1994-01-05,2.871199699196957
1994-01-06,3.263697941857736
1994-01-07,3.3448324832753915
1994-01-08,3.4004554176717137
1994-01-09,5.99589706052377
1994-01-10,8.183896607816381
1994-01-11,6.6835688151029045
1994-01-12,5.568284139931467
1994-01-13,4.255227294383283
1994-01-14,3.328270175302169
1994-01-15,2.663913922847222
1994-01-16,2.1830325874335874
1994-01-17,1.829111077323936
1994-01-18,1.5636757166826214
1994-01-19,1.3638929405681992
1994-01-20,1.2119909693356055
1994-01-21,1.8046385523574722
1994-01-22,3.573892908480463
1994-01-23,4.973536055769434
1994-01-24,7.902797857678126
1994-01-25,8.786171277413262
1994-01-26,7.292980662427682
1994-01-27,9.487177061176054
1994-01-28,9.517757794530674
1994-01-29,6.264131345469798
1994-01-30,4.765112504777072
1994-01-31,3.720349702024682
1994-02-01,2.9751348712680112
1994-02-02,2.4358839163200865
1994-02-03,2.0405249234585927
1994-02-04,1.7471489104433946
1994-02-05,1.9158477906044389
1994-02-06,3.3348677878774393
1994-02-07,4.154910801957204
1994-02-08,3.562161729117877
1994-02-09,4.06386663229803
1994-02-10,4.002018774322482
1994-02-11,3.1890166519268592
1994-02-12,2.8522096805307946
1994-02-13,2.613007686446855
1994-02-14,2.1793911908036545
1994-02-15,1.8586953021403303
1994-02-16,1.618862241055167
1994-02-17,1.437564159755669
1994-02-18,1.2991165455994145
1994-02-19,1.1923621164042955
1994-02-20,1.1092718862517583
1994-02-21,1.0440062664037477
1994-02-22,0.9922760980182775
1994-02-23,1.838443196558435
1994-02-24,3.6649215161349784
1994-02-25,3.9751912760204977
1994-02-26,3.1682598082702254
1994-02-27,2.586044966136912
1994-02-28,2.1606074670146516
1994-03-01,1.8458556625336413
1994-03-02,1.6103066321409638
1994-03-03,1.4321298177513233
1994-03-04,1.2959788119070017
1994-03-05,1.1909293755037986
1994-03-06,1.1091151900004945
1994-03-07,1.0448115436905197
1994-03-08,0.9938112876991269
1994-03-09,0.9945296163541762
1994-03-10,1.1178567096702419
1994-03-11,1.4107325198948797
1994-03-12,2.4619065856006754
1994-03-13,3.176443551983968
1994-03-14,2.7208494611171563
1994-03-15,3.032432668804249
1994-03-16,3.625044667565044
1994-03-17,3.7517766360766545
1994-03-18,3.961635526366795
1994-03-19,3.6039711932006515
1994-03-20,3.25784628141761
1994-03-21,2.9921448727404862
1994-03-22,2.9993939710990856
1994-03-23,3.2878418217552614
1994-03-24,3.3920019041054856
1994-03-25,3.9185906575346556
1994-03-26,3.829830657286918
1994-03-27,3.087646415273051
1994-03-28,2.5500522981780893
1994-03-29,2.145015011398278
1994-03-30,1.9865319675082127
1994-03-31,1.8755894711366332
1994-04-01,1.6837401468523965
1994-04-02,1.4975172793890115
1994-04-03,1.356502524630529
1994-04-04,1.2475685872179814
1994-04-05,1.1629326764452739
1994-04-06,1.262495233832823
1994-04-07,1.4291950876930501
1994-04-08,1.4308771715450421
1994-04-09,1.3177501977152215
1994-04-10,1.2157793835594353
1994-04-11,1.8529059948479658
1994-04-12,2.6902360566177688
1994-04-13,2.745862283814679
1994-04-14,2.597105505299435
1994-04-15,2.1850953716642816
1994-04-16,1.912802672795471
1994-04-17,1.7536209576870199
1994-04-18,1.5561464711156818
1994-04-19,1.4151483511289404
1994-04-20,1.391324314999155
1994-04-21,1.4022787716245355
1994-04-22,1.4138430587151978
1994-04-23,1.419877504764864
1994-04-24,2.380602606107665
1994-04-25,3.385851086377455
1994-04-26,2.961200158008048
1994-04-27,2.448067305297893
1994-04-28,2.0676378632395505
1994-04-29,1.7849534253426949
1994-04-30,1.5725299116817573
1994-05-01,1.41121289494141
1994-05-02,1.2874747339577397
1994-05-03,1.1916448290214134
1994-05-04,1.1167322379053382
1994-05-05,1.0576308385133835
1994-05-06,1.0105754645944456
1994-05-07,0.9727651048675204
1994-05-08,0.9420988153706585
1994-05-09,0.9169886311950043
1994-05-10,0.8962256942287922
1994-05-11,0.8788835602629935
1994-05-12,0.8642477459265758
1994-05-13,0.8776075063176955
1994-05-14,1.5271790188589824
1994-05-15,2.1428910499394482
1994-05-16,1.8378203328734857
1994-05-17,1.6043746899914149
1994-05-18,1.4277660781726327
1994-05-19,1.3016503275377471
1994-05-20,1.2503733368661971
1994-05-21,1.2079500740995892
1994-05-22,1.1277907627589678
1994-05-23,1.1109965035103735
1994-05-24,1.3598558247479167
1994-05-25,1.4862325358973798
1994-05-26,1.346412760933443
1994-05-27,1.232466739958185
1994-05-28,1.2844089708225268
1994-05-29,1.3570646981940975
1994-05-30,1.244161759884905
1994-05-31,1.1493768204422585
1994-06-01,1.0758388353086776
1994-06-02,1.077755055286242
1994-06-03,1.0797668355372383
1994-06-04,1.1526303347889677
1994-06-05,1.2259477132605985
1994-06-06,1.1554252984749367
1994-06-07,1.1354060046204322
1994-06-08,1.0834746543858984
1994-06-09,1.0190693224637137
1994-06-10,0.9680016002238231
1994-06-11,0.9271743069123235
1994-06-12,0.8942364633010826
1994-06-13,0.867417121172447
1994-06-14,0.8453723614344417
1994-06-15,0.8270752509726477
1994-06-16,0.8117359779229224
1994-06-17,0.7987433960803227
1994-06-18,0.7876218976626902
1994-06-19,0.7939914000348213
1994-06-20,0.8560100458641317
1994-06-21,0.9406524966957419
1994-06-22,1.0265253700010293
1994-06-23,1.1946227347822715
1994-06-24,1.288021721666427
1994-06-25,1.231951600801328
1994-06-26,1.2216459905509218
1994-06-27,1.1808135833012778
1994-06-28,1.156570892671667
1994-06-29,1.2675060848392892
1994-06-30,1.3868483835798144
1994-07-01,1.34398840731865
1994-07-02,1.2376798421322368
1994-07-03,1.2389023705480147
1994-07-04,1.1937565265718264
1994-07-05,1.0947924021243116
1994-07-06,1.017599216514616
1994-07-07,0.9568909855512819
1994-07-08,0.9087241304311348
1994-07-09,0.8701695322920746
1994-07-10,0.8390333708989838
1994-07-11,0.8136597400821012
1994-07-12,0.9392790689196571
1994-07-13,1.072410019931714
1994-07-14,1.3969586360561195
1994-07-15,1.6703691986813938
1994-07-16,1.496300784947149
1994-07-17,1.3919119366627688
1994-07-18,1.4306198962608931
1994-07-19,1.4537616763226717
1994-07-20,1.3198300893837351
1994-07-21,1.2049925610841212
1994-07-22,1.0989957588368362
1994-07-23,1.016575928512459
1994-07-24,0.9519325515952038
1994-07-25,0.900810337580983
1994-07-26,0.8860927814773579
1994-07-27,1.0283126071430757
1994-07-28,1.135424302560417
1994-07-29,1.0475300742482712
1994-07-30,1.2094824300336817
1994-07-31,1.3535790465573487
1994-08-01,1.2106199194892397
1994-08-02,1.1000592383774654
1994-08-03,1.0142622769240373
1994-08-04,0.9505086950648446
1994-08-05,0.9314485385430674
1994-08-06,0.9722907395868049
1994-08-07,1.621870924344609
1994-08-08,3.475556529015501
1994-08-09,5.029194985024203
1994-08-10,4.661358664627145
1994-08-11,3.630522051100451
1994-08-12,3.073309953131568
1994-08-13,2.8040375897878267
1994-08-14,2.969482317717567
1994-08-15,3.939872875624033
1994-08-16,4.282322030914003
1994-08-17,3.5549812873970996
1994-08-18,2.84729440273552
1994-08-19,2.365604574136331
1994-08-20,2.005467235647533
1994-08-21,1.7136671870431315
1994-08-22,1.746138476210458
1994-08-23,1.815990765116748
1994-08-24,1.5798205695659064
1994-08-25,1.3936232862687055
1994-08-26,1.2516831340887256
1994-08-27,1.1424294962264643
1994-08-28,1.057549970329277
1994-08-29,0.991008127493613
1994-08-30,0.9383763706150908
1994-08-31,0.8963770036760789
1994-09-01,0.8625626879584339
1994-09-02,0.8350914389664377
1994-09-03,1.0008237015082388
1994-09-04,1.1582703606059839
1994-09-05,1.0665783941546778
1994-09-06,0.9947940979105329
1994-09-07,0.9381930883257361
1994-09-08,0.9027711607709973
1994-09-09,0.8715699644041522
1994-09-10,0.8394192415411674
1994-09-11,0.8132465404292001
1994-09-12,0.7917550021335567
1994-09-13,0.7739394258791803
1994-09-14,0.7590262814080094
1994-09-15,0.7464167067522748
1994-09-16,0.735644424144907
1994-09-17,0.7263444377314549
1994-09-18,0.8674804355603617
1994-09-19,1.1302766628039058
1994-09-20,1.165696553942402
1994-09-21,1.1098417603338113
1994-09-22,1.0949848829760562
1994-09-23,2.0826032954133313
1994-09-24,4.321630199270886
1994-09-25,4.798581963548876
1994-09-26,4.506120754862664
1994-09-27,4.251099830089082
1994-09-28,3.346403123344068
1994-09-29,2.6923722998503616
1994-09-30,2.216866830661044
1994-10-01,1.8667292217583382
1994-10-02,1.6058676830834002
1994-10-03,1.74158258771255
1994-10-04,2.2887702546198314
1994-10-05,2.3224717355132283
1994-10-06,1.9855773055690082
1994-10-07,1.742167188811554
1994-10-08,1.513680798164252
1994-10-09,1.3406945902464085
1994-10-10,1.2084570338302607
1994-10-11,1.1064054698494727
1994-10-12,1.0269254133557268
1994-10-13,1.034291348414446
1994-10-14,1.0992445818117926
1994-10-15,1.3374407376221482
1994-10-16,1.9824780984252994
1994-10-17,2.5044773939194664
1994-10-18,2.7265277227563947
1994-10-19,2.828390129861988
1994-10-20,3.097302579243445
1994-10-21,3.764914552018594
1994-10-22,4.058496095809031
1994-10-23,3.6099131761120624
1994-10-24,2.9427485774575257
1994-10-25,2.7334635477937295
1994-10-26,2.5851557172742776
1994-10-27,2.183525020342049
1994-10-28,1.9743812591211942
1994-10-29,1.7436573149255346
1994-10-30,1.5217518677572945
1994-10-31,1.6415988965946589
1994-11-01,1.7603141419235897
1994-11-02,2.09617837595783
1994-11-03,3.257495317412681
1994-11-04,5.282163176116799
1994-11-05,6.3474607661185845
1994-11-06,5.492267766932365
1994-11-07,4.566010668679447
1994-11-08,3.872299750652969
1994-11-09,3.270009307125683
1994-11-10,2.7467500217867253
1994-11-11,2.9190969486792073
1994-11-12,3.5131316279619065
1994-11-13,3.261649045400883
1994-11-14,2.6570955059441483
1994-11-15,2.2158210725137395
1994-11-16,1.8898154789955888
1994-11-17,1.6461630361800703
1994-11-18,1.6548538103303232
1994-11-19,2.0006877364571003
1994-11-20,2.508367309175066
1994-11-21,2.577298589141758
1994-11-22,2.3176842800337636
1994-11-23,2.3242989500644495
1994-11-24,2.2649985954301357
1994-11-25,2.800359814357297
1994-11-26,3.5129811890324016
1994-11-27,3.511620514268865
1994-11-28,3.0935006576541118
1994-11-29,2.540759597675993
1994-11-30,2.135858656522666
1994-12-01,1.8356885516749282
1994-12-02,1.6106171866133587
1994-12-03,1.440049153767055
1994-12-04,1.309475317184487
1994-12-05,1.553341599792984
1994-12-06,2.470269590364603
1994-12-07,5.295995102100801
1994-12-08,7.955750340539088
1994-12-09,8.070381272215721
1994-12-10,7.541127908427136
1994-12-11,7.58747076745973
1994-12-12,7.918681270573569
1994-12-13,6.777624389455588
1994-12-14,5.851305544768496
1994-12-15,5.022407154177368
1994-12-16,3.9498871219893146
1994-12-17,3.260769865043944
1994-12-18,4.085836647147203
1994-12-19,4.574362259344814
1994-12-20,3.6945375214333844
1994-12-21,3.485398916315939
1994-12-22,3.854541088340108
1994-12-23,3.704146238875161
1994-12-24,3.9925610211285245
1994-12-25,4.499787097556539
1994-12-26,4.856637897389629
1994-12-27,5.199503643276879
1994-12-28,4.468706915834585
1994-12-29,3.955060532007995
1994-12-30,3.596653393193065
1994-12-31,2.9462879763545384
1995-01-01,3.0999439912270925
1995-01-02,3.252660612688953
1995-01-03,2.7392087866523807
1995-01-04,3.9728325033357703
1995-01-05,5.458910724421542
1995-01-06,4.809629326308994
1995-01-07,4.2165611366655655
1995-01-08,4.506824548183648
1995-01-09,4.2798914724777175
1995-01-10,3.4482378183954854
1995-01-11,2.963662946521506
1995-01-12,3.117184377851167
1995-01-13,3.4670754911300445
1995-01-14,4.484489107671856
1995-01-15,5.348465993232679
1995-01-16,5.776001610558271
1995-01-17,6.0147251135225615
1995-01-18,5.275658720647238
1995-01-19,5.863423621217009
1995-01-20,7.510020524637277
1995-01-21,6.911536666454932
1995-01-22,5.795544098903366
1995-01-23,6.377261338583778
1995-01-24,6.223568549723018
1995-01-25,6.26263056829617
1995-01-26,6.657305382707693
1995-01-27,5.644012663578553
1995-01-28,10.175659291136528
1995-01-29,12.792304735257808
1995-01-30,8.409239931284676
1995-01-31,6.735076427047997
1995-02-01,5.685306869217926
1995-02-02,4.683622182602099
1995-02-03,4.055627989370428
1995-02-04,3.6108281484079097
1995-02-05,3.0111723293672927
1995-02-06,2.572782320662987
1995-02-07,2.248848193633784
1995-02-08,2.4531269841223224
1995-02-09,2.8217470796133344
1995-02-10,2.6148879929370605
1995-02-11,2.278812973353561
1995-02-12,2.0273738108073602
1995-02-13,1.837200555667012
1995-02-14,1.6918125683281005
1995-02-15,1.8896239910271968
1995-02-16,2.2000163485687687
1995-02-17,2.172666479256229
1995-02-18,2.362664187968608
1995-02-19,2.692722687173586
1995-02-20,3.2284590703993357
1995-02-21,4.174543495336134
1995-02-22,4.271527625160764
1995-02-23,3.484910054138755
1995-02-24,2.9166569623995664
1995-02-25,2.5005248080934197
1995-02-26,2.1919355219927303
1995-02-27,1.9603937605808728
1995-02-28,1.784724898284196
1995-03-01,2.318009148349991
1995-03-02,3.4762511284861226
1995-03-03,4.246482702734294
1995-03-04,3.939189039558008
1995-03-05,3.8903711778478076
1995-03-06,3.618438414902517
1995-03-07,3.3813895298442618
1995-03-08,3.197986499237189
1995-03-09,2.7089060993276632
1995-03-10,2.348447618466569
1995-03-11,2.1799694669660767
1995-03-12,2.1907334146068886
1995-03-13,2.1415268762370285
1995-03-14,1.9363805298067536
1995-03-15,1.8898323705195565
1995-03-16,1.8076411938081536
1995-03-17,1.667457644915799
1995-03-18,1.5590423444920594
1995-03-19,1.4743438476800366
1995-03-20,1.407507891561082
1995-03-21,1.3542355817062617
1995-03-22,1.3113411681550176
1995-03-23,1.276443678562945
1995-03-24,1.279973810760149
1995-03-25,1.3340148254565765
1995-03-26,1.3410847710727358
1995-03-27,1.3633946435967592
1995-03-28,1.9923487706038212
1995-03-29,2.6365136252745973
1995-03-30,2.397883497135758
1995-03-31,2.14232359166953
1995-04-01,1.951331246310288
1995-04-02,1.7725098103296437
1995-04-03,1.7420061020181
1995-04-04,1.7357657484307207
1995-04-05,1.7461661697598199
1995-04-06,1.7729559569550422
1995-04-07,1.6279934832995873
1995-04-08,1.5159787708657635
1995-04-09,1.4286411200651867
1995-04-10,1.359867550524384
1995-04-11,1.3051749262610197
1995-04-12,1.264672051636403
1995-04-13,1.235934415567738
1995-04-14,1.2046758329514808
1995-04-15,1.1788547713392525
1995-04-16,1.1774042167993828
1995-04-17,1.2046281321859256
1995-04-18,1.179996140513323
1995-04-19,1.1560546035660588
1995-04-20,1.1575050924306198
1995-04-21,1.1966605341878214
1995-04-22,1.190736289635225
1995-04-23,1.1663957198686201
1995-04-24,1.1415351095880129
1995-04-25,1.1207736320692858
1995-04-26,1.1032423791866772
1995-04-27,1.08827037016528
1995-04-28,1.0753364347625103
1995-04-29,1.0640335356004482
1995-04-30,1.0540421231401798
1995-05-01,1.0451101011449142
1995-05-02,1.0370376658326717
1995-05-03,1.0296657634040525
1995-05-04,1.0228672517783959
1995-05-05,1.0165400960403608
1995-05-06,1.0106021024765433
1995-05-07,1.0049868232263932
1995-05-08,0.9996403563866773
1995-05-09,0.9945188346094699
1995-05-10,0.9895864456624741
1995-05-11,0.9848138659316632
1995-05-12,0.9801770159083567
1995-05-13,0.9756560678108172
1995-05-14,0.9712346514507145
1995-05-15,0.9668992165831031
1995-05-16,1.0250913674498514
1995-05-17,1.1002793996530664
1995-05-18,1.0712060897453959
1995-05-19,1.0461819406945196
1995-05-20,1.0254131045843484
1995-05-21,1.007986362288299
1995-05-22,0.9931992594649305
1995-05-23,0.9969252356164708
1995-05-24,1.0835810965711503
1995-05-25,1.1352931573542027
1995-05-26,1.092685933189502
1995-05-27,1.0582319135990517
1995-05-28,1.0301306498240337
1995-05-29,1.0069738144521136
1995-05-30,0.9876887940506306
1995-05-31,0.9714531266243854
1995-06-01,0.9576321598511482
1995-06-02,0.945733248365669
1995-06-03,0.935371838278174
1995-06-04,0.9698000870390335
1995-06-05,1.0123778068744862
1995-06-06,1.0633419443496037
1995-06-07,1.1130311551290275
1995-06-08,1.0965567907808982
1995-06-09,1.0807229191369647
1995-06-10,1.051754862729898
1995-06-11,1.0561397858207786
1995-06-12,1.0786853772961311
1995-06-13,1.0586620066040215
1995-06-14,1.0203525948916685
1995-06-15,0.9892756893449465
1995-06-16,0.9638368316588403
1995-06-17,0.942801916290672
1995-06-18,0.9252271120944404
1995-06-19,0.9103859084887644
1995-06-20,0.8977156765209413
1995-06-21,0.8867782118716172
1995-06-22,0.8772303826965838
1995-06-23,0.8688021400513143
1995-06-24,0.8612799342059332
1995-06-25,0.8544941290667128
1995-06-26,0.848309393882008
1995-06-27,0.8426173265013168
1995-06-28,0.8637097864921301
1995-06-29,0.8916326721831013
1995-06-30,0.8779100716895302
1995-07-01,0.86487787571044
1995-07-02,0.8559318556615242
1995-07-03,0.8684404562309957
1995-07-04,0.9492859610470353
1995-07-05,1.0143086649852677
1995-07-06,1.0000198538358933
1995-07-07,1.1203984784126944
1995-07-08,1.2253707859853384
1995-07-09,1.1594372709490786
1995-07-10,1.0862467436593135
1995-07-11,1.0263427315243983
1995-07-12,0.9787197992363305
1995-07-13,0.9405820159499347
1995-07-14,0.9355729076772271
1995-07-15,0.9272984485281603
1995-07-16,0.8981067559983201
1995-07-17,0.9193630750141506
1995-07-18,0.9392443642205408
1995-07-19,0.9061918981695961
1995-07-20,0.8792632226729755
1995-07-21,0.857142250479944
1995-07-22,0.8387913132390906
1995-07-23,0.8234132725830103
1995-07-24,0.8399133579387715
1995-07-25,0.8656331816862325
1995-07-26,0.8515826989324067
1995-07-27,0.8318311546483669
1995-07-28,0.8153418826199544
1995-07-29,0.8014530641863553
1995-07-30,0.7899178130881391
1995-07-31,0.7798208157696457
1995-08-01,0.7709111254924811
1995-08-02,0.7679805997583773
1995-08-03,0.8082918499792996
1995-08-04,0.9309288977478177
1995-08-05,1.013843257860718
1995-08-06,0.9810737064295328
1995-08-07,0.9493275154983937
1995-08-08,0.9158363800936152
1995-08-09,0.8770801806515749
1995-08-10,0.8458030623540179
1995-08-11,0.9186390906663529
1995-08-12,1.3146170413523532
1995-08-13,1.5468018615427226
1995-08-14,1.3711149711146724
1995-08-15,1.2327142288379653
1995-08-16,1.122729381735401
1995-08-17,1.0373613140506686
1995-08-18,0.9705045645869044
1995-08-19,0.9176796356091862
1995-08-20,0.8755730677986443
1995-08-21,0.8417126545548737
1995-08-22,0.8142389742836462
1995-08-23,0.8212563204313089
1995-08-24,0.8370016298342073
1995-08-25,0.8142196717260276
1995-08-26,0.852598468459837
1995-08-27,0.9902312778423199
1995-08-28,1.390809036662316
1995-08-29,1.6334178036172526
1995-08-30,1.4230824499590449
1995-08-31,1.2633389621782358
1995-09-01,1.1437672781492216
1995-09-02,1.0499103160399794
1995-09-03,0.975320870134257
1995-09-04,0.9166312605765449
1995-09-05,0.8700505409985978
1995-09-06,0.8327576661555999
1995-09-07,0.8026379778141471
1995-09-08,0.7990506183213778
1995-09-09,0.8025820257591533
1995-09-10,0.778539645431325
1995-09-11,0.7574695209695302
1995-09-12,0.7664978008870725
1995-09-13,0.7851001671778786
1995-09-14,0.7638760732258665
1995-09-15,0.7868604739166133
1995-09-16,0.8115561446468447
1995-09-17,0.9653322044200491
1995-09-18,1.543066296778328
1995-09-19,1.8036009327530673
1995-09-20,1.5434008319110202
1995-09-21,1.3473482691600909
1995-09-22,1.1982956240885632
1995-09-23,1.083878151680582
1995-09-24,0.9952352361282529
1995-09-25,0.9259470312748851
1995-09-26,0.8713146386746055
1995-09-27,0.8350355213373292
1995-09-28,0.8095907843253466
1995-09-29,0.7814375016002532
1995-09-30,0.7596776554611276
1995-10-01,0.7373017039313728
1995-10-02,0.7188516490177834
1995-10-03,0.7638315018092069
1995-10-04,0.8031982720789328
1995-10-05,0.77061970768472
1995-10-06,0.7441645403412425
1995-10-07,0.7225244017618921
1995-10-08,0.7729612130408917
1995-10-09,0.9160461810688596
1995-10-10,0.98454564510702
1995-10-11,1.032952647899421
1995-10-12,1.0333098516165833
1995-10-13,0.9489822882388649
1995-10-14,0.8829340119712618
1995-10-15,0.8470920063971774
1995-10-16,1.4234360305752691
1995-10-17,1.9819583507375607
1995-10-18,2.5443137956069766
1995-10-19,2.9659641381377373
1995-10-20,2.3963638890304915
1995-10-21,2.7234035789329645
1995-10-22,3.594156700697232
1995-10-23,3.4179572121942563
1995-10-24,2.7255041149116224
1995-10-25,2.2230418441001443
1995-10-26,1.8539487920683146
1995-10-27,1.5796004050950476
1995-10-28,1.3734313177439876
1995-10-29,1.2169044519331
1995-10-30,1.096913259737083
1995-10-31,1.004078336105234
1995-11-01,0.9316126644900685
1995-11-02,0.8745546082579612
1995-11-03,0.8292424836945861
1995-11-04,0.7929501425869901
1995-11-05,0.7636313082395536
1995-11-06,0.7397382853996306
1995-11-07,0.7200921232665706
1995-11-08,0.7037887600533081
1995-11-09,0.6901305844913573
1995-11-10,0.678576121891877
1995-11-11,0.6687027597595403
1995-11-12,0.6918702428968456
1995-11-13,0.7203476030493564
1995-11-14,0.7965432924815102
1995-11-15,0.8733297492630206
1995-11-16,0.8487704993543864
1995-11-17,0.8365947128252552
1995-11-18,0.9305507358510465
1995-11-19,1.0211444350952457
1995-11-20,0.9375203496763157
1995-11-21,0.9270083323264111
1995-11-22,0.9295944137696236
1995-11-23,0.8653369889544699
1995-11-24,0.8145305820675038
1995-11-25,0.7740467108087858
1995-11-26,0.7415159938696108
1995-11-27,0.7151532347403511
1995-11-28,0.6936034538370547
1995-11-29,0.6812261411800568
1995-11-30,0.6761794429330822
1995-12-01,0.6609513449907037
1995-12-02,0.6481785877856417
1995-12-03,0.778485688873973
1995-12-04,0.9821872704060342
1995-12-05,0.9720971116303786
1995-12-06,0.8938807006048619
1995-12-07,0.8840104179163392
1995-12-08,0.9054864720381594
1995-12-09,0.8578711491110104
1995-12-10,0.8035187781187368
1995-12-11,0.7603317933864125
1995-12-12,0.7257390044231804
1995-12-13,0.6977976059433625
1995-12-14,0.6750364238249281
1995-12-15,0.7318696699206758
1995-12-16,0.7910262789359913
1995-12-17,0.7485017034050526
1995-12-18,0.7143903868575753
1995-12-19,0.6868313111605825
1995-12-20,0.6643771683431557
1995-12-21,0.6459237501804884
1995-12-22,0.6306230667932411
1995-12-23,0.617819872016759
1995-12-24,0.607004914650782
1995-12-25,0.5977802465523758
1995-12-26,0.6951203200684469
1995-12-27,0.7962629321622079
1995-12-28,1.2593504336970134
1995-12-29,3.7046013819392836
1995-12-30,5.906610907048847
1995-12-31,5.600299701277556
1996-01-01,5.367871932409582
1996-01-02,5.109249705973663
1996-01-03,4.290058310358041
1996-01-04,3.592713983406829
1996-01-05,2.960510098969302
1996-01-06,2.3854545170000723
1996-01-07,1.9652778534650326
1996-01-08,1.654496703948275
1996-01-09,1.4220277608174359
1996-01-10,1.2463074215090157
1996-01-11,1.1121703506614173
1996-01-12,1.0088168556932111
1996-01-13,0.9284673939709954
1996-01-14,0.865458436661057
1996-01-15,0.8156264509924197
1996-01-16,0.7758827925203805
1996-01-17,0.7439168516956385
1996-01-18,0.7179864703577087
1996-01-19,0.6967684502605294
1996-01-20,0.6792509003827756
1996-01-21,0.6646550173295355
1996-01-22,0.6523777732356845
1996-01-23,0.6419495908135165
1996-01-24,0.6405209862497371
1996-01-25,1.0284676446909302
1996-01-26,1.2727792089693284
1996-01-27,1.2694835109157936
1996-01-28,1.1242010877484871
1996-01-29,1.1835278267269866
1996-01-30,1.2951522180438968
1996-01-31,1.1890589149088757
1996-02-01,1.0623378807881207
1996-02-02,0.9645544287771427
1996-02-03,0.8884458091881685
1996-02-04,0.8286950085867218
1996-02-05,0.7813885555276002
1996-02-06,0.7589916483915315
1996-02-07,0.7918571975598327
1996-02-08,0.9366237537070518
1996-02-09,1.3238284695440596
1996-02-10,1.4475339378479362
1996-02-11,1.6824795720687753
1996-02-12,2.051889248378633
1996-02-13,2.0180137281892567
1996-02-14,1.9461825385826446
1996-02-15,2.0291002378661984
1996-02-16,2.610501968107187
1996-02-17,2.777328434890489
1996-02-18,2.248334087178986
1996-02-19,1.8606202290095857
1996-02-20,1.5730350409849991
1996-02-21,1.3573502476561534
1996-02-22,1.1939158095869964
1996-02-23,1.0688686558668106
1996-02-24,1.5493427535531221
1996-02-25,2.5857808099158226
1996-02-26,2.610016996780826
1996-02-27,2.129115112296262
1996-02-28,1.775035714868409
1996-02-29,1.5115097248777862
1996-03-01,1.3132432784712134
1996-03-02,1.1625580319602136
1996-03-03,1.0469358865656635
1996-03-04,0.9574060837073955
1996-03-05,0.8874688950900346
1996-03-06,0.9344441005300035
1996-03-07,0.9681904940005447
1996-03-08,0.8951226190110996
1996-03-09,0.8376518423092247
1996-03-10,0.8317832717051563
1996-03-11,0.8116245372749794
1996-03-12,0.7708505568863285
1996-03-13,0.8646778252836261
1996-03-14,0.975301094813542
1996-03-15,0.9288333868020419
1996-03-16,0.8621002340185503
1996-03-17,0.8094521925331012
1996-03-18,0.7675665040920722
1996-03-19,0.7339630105285643
1996-03-20,0.706775610568696
1996-03-21,0.6845897078292853
1996-03-22,0.6663254609983752
1996-03-23,0.6511531617824942
1996-03-24,0.6384313729139389
1996-03-25,0.6276613402511514
1996-03-26,0.6184531432270585
1996-03-27,0.6105003818308609
1996-03-28,0.6035611198808678
1996-03-29,0.5974434470674922
1996-03-30,0.5919944745025753
1996-03-31,0.5870918994387998
1996-04-01,0.5826375043821658
1996-04-02,0.5979944220758366
1996-04-03,1.0889053804355167
1996-04-04,1.7361341690523615
1996-04-05,1.7856483423875398
1996-04-06,1.9468640939848576
1996-04-07,1.9391792992791703
1996-04-08,1.779286700446064
1996-04-09,1.7987336680232813
1996-04-10,1.6867278343832874
1996-04-11,1.481664102522804
1996-04-12,1.28126539662773
1996-04-13,1.1288275970204895
1996-04-14,1.0119503085328627
1996-04-15,0.9215237014693219
1996-04-16,0.850950489803612
1996-04-17,0.7954040912082538
1996-04-18,0.7513199698061223
1996-04-19,0.7160425423075999
1996-04-20,0.6875772553198539
1996-04-21,0.8033811505187377
1996-04-22,0.9366349260779069
1996-04-23,0.8826126023491273
1996-04-24,0.8325648497185094
1996-04-25,0.780737643373853
1996-04-26,0.7376204179519402
1996-04-27,0.7031009080122222
1996-04-28,0.6752351126831933
1996-04-29,0.6525510543484042
1996-04-30,0.6339262778628111
1996-05-01,0.6184991850972819
1996-05-02,0.6056043023604282
1996-05-03,0.5947246358872333
1996-05-04,0.5854563361579489
1996-05-05,0.5774823022803678
1996-05-06,0.5705523305901322
1996-05-07,0.5644680891556461
1996-05-08,0.5590716759625853
1996-05-09,0.5542368559480129
1996-05-10,0.5498623130928227
1996-05-11,0.5458664273020252
1996-05-12,0.5433509033898971
1996-05-13,0.5456009100341743
1996-05-14,0.5423212150485334
1996-05-15,0.5382434804762161
1996-05-16,0.8019714001552353
1996-05-17,1.1038453310066176
1996-05-18,0.9805378185407299
1996-05-19,0.8852302463942131
1996-05-20,0.8110711082457943
1996-05-21,0.7528806890797634
1996-05-22,0.7068440326064115
1996-05-23,0.6701261185249195
1996-05-24,0.6727710485206108
1996-05-25,0.7762972741473179
1996-05-26,0.8220385400892548
1996-05-27,0.7600992495644987
1996-05-28,0.7111520069160798
1996-05-29,0.6722058520660653
1996-05-30,0.6947356088125574
1996-05-31,0.8365828762388509
1996-06-01,1.0277790609617385
1996-06-02,1.6640450844394703
1996-06-03,2.4875198227698383
1996-06-04,2.651254810864176
1996-06-05,2.550531998469594
1996-06-06,2.293407699822906
1996-06-07,1.977170534365543
1996-06-08,1.9490150453163038
1996-06-09,2.0615443740397548
1996-06-10,1.9153401070810567
1996-06-11,1.7928819959352111
1996-06-12,1.6730727938847831
1996-06-13,1.4156085622857562
1996-06-14,1.2217214087575756
1996-06-15,1.6364922671472606
1996-06-16,2.147313499936509
1996-06-17,1.8749614122500262
1996-06-18,1.5682372273532177
1996-06-19,1.3387387931452024
1996-06-20,1.2151557902528
1996-06-21,1.1204907714966639
1996-06-22,1.2627974015572045
1996-06-23,1.432990760004482
1996-06-24,1.5890557636326166
1996-06-25,1.6615130205097162
1996-06-26,1.5964882916628909
1996-06-27,1.9969996291620333
1996-06-28,2.0638392410832496
1996-06-29,1.7116150111583421
1996-06-30,1.4492282729917958
1996-07-01,1.2518574437694199
1996-07-02,1.6620897589208043
1996-07-03,2.0125069218034732
1996-07-04,1.6750890733377732
1996-07-05,1.4232468526937982
1996-07-06,1.4011477820817666
1996-07-07,1.4309795913868968
1996-07-08,1.2555501754988851
1996-07-09,1.1078645996984429
1996-07-10,0.9929588067237755
1996-07-11,0.9040307703633425
1996-07-12,0.8346077114368441
1996-07-13,0.7799525450832818
1996-07-14,0.7365656809365443
1996-07-15,0.7056741387945192
1996-07-16,0.6794293660963965
1996-07-17,0.6557698833651042
1996-07-18,0.6361388457300339
1996-07-19,0.6199194209459709
1996-07-20,0.606397541213238
1996-07-21,0.6301823912591626
1996-07-22,0.6825977013191667
1996-07-23,0.6790532326929156
1996-07-24,0.652859226825521
1996-07-25,0.6314792705548188
1996-07-26,0.6138989405367804
1996-07-27,0.5993145354828939
1996-07-28,0.5871046922811841
1996-07-29,0.6148741842683471
1996-07-30,0.6396339329476991
1996-07-31,0.6188246067071292
1996-08-01,0.6016759855965437
1996-08-02,0.5874461257336653
1996-08-03,0.6203540361215363
1996-08-04,1.0619023011946938
1996-08-05,2.281243646263657
1996-08-06,3.0414355214989652
1996-08-07,2.713825990118032
1996-08-08,2.306892125460679
1996-08-09,1.979788182835928
1996-08-10,1.977003851752529
1996-08-11,1.9978265659031778
1996-08-12,1.6603727711276115
1996-08-13,1.4083218592629558
1996-08-14,1.21848981323338
1996-08-15,1.078570920929004
1996-08-16,1.3438436945523076
1996-08-17,1.5925994706078883
1996-08-18,1.365574218919382
1996-08-19,1.186571687017951
1996-08-20,1.0501364113324778
1996-08-21,0.9553133303685208
1996-08-22,0.8766502540234865
1996-08-23,0.8100806895060354
1996-08-24,0.7576057931292991
1996-08-25,0.7159058120667693
1996-08-26,0.6824957697122072
1996-08-27,0.6555064516958499
1996-08-28,0.6335212453592872
1996-08-29,0.6428266791523242
1996-08-30,0.6560733704493643
1996-08-31,0.6330501653923243
1996-09-01,0.6141535642648744
1996-09-02,0.598531051263123
1996-09-03,0.585499273234258
1996-09-04,0.5745278059547122
1996-09-05,0.5713172805929724
1996-09-06,0.5878440514407701
1996-09-07,0.5885294472547412
1996-09-08,0.5757094335728131
1996-09-09,0.5649007788643631
1996-09-10,0.5557141124988801
1996-09-11,0.5478295979353026
1996-09-12,0.6003836242410389
1996-09-13,0.652181987651227
1996-09-14,0.6251374458118367
1996-09-15,0.6152284918799259
1996-09-16,0.6110639595278055
1996-09-17,0.617142129271092
1996-09-18,0.6405179577537576
1996-09-19,0.6312965423182109
1996-09-20,0.6066607299263407
1996-09-21,0.5890795889539568
1996-09-22,0.7062923629624324
1996-09-23,0.8098803974611813
1996-09-24,0.7471251093301347
1996-09-25,0.7228249424410876
1996-09-26,0.7964659591954595
1996-09-27,0.8372391952106198
1996-09-28,0.7742163509722415
1996-09-29,0.7182460304781255
1996-09-30,0.6761507200692515
1996-10-01,0.6439790882698525
1996-10-02,0.6144674449224389
1996-10-03,0.590527000445775
1996-10-04,0.5709793062332549
1996-10-05,0.554884569565626
1996-10-06,0.5415186321639245
1996-10-07,0.5303201488345404
1996-10-08,0.5208515299007342
1996-10-09,0.5391321854526515
1996-10-10,0.5978038212817288
1996-10-11,0.610135376351215
1996-10-12,0.6563738849530866
1996-10-13,0.7971397202961644
1996-10-14,0.8257422093639081
1996-10-15,0.7542724666128798
1996-10-16,0.7560149161607422
1996-10-17,0.7626502574538008
1996-10-18,0.7479766955946135
1996-10-19,0.7411757260965915
1996-10-20,0.7547843879005015
1996-10-21,0.804133679196437
1996-10-22,0.9374912440565485
1996-10-23,1.0146526627972785
1996-10-24,0.899698518595283
1996-10-25,0.8107475206108248
1996-10-26,0.7414098262620811
1996-10-27,0.7357686875151854
1996-10-28,0.7381453353974329
1996-10-29,0.684080154975748
1996-10-30,0.8022467398567441
1996-10-31,0.9133638321264995
1996-11-01,1.1177644274051353
1996-11-02,1.4807876574242484
1996-11-03,1.4269821272933563
1996-11-04,1.2134609415830286
1996-11-05,1.0517300360804647
1996-11-06,0.9587361774916524
1996-11-07,0.8953042612745649
1996-11-08,0.807358482796985
1996-11-09,0.7387496566250201
1996-11-10,0.6848073342343847
1996-11-11,0.642057077158546
1996-11-12,0.6079092511932088
1996-11-13,0.5804179762967533
1996-11-14,0.5581099955047809
1996-11-15,0.5398619727876955
1996-11-16,0.525415119369852
1996-11-17,0.5150855828897295
1996-11-18,0.5040829732885638
1996-11-19,0.5100896821322735
1996-11-20,0.6283399476174365
1996-11-21,0.7073733550376934
1996-11-22,0.6569953828155742
1996-11-23,0.6169467286253542
1996-11-24,0.5849029711320463
1996-11-25,0.5590632493177424
1996-11-26,1.2383405442541462
1996-11-27,2.1946017292429665
1996-11-28,2.245643332145321
1996-11-29,2.4233516483628805
1996-11-30,2.6737057947682596
1996-12-01,2.4478073562927576
1996-12-02,2.4916606967262704
1996-12-03,2.7721932693679903
1996-12-04,2.570223951572956
1996-12-05,2.670441112476112
1996-12-06,2.4544323823695757
1996-12-07,2.0585049331577228
1996-12-08,1.6907237372598916
1996-12-09,1.4175235653526066
1996-12-10,1.2328178827778842
1996-12-11,1.1026632086113695
1996-12-12,1.1069097704093005
1996-12-13,1.1223287353471292
1996-12-14,1.7982355532301035
1996-12-15,3.2644901280994962
1996-12-16,3.602061595957976
1996-12-17,3.133931806603812
1996-12-18,3.1906965694385256
1996-12-19,3.042765427617694
1996-12-20,2.4202291513193424
1996-12-21,2.056981216902031
1996-12-22,2.1274298763556714
1996-12-23,2.0622281422616617
1996-12-24,1.7047289202765665
1996-12-25,1.4386968262258726
1996-12-26,1.2386896463165025
1996-12-27,1.2823158787911175
1996-12-28,1.3317535036850794
1996-12-29,1.157975921421786
1996-12-30,1.1955569575963703
1996-12-31,1.529764227548913
1997-01-01,2.3683080777936243
1997-01-02,3.3493141797304258
1997-01-03,3.6176855873517617
1997-01-04,3.2340753094287074
1997-01-05,3.2441576687057343
1997-01-06,3.196047303118668
1997-01-07,2.5432629648997778
1997-01-08,2.0686192053023458
1997-01-09,1.7192977851555709
1997-01-10,1.4592087231605824
1997-01-11,1.533367743529988
1997-01-12,1.7318838548809634
1997-01-13,1.8023180054701478
1997-01-14,1.7249540224936293
1997-01-15,1.4648511114501563
1997-01-16,1.269031539834286
1997-01-17,1.1201854130013231
1997-01-18,1.0244873705782156
1997-01-19,0.9598379517142009
1997-01-20,0.8815003373766817
1997-01-21,0.9365535127157504
1997-01-22,1.4244702008761
1997-01-23,2.0940331876260507
1997-01-24,2.4171927369061854
1997-01-25,2.519562895613254
1997-01-26,3.0146830890501444
1997-01-27,3.043887388496952
1997-01-28,2.4402006412695294
1997-01-29,2.312596046912909
1997-01-30,2.503914592135528
1997-01-31,2.1006109490103344
1997-02-01,1.7511513751090175
1997-02-02,1.4909226065676673
1997-02-03,1.2950414411864155
1997-02-04,1.1461036177952328
1997-02-05,1.0317768758565744
1997-02-06,1.489389459324993
1997-02-07,1.9136674440684882
1997-02-08,1.6128420741187977
1997-02-09,1.387560968114781
1997-02-10,1.2170928406220314
1997-02-11,1.3532948392796362
1997-02-12,2.195741633158877
1997-02-13,3.325697947167365
1997-02-14,4.988817180680962
1997-02-15,5.635338762434825
1997-02-16,5.112221150428806
1997-02-17,3.9320389387526204
1997-02-18,3.094946679030741
1997-02-19,2.4925353009495645
1997-02-20,2.053101990166502
1997-02-21,1.7285631524004745
1997-02-22,1.4861285949042775
1997-02-23,1.3030949310074418
1997-02-24,1.1724074748950861
1997-02-25,1.6973474199560723
1997-02-26,2.698663889725525
1997-02-27,3.6134078704665757
1997-02-28,3.890526866900046
1997-03-01,3.2613229771716417
1997-03-02,2.6193937246420274
1997-03-03,2.152229019356068
1997-03-04,1.808009277704911
1997-03-05,1.551416479727708
1997-03-06,1.3580690519715226
1997-03-07,1.220110498105332
1997-03-08,1.110542085851214
1997-03-09,1.0199756734880534
1997-03-10,0.9501665764016102
1997-03-11,1.2009391200424056
1997-03-12,1.401565034326578
1997-03-13,1.7445637824325295
1997-03-14,2.6681387365083786
1997-03-15,3.806342300722834
1997-03-16,4.383360385697499
1997-03-17,4.058375436801251
1997-03-18,3.5198382289771195
1997-03-19,2.88381830761169
1997-03-20,2.3588972878743952
1997-03-21,2.0260438143653103
1997-03-22,1.7861933561496934
1997-03-23,1.5416681235556797
1997-03-24,1.3570177897807714
1997-03-25,1.2928269538750914
1997-03-26,1.2435441912873175
1997-03-27,1.1287753351770888
1997-03-28,1.0397271147722973
1997-03-29,0.9700627898408064
1997-03-30,0.9166858099926292
1997-03-31,1.1543436514500054
1997-04-01,1.3445140262160518
1997-04-02,1.204573534096051
1997-04-03,1.0966762028997241
1997-04-04,1.0128558074141885
1997-04-05,0.9471549777767271
1997-04-06,0.8952026703719139
1997-04-07,0.8537620438612632
1997-04-08,0.8260890194551599
1997-04-09,0.8023068124257442
1997-04-10,0.90524716166161
1997-04-11,1.0128216321726897
1997-04-12,0.9450647510061453
1997-04-13,0.8911634306714863
1997-04-14,0.8479299391511329
1997-04-15,0.8132137955178623
1997-04-16,0.785090848715749
1997-04-17,0.7629205649259151
1997-04-18,0.7441161532300451
1997-04-19,0.7281434724390284
1997-04-20,0.7147201363860999
1997-04-21,0.7033257474166588
1997-04-22,0.6935538748041825
1997-04-23,0.6850854465877104
1997-04-24,0.7392889880593027
1997-04-25,0.8136697660497568
1997-04-26,0.8447962850206898
1997-04-27,0.8758965411312521
1997-04-28,0.839973494179792
1997-04-29,0.8008554550506654
1997-04-30,0.7693524746941472
1997-05-01,0.7441010094848578
1997-05-02,0.7314146229756776
1997-05-03,0.7286171190206066
1997-05-04,0.7767728096980536
1997-05-05,0.8051024719065428
1997-05-06,0.7704319390806157
1997-05-07,0.7423397490109139
1997-05-08,0.7194194193533643
1997-05-09,0.7005502189346932
1997-05-10,0.6848720510243131
1997-05-11,0.6717207281936571
1997-05-12,0.6605803466227108
1997-05-13,0.6510479735358221
1997-05-14,0.6428072751978106
1997-05-15,0.6356086877068995
1997-05-16,0.6292544114197463
1997-05-17,0.6235869865213752
1997-05-18,0.6184805449590999
1997-05-19,0.6138340751497166
1997-05-20,0.609566209451318
1997-05-21,0.6056111702275823
1997-05-22,0.6019242664912519
1997-05-23,0.5984472622927527
1997-05-24,0.595146737101579
1997-05-25,0.600147341694348
1997-05-26,0.6015743539822488
1997-05-27,0.5967090350875441
1997-05-28,0.5922692469499439
1997-05-29,0.5881880210244036
1997-05-30,0.5844030141250453
1997-05-31,0.5808636765746615
1997-06-01,0.5775288866068669
1997-06-02,0.5922502834284993
1997-06-03,0.6183208092811149
1997-06-04,0.6098928553442229
1997-06-05,0.6002037471118967
1997-06-06,0.5918876956725111
1997-06-07,0.5878858222000464
1997-06-08,0.5874085057071669
1997-06-09,0.5809232541191504
1997-06-10,0.5745627270214221
1997-06-11,0.5748256126008098
1997-06-12,0.5757368498258569
1997-06-13,0.5696491489556065
1997-06-14,0.5638367889749029
1997-06-15,0.5598186967466886
1997-06-16,0.6121576163353432
1997-06-17,0.6662746698951988
1997-06-18,0.6415651546433273
1997-06-19,0.6651030130359286
1997-06-20,0.7060148454977552
1997-06-21,0.6805195622473287
1997-06-22,0.6512252989941895
1997-06-23,0.6274743305628258
1997-06-24,0.6080633913769825
1997-06-25,0.7129356794858727
1997-06-26,0.8668661657439373
1997-06-27,0.8250019700994363
1997-06-28,0.7639052665588307
1997-06-29,0.7156586639080147
1997-06-30,0.6775573877639481
1997-07-01,0.6552080231370875
1997-07-02,0.7034096165383411
1997-07-03,0.8859042227362655
1997-07-04,0.9594798536517101
1997-07-05,0.8730100782348025
1997-07-06,0.8468750836149262
1997-07-07,0.8142405258540956
1997-07-08,0.7536128039188629
1997-07-09,0.7057015433964434
1997-07-10,0.6675541156115918
1997-07-11,0.6369340401602058
1997-07-12,0.6121551733982168
1997-07-13,0.5919369076000802
1997-07-14,0.5752999279651266
1997-07-15,0.5614904889575946
1997-07-16,0.5499249415964812
1997-07-17,0.5401487728329705
1997-07-18,0.5318061343937431
1997-07-19,0.5246170152105712
1997-07-20,0.5183600264102295
1997-07-21,0.5128593373836293
1997-07-22,0.5079747030603654
1997-07-23,0.5035938080726637
1997-07-24,0.49962635814421263
1997-07-25,0.495999496810138
1997-07-26,0.5048758428867228
1997-07-27,0.5126332709074356
1997-07-28,0.5059412579032482
1997-07-29,0.5012891846725177
1997-07-30,0.4964424688828475
1997-07-31,0.4916090992742235
1997-08-01,0.4941356433919084
1997-08-02,0.49678601959537416
1997-08-03,0.4932261421169313
1997-08-04,0.48966063436939766
1997-08-05,0.5130371963250718
1997-08-06,0.550855258305437
1997-08-07,0.543904215844132
1997-08-08,0.5413942423916259
1997-08-09,0.5630289843446268
1997-08-10,0.5649948965167626
1997-08-11,0.5444545386671289
1997-08-12,0.5276094355851505
1997-08-13,0.5136899455955569
1997-08-14,0.5020874811676325
1997-08-15,0.49727994936135644
1997-08-16,0.4938148047007629
1997-08-17,0.48530909666926253
1997-08-18,0.4777292560874921
1997-08-19,0.4711997253262909
1997-08-20,0.4655194432528074
1997-08-21,0.460533233785555
1997-08-22,0.45896853171538554
1997-08-23,0.4569640513731718
1997-08-24,0.4525941274492742
1997-08-25,0.4486729163997471
1997-08-26,0.4509600151719438
1997-08-27,0.45431167681181667
1997-08-28,0.48125096616312707
1997-08-29,0.5763285026871027
1997-08-30,0.6211344797664861
1997-08-31,0.5833680474962636
1997-09-01,0.5532380147040504
1997-09-02,0.5392940504825396
1997-09-03,0.5320530904434552
1997-09-04,0.6107566968265231
1997-09-05,0.6806906426445117
1997-09-06,0.6293650062117523
1997-09-07,0.5886341137430107
1997-09-08,0.5561089389448691
1997-09-09,0.5299357026474044
1997-09-10,0.5087103360612447
1997-09-11,0.4913618509056668
1997-09-12,0.4770679084636617
1997-09-13,0.46519316628838453
1997-09-14,0.47933029356790396
1997-09-15,0.49437911746683394
1997-09-16,0.47872129215174297
1997-09-17,0.465667628159023
1997-09-18,0.4547291437900101
1997-09-19,0.44917262489292037
1997-09-20,0.53590547474727
1997-09-21,0.6147584779916281
1997-09-22,0.57355030868746
1997-09-23,0.5465542586393191
1997-09-24,0.5483324194439787
1997-09-25,0.539329265197786
1997-09-26,0.512771349886281
1997-09-27,0.4912486839757087
1997-09-28,0.47368211878959343
1997-09-29,0.45923125549533395
1997-09-30,0.4472470790387175
1997-10-01,0.43722543411165354
1997-10-02,0.43905449321496254
1997-10-03,0.441627124127731
1997-10-04,0.4319437980248646
1997-10-05,0.42375465569302123
1997-10-06,0.5507621234713389
1997-10-07,0.6879519407806226
1997-10-08,0.6713357299242443
1997-10-09,0.6600856874919874
1997-10-10,0.6056654308581393
1997-10-11,0.5626127185169812
1997-10-12,0.5446201975407675
1997-10-13,0.5973855826564708
1997-10-14,0.6514703497192004
1997-10-15,0.625774703998133
1997-10-16,0.619164852489148
1997-10-17,0.6685574558818952
1997-10-18,0.6579608003168096
1997-10-19,0.6030754136455556
1997-10-20,0.559665568223806
1997-10-21,0.525095694751325
1997-10-22,0.4973597170651314
1997-10-23,0.47494036682126767
1997-10-24,0.4566818568700279
1997-10-25,0.4416978587078472
1997-10-26,0.4293044104889332
1997-10-27,0.4324528867989114
1997-10-28,0.4534862906253076
1997-10-29,0.4588170764853657
1997-10-30,0.4607819571160153
1997-10-31,0.4549507064484646
1997-11-01,0.4388997245367216
1997-11-02,0.42565931155262543
1997-11-03,0.4146580259399495
1997-11-04,0.40544218691821987
1997-11-05,0.39765652279256153
1997-11-06,0.391021420520014
1997-11-07,0.3853157644993934
1997-11-08,0.39269858635861987
1997-11-09,0.4969115573310654
1997-11-10,0.7619536394139587
1997-11-11,1.1251722395973254
1997-11-12,1.252195522126397
1997-11-13,1.2924727288915585
1997-11-14,1.2882830555427331
1997-11-15,1.0837211163048586
1997-11-16,0.9286367907139796
1997-11-17,0.8668093173381473
1997-11-18,1.0021914093032738
1997-11-19,0.9703577997879332
1997-11-20,0.8430567848536673
1997-11-21,0.8326204381367908
1997-11-22,0.861957876252772
1997-11-23,0.7830822970693081
1997-11-24,0.6983298246687432
1997-11-25,0.6322356745161587
1997-11-26,0.6701095967445156
1997-11-27,0.7106973060262304
1997-11-28,0.6418125532712923
1997-11-29,0.587708857122511
1997-11-30,0.5885621942316228
1997-12-01,0.5988609045435787
1997-12-02,0.5535804011337581
1997-12-03,0.5197448891191152
1997-12-04,0.49143011373035655
1997-12-05,0.4676095011918681
1997-12-06,0.4482613137541189
1997-12-07,0.4324275416861212
1997-12-08,0.4194488310759974
1997-12-09,0.4086623233951503
1997-12-10,0.7276858088091109
1997-12-11,1.0809503001573983
1997-12-12,1.0574411195949114
1997-12-13,1.3447768423371187
1997-12-14,1.8073641387662827
1997-12-15,2.799995533935135
1997-12-16,3.4704294807054796
1997-12-17,2.788307428708888
1997-12-18,2.1972254162766593
1997-12-19,1.766218202230191
1997-12-20,1.448111175190249
1997-12-21,1.403174789747535
1997-12-22,1.3811950896054037
1997-12-23,1.161233094978367
1997-12-24,0.9948388514251515
1997-12-25,0.8678422137684957
1997-12-26,0.7700521495681448
1997-12-27,0.6941161992210629
1997-12-28,0.6346739518869259
1997-12-29,0.5877793008966976
1997-12-30,0.6838050653851512
1997-12-31,0.7767599677066341
1998-01-01,0.6989335111628957
1998-01-02,0.9065233938551936
1998-01-03,1.094201738955041
1998-01-04,1.0047104085624607
1998-01-05,1.1526664801922546
1998-01-06,1.3707404529652054
1998-01-07,1.4685565875430582
1998-01-08,1.5425953467335445
1998-01-09,1.7626095653387626
1998-01-10,1.8985481033520182
1998-01-11,1.7860946635749197
1998-01-12,1.5516041449902749
1998-01-13,1.2935705987134252
1998-01-14,1.0995248084782285
1998-01-15,0.9521842683273718
1998-01-16,0.8392711826255247
1998-01-17,0.7519845866300652
1998-01-18,0.6839459571150449
1998-01-19,0.6304852877092925
1998-01-20,0.5881512089131349
1998-01-21,0.5543706790553896
1998-01-22,0.5272098658396792
1998-01-23,0.565720528220829
1998-01-24,0.6070539840481871
1998-01-25,0.568677220825666
1998-01-26,0.5379270511495883
1998-01-27,0.7681267740513754
1998-01-28,0.9831306539258434
1998-01-29,0.8614365787025434
1998-01-30,0.7674824960262848
1998-01-31,0.6944360469494191
1998-02-01,0.8702969027536298
1998-02-02,1.0309401764664246
1998-02-03,0.8989063151285434
1998-02-04,1.7974702099993252
1998-02-05,2.699232953963495
1998-02-06,2.308371348006394
1998-02-07,1.898899378300371
1998-02-08,1.5546434963560642
1998-02-09,1.2984504831021402
1998-02-10,1.36964814764735
1998-02-11,2.762455638764111
1998-02-12,3.7056465610205405
1998-02-13,3.1757721187969072
1998-02-14,3.1449882467356467
1998-02-15,3.5136135414631386
1998-02-16,3.345041183175312
1998-02-17,2.621637846058245
1998-02-18,2.0979486084790726
1998-02-19,1.714105396810142
1998-02-20,1.4294214199376662
1998-02-21,1.2983375538181374
1998-02-22,1.602033974620725
1998-02-23,2.038080014570911
1998-02-24,2.621613381934675
1998-02-25,2.6180439983959167
1998-02-26,2.1007088262850084
1998-02-27,1.7211197397748652
1998-02-28,1.4394680327615212
1998-03-01,1.228199956793823
1998-03-02,1.0681175120723632
1998-03-03,0.9456652493251485
1998-03-04,1.0436889802494937
1998-03-05,1.705959653431553
1998-03-06,2.3717949212258578
1998-03-07,2.3027160590924254
1998-03-08,1.9007755272076743
1998-03-09,1.6133447140641477
1998-03-10,1.837789500969544
1998-03-11,1.942295062713723
1998-03-12,1.6091194569474532
1998-03-13,1.3604893883731461
1998-03-14,1.1731376927172017
1998-03-15,1.0305656999612989
1998-03-16,0.9210604147272212
1998-03-17,0.8362082186154387
1998-03-18,0.7698998738365869
1998-03-19,0.8685636833521757
1998-03-20,0.9559775518961696
1998-03-21,0.862796934621108
1998-03-22,1.2100592479693961
1998-03-23,1.5653996508837766
1998-03-24,1.5866511465698772
1998-03-25,1.5415347489269102
1998-03-26,1.3101596998811078
1998-03-27,1.1352912465933194
1998-03-28,1.0019261374808421
1998-03-29,0.8992763427116999
1998-03-30,0.8195738103944364
1998-03-31,0.757165261136527
1998-04-01,1.0606707490024156
1998-04-02,1.4633007408301266
1998-04-03,1.4260322579577336
1998-04-04,2.0426407817810497
1998-04-05,2.4757371585086068
1998-04-06,2.0103549227501687
1998-04-07,1.74238696743216
1998-04-08,1.510628312456099
1998-04-09,1.2985072204502657
1998-04-10,1.2269122465444533
1998-04-11,1.1255036917378005
1998-04-12,0.9972341087549758
1998-04-13,0.8982995936456247
1998-04-14,0.8228308028691377
1998-04-15,0.8830937690445971
1998-04-16,0.9621222110945623
1998-04-17,1.0088766156273425
1998-04-18,1.1391685811190848
1998-04-19,1.452245608422613
1998-04-20,1.6682924343231067
1998-04-21,1.487826767096245
1998-04-22,1.2852311418830809
1998-04-23,1.2707465057304945
1998-04-24,1.2277168473733358
1998-04-25,1.0758921997973607
1998-04-26,0.9594425691519284
1998-04-27,0.8693968800047909
1998-04-28,0.821660994594044
1998-04-29,0.7779701011715828
1998-04-30,0.7270679145207536
1998-05-01,0.6865592396496392
1998-05-02,0.6544887773429883
1998-05-03,0.6616510001756027
1998-05-04,0.7170992638629272
1998-05-05,0.7134123103016609
1998-05-06,0.6744452860983264
1998-05-07,0.643127644606409
1998-05-08,0.6580648668411301
1998-05-09,0.6672501511472299
1998-05-10,0.6366165171673759
1998-05-11,0.6117717808858754
1998-05-12,0.5914932312590017
1998-05-13,0.691839800121491
1998-05-14,0.9140712669717596
1998-05-15,1.1525307309627468
1998-05-16,1.445241281458296
1998-05-17,1.438381961999758
1998-05-18,1.2599026601117453
1998-05-19,1.1098815518229712
1998-05-20,1.3655888811840295
1998-05-21,2.0276857266121127
1998-05-22,2.092255472912847
1998-05-23,1.7520229458001986
1998-05-24,1.6979826324322047
1998-05-25,1.6834495800674218
1998-05-26,1.5639849919399926
1998-05-27,1.6122016465969375
1998-05-28,1.5483079140643987
1998-05-29,1.3177832394298872
1998-05-30,1.1435252338818191
1998-05-31,1.0106103876733108
1998-06-01,0.9082927463215887
1998-06-02,0.8288346198650688
1998-06-03,0.7666048151516037
1998-06-04,0.7174646885262149
1998-06-05,0.6783447317796667
1998-06-06,0.6469490571604984
1998-06-07,0.6870417389541789
1998-06-08,0.7179983542951338
1998-06-09,0.6777375966360569
1998-06-10,0.6454190099680894
1998-06-11,0.6193072819796356
1998-06-12,0.5980362702738072
1998-06-13,0.5805625389758301
1998-06-14,0.5660839228513882
1998-06-15,0.5539799591379836
1998-06-16,0.5437679647421525
1998-06-17,0.5483778251554715
1998-06-18,0.5571536356032701
1998-06-19,0.6309829678253724
1998-06-20,0.6974927552361204
1998-06-21,0.6576597945961918
1998-06-22,0.6256902141985686
1998-06-23,0.7540378815492316
1998-06-24,1.2971878251463103
1998-06-25,1.613692346954533
1998-06-26,1.3850228938010847
1998-06-27,1.1877943326031521
1998-06-28,1.044105862014607
1998-06-29,0.9409007392209419
1998-06-30,0.8535818610044589
1998-07-01,0.7809536904525979
1998-07-02,0.7232334495019583
1998-07-03,0.6775754553467653
1998-07-04,0.6411681373177526
1998-07-05,0.6119042308537046
1998-07-06,0.5881920679537577
1998-07-07,0.5973191669295698
1998-07-08,0.6140300024253186
1998-07-09,0.5922502920878708
1998-07-10,0.571300210955991
1998-07-11,0.5541040518950235
1998-07-12,0.5398692535821852
1998-07-13,0.5279823787280428
1998-07-14,0.517966190849139
1998-07-15,0.5094473997903218
1998-07-16,0.5021325281571896
1998-07-17,0.4957897326811631
1998-07-18,0.49023502423428095
1998-07-19,0.48532175944296757
1998-07-20,0.4809325815910479
1998-07-21,0.48166666249037077
1998-07-22,0.5230809647411133
1998-07-23,0.5557213568682754
1998-07-24,0.5552155862589646
1998-07-25,0.5764234832743464
1998-07-26,0.5701092871738634
1998-07-27,0.5501282041634352
1998-07-28,0.5326141109594847
1998-07-29,0.5174441792591052
1998-07-30,0.504846672531667
1998-07-31,0.49429294639932836
1998-08-01,0.48537066442816323
1998-08-02,0.47775664685891095
1998-08-03,0.47119632067046663
1998-08-04,0.46548820436672106
1998-08-05,0.4604721207257337
1998-08-06,0.4696103620847387
1998-08-07,0.5039999942911003
1998-08-08,0.5142765946969059
1998-08-09,0.5192554039639516
1998-08-10,0.6247990646658061
1998-08-11,0.756959249925
1998-08-12,0.752230246926981
1998-08-13,0.7028412805325511
1998-08-14,0.6543551146121847
1998-08-15,0.6912544726339654
1998-08-16,0.7413114074040913
1998-08-17,0.6845232846176015
1998-08-18,0.634081961050857
1998-08-19,0.5940614941242885
1998-08-20,0.5620699690552726
1998-08-21,0.5362980882561366
1998-08-22,0.5153743323426616
1998-08-23,0.49825173203887063
1998-08-24,0.48412581285817863
1998-08-25,0.47237461739771275
1998-08-26,0.46251451029935664
1998-08-27,0.45416736508972183
1998-08-28,0.44703920690715915
1998-08-29,0.4408898973795921
1998-08-30,0.4357540925004495
1998-08-31,0.43110988555475666
1998-09-01,0.4268827276735679
1998-09-02,0.42309677629381054
1998-09-03,0.4196735980448498
1998-09-04,0.41654974778967085
1998-09-05,0.43350484407538264
1998-09-06,0.4667860002813957
1998-09-07,0.5500318797341955
1998-09-08,0.615758739230013
1998-09-09,0.720090868834525
1998-09-10,0.8265372705693449
1998-09-11,0.8885382079902996
1998-09-12,1.2077232828250966
1998-09-13,1.372594798841299
1998-09-14,1.2080854041910645
1998-09-15,1.0325112822717566
1998-09-16,0.8987329759563388
1998-09-17,1.0056638684338726
1998-09-18,1.101469029560844
1998-09-19,0.9519964879906687
1998-09-20,0.8373924917608225
1998-09-21,0.748851268800991
1998-09-22,0.6798760510007519
1998-09-23,0.6257127038602505
1998-09-24,0.582849415202061
1998-09-25,0.5486693185617237
1998-09-26,0.5333331553706159
1998-09-27,0.5223588936347995
1998-09-28,0.49972449720208717
1998-09-29,0.48125740316083904
1998-09-30,0.46626046940797833
1998-10-01,0.4537223451239923
1998-10-02,0.488629608712289
1998-10-03,0.52175641076381
1998-10-04,0.5305098086138738
1998-10-05,0.5956071256925975
1998-10-06,0.6076521833386892
1998-10-07,0.5659428391961447
1998-10-08,0.5326339916114261
1998-10-09,0.5058616241412909
1998-10-10,0.484180447145061
1998-10-11,0.4664880420633919
1998-10-12,0.4519379621165916
1998-10-13,0.4398762685308741
1998-10-14,0.4297948053937521
1998-10-15,0.4212965355407423
1998-10-16,0.41862562045246837
1998-10-17,0.41743246545733786
1998-10-18,0.48887001413971914
1998-10-19,0.8431136888538431
1998-10-20,1.0584762125611815
1998-10-21,0.9851821158502637
1998-10-22,0.9344559477928899
1998-10-23,1.074135911224474
1998-10-24,1.7899737635866997
1998-10-25,2.073175749750561
1998-10-26,1.6758798451472394
1998-10-27,1.3814035798362418
1998-10-28,1.162078600240693
1998-10-29,1.1658076248679083
1998-10-30,1.264613073421336
1998-10-31,1.1722882159101335
1998-11-01,1.0037682430501635
1998-11-02,0.8751547477504024
1998-11-03,0.776165926093994
1998-11-04,0.6993319803858706
1998-11-05,0.639210447625217
1998-11-06,0.5917971526447798
1998-11-07,0.5541194015002352
1998-11-08,0.5324494130596296
1998-11-09,0.5208250087996135
1998-11-10,0.5244886923237362
1998-11-11,0.5610690177965982
1998-11-12,0.7076015340252465
1998-11-13,0.844184880907834
1998-11-14,0.789891508788076
1998-11-15,0.7086824684358969
1998-11-16,0.8689548499625781
1998-11-17,1.0155158515903844
1998-11-18,1.0541133064689028
1998-11-19,1.1813463969496492
1998-11-20,1.0936736625691499
1998-11-21,1.3477804927756456
1998-11-22,1.87663416058194
1998-11-23,2.124457034786881
1998-11-24,2.4017203451795153
1998-11-25,2.3817937481914746
1998-11-26,2.734303541408299
1998-11-27,3.849424655901158
1998-11-28,4.337848090456505
1998-11-29,3.764902575512435
1998-11-30,2.9167314280744905
1998-12-01,2.306940203684484
1998-12-02,1.8627026560247384
1998-12-03,1.5350637186269631
1998-12-04,1.2906768835617017
1998-12-05,1.119989845585084
1998-12-06,1.8839264357812364
1998-12-07,4.1938285035730924
1998-12-08,4.7174334420862225
1998-12-09,3.844443148142592
1998-12-10,2.9845909737793175
1998-12-11,2.3667684464063377
1998-12-12,1.9168490085279946
1998-12-13,2.1443137482539973
1998-12-14,2.3335720638825364
1998-12-15,2.0190571003365623
1998-12-16,1.7978156649545396
1998-12-17,2.319454682766591
1998-12-18,2.988583971780668
1998-12-19,3.0256982248738176
1998-12-20,2.9223862940559733
1998-12-21,2.533751904208386
1998-12-22,3.1267096637462104
1998-12-23,3.473568813623572
1998-12-24,3.3835833459828315
1998-12-25,3.3210889550532667
1998-12-26,2.626415985362366
1998-12-27,3.5229912480110066
1998-12-28,4.5960630834295015
1998-12-29,4.0501271994993155
1998-12-30,3.2891274740103387
1998-12-31,2.8638192876084907
1999-01-01,4.401050292062255
1999-01-02,6.500500281880545
1999-01-03,8.05424809830466
1999-01-04,7.279841314277078
1999-01-05,5.390519476728542
1999-01-06,5.342287233257714
1999-01-07,5.198204990574896
1999-01-08,3.9935169222943756
1999-01-09,3.139726309680221
1999-01-10,2.5255196596424345
1999-01-11,2.0776550611403866
1999-01-12,2.188699530807012
1999-01-13,2.8254965199714914
1999-01-14,4.743051813147056
1999-01-15,5.735762455913874
1999-01-16,5.569361191315188
1999-01-17,5.198939323432342
1999-01-18,5.0012001356262
1999-01-19,5.721201423849948
1999-01-20,5.676478687800441
1999-01-21,5.376146255467524
1999-01-22,7.125043634639546
1999-01-23,7.881116250631457
1999-01-24,6.522638317098546
1999-01-25,7.148289003426487
1999-01-26,7.973875367292806
1999-01-27,6.629515150093084
1999-01-28,5.004723445439291
1999-01-29,3.902068566434806
1999-01-30,3.1173712027345526
1999-01-31,2.550718557680209
1999-02-01,2.1944971854107203
1999-02-02,2.0311168928069
1999-02-03,2.380308852278078
1999-02-04,2.4834719427171184
1999-02-05,2.150972837974671
1999-02-06,1.840743174818625
1999-02-07,1.6084811017079428
1999-02-08,1.4327148808153456
1999-02-09,1.2983457691305127
1999-02-10,1.1946225447393908
1999-02-11,1.1138011245953119
1999-02-12,1.0502440662506236
1999-02-13,0.9998071398871909
1999-02-14,0.9594160688449915
1999-02-15,0.9267710005123532
1999-02-16,0.9002432008905862
1999-02-17,0.8784098474128182
1999-02-18,0.8601193946832518
1999-02-19,0.8447497405451619
1999-02-20,0.831698719305448
1999-02-21,0.8204974419612011
1999-02-22,0.8107788411478314
1999-02-23,0.802254106929137
1999-02-24,0.8405329928710175
1999-02-25,2.1210979170278295
1999-02-26,3.064792190413726
1999-02-27,2.9364098867539314
1999-02-28,2.6675693644567673
1999-03-01,2.5314345354678753
1999-03-02,2.547938815547877
1999-03-03,2.8705179747516567
1999-03-04,2.858829060205302
1999-03-05,2.409208797533438
1999-03-06,2.0291868162051925
1999-03-07,1.7444521933439237
1999-03-08,1.530599022367096
1999-03-09,1.472838461515118
1999-03-10,1.4822506019903392
1999-03-11,1.3767133211255864
1999-03-12,1.4297467266421633
1999-03-13,1.46924580932064
1999-03-14,1.3205565332490286
1999-03-15,1.2751875438492732
1999-03-16,1.2535375316604063
1999-03-17,1.1593689238107663
1999-03-18,1.080325240674711
1999-03-19,1.038780558331865
1999-03-20,1.0040084466494983
1999-03-21,0.9572224576951021
1999-03-22,1.0225074146814028
1999-03-23,1.0805356471382013
1999-03-24,1.0504673501964652
1999-03-25,1.0610892638534353
1999-03-26,1.8782219965223126
1999-03-27,2.5455265391647073
1999-03-28,2.12156095487337
1999-03-29,1.8852649917339594
1999-03-30,1.8413930518924193
1999-03-31,1.8069659505502063
1999-04-01,1.6455992056345776
1999-04-02,1.454008722315031
1999-04-03,1.3062358103387164
1999-04-04,2.3279469428387305
1999-04-05,3.3823609473066836
1999-04-06,3.5859343102726307
1999-04-07,3.555065112596978
1999-04-08,2.861086890210613
1999-04-09,2.357805359594567
1999-04-10,2.489130719295532
1999-04-11,3.2341816867895044
1999-04-12,3.248877262959686
1999-04-13,2.6439966992761827
1999-04-14,2.201251898937803
1999-04-15,1.8742040720686548
1999-04-16,1.670049195823177
1999-04-17,2.253388266930253
1999-04-18,2.8158596472900186
1999-04-19,2.6068148587028164
1999-04-20,2.2681697110858017
1999-04-21,1.92566690305674
1999-04-22,1.670086499001583
1999-04-23,1.4773422896154542
1999-04-24,1.3304829014686597
1999-04-25,1.2174838293114127
1999-04-26,1.1306460220356354
1999-04-27,1.0620112804932755
1999-04-28,1.0073548307731548
1999-04-29,0.9637346045308961
1999-04-30,0.9286039471572329
1999-05-01,0.9000476771316469
1999-05-02,0.8766147270561916
1999-05-03,0.8571979509754474
1999-05-04,0.8409470539687111
1999-05-05,0.8272049736579515
1999-05-06,0.8154610216661302
1999-05-07,0.8053161076617483
1999-05-08,0.7964567458925974
1999-05-09,0.7886354951471807
1999-05-10,0.7816561460249635
1999-05-11,0.8089831970383609
1999-05-12,0.8691967740129932
1999-05-13,0.8605524954083038
1999-05-14,0.8383628365861271
1999-05-15,0.8206299775236067
1999-05-16,0.8053824741944292
1999-05-17,0.7921658431724454
1999-05-18,0.7808729561287103
1999-05-19,0.7711198583330141
1999-05-20,0.7626048955786424
1999-05-21,0.7550899199418034
1999-05-22,0.7483860550066259
1999-05-23,0.742342849296552
1999-05-24,0.7368399641423746
1999-05-25,0.7317807692104359
1999-05-26,0.7364373738352268
1999-05-27,0.8317811773478759
1999-05-28,1.0506692471875863
1999-05-29,1.2046152258795508
1999-05-30,1.2331920636441323
1999-05-31,1.280322701191708
1999-06-01,1.2508687703292027
1999-06-02,1.134998875165367
1999-06-03,1.0451952124340769
1999-06-04,0.9750052341421593
1999-06-05,0.9196544945222297
1999-06-06,0.8771796364311988
1999-06-07,0.8421578130478835
1999-06-08,0.8131599538188959
1999-06-09,0.7894759697193976
1999-06-10,0.7699509377073325
1999-06-11,0.7536994218007718
1999-06-12,0.7400383132689677
1999-06-13,0.7284374784106976
1999-06-14,0.7184832106741322
1999-06-15,0.7124490146859687
1999-06-16,0.738653517406268
1999-06-17,0.8214529931728946
1999-06-18,1.2069877977749317
1999-06-19,1.5009992676518766
1999-06-20,1.3379789367894475
1999-06-21,1.3187444805267836
1999-06-22,1.4887105534203082
1999-06-23,1.5119433027061353
1999-06-24,1.3263229255629168
1999-06-25,1.191952135358195
1999-06-26,1.0843492856431642
1999-06-27,1.0402246105838997
1999-06-28,1.0529397841130541
1999-06-29,1.0077012980055877
1999-06-30,1.2194474796328427
1999-07-01,1.4181463617024994
1999-07-02,1.2537407132311198
1999-07-03,1.129616318653554
1999-07-04,1.0324952624108885
1999-07-05,0.9561110960118125
1999-07-06,0.9233330456630618
1999-07-07,0.8979823488604181
1999-07-08,0.8497000101691458
1999-07-09,0.811084388403874
1999-07-10,0.779958303344182
1999-07-11,0.7663349211975814
1999-07-12,0.9317908392062656
1999-07-13,1.2897658456074392
1999-07-14,1.4191328088240416
1999-07-15,1.2707676774945573
1999-07-16,1.1369170850912373
1999-07-17,1.0337565240697189
1999-07-18,0.9535853002127098
1999-07-19,1.052242792435101
1999-07-20,1.1740017904014213
1999-07-21,1.208124088797834
1999-07-22,1.190418553458051
1999-07-23,1.0935798972085633
1999-07-24,1.0555287373925428
1999-07-25,1.0896548991967046
1999-07-26,1.0675994801954096
1999-07-27,0.9782274145557185
1999-07-28,0.9083511204608189
1999-07-29,0.853288231920618
1999-07-30,0.8095253016444324
1999-07-31,0.7744449327077129
1999-08-01,0.7460812925135912
1999-08-02,0.7229466530607588
1999-08-03,0.7039070925903729
1999-08-04,0.6880925936545689
1999-08-05,0.6748314510017838
1999-08-06,0.6636020236157656
1999-08-07,0.6539969714124341
1999-08-08,0.8411582440950992
1999-08-09,1.2246642960581189
1999-08-10,1.2630528855629286
1999-08-11,1.1230988596813076
1999-08-12,1.0154052813725858
1999-08-13,0.9318527042231323
1999-08-14,0.8664593583007271
1999-08-15,0.814838512534697
1999-08-16,0.7737432389400513
1999-08-17,0.7407495178664117
1999-08-18,0.7140331496146137
1999-08-19,0.6922110525280241
1999-08-20,0.6770158875633818
1999-08-21,0.6627601971612963
1999-08-22,0.6495640679673471
1999-08-23,0.6695836244243806
1999-08-24,0.7083708857289207
1999-08-25,0.6994428742272515
1999-08-26,0.6778110046980172
1999-08-27,0.659982881387427
1999-08-28,0.6451668416128796
1999-08-29,0.6327372780236932
1999-08-30,0.622207968257821
1999-08-31,0.613198943261627
1999-09-01,0.6054117302356518
1999-09-02,0.5986107273814903
1999-09-03,0.592609101630402
1999-09-04,0.5886622171422436
1999-09-05,0.5901326953435622
1999-09-06,0.5873517903170613
1999-09-07,0.581822188741194
1999-09-08,0.5801662728941321
1999-09-09,0.583124205746399
1999-09-10,0.5879283380048833
1999-09-11,0.6152576199892946
1999-09-12,0.6302681544137981
1999-09-13,0.6148578196711066
1999-09-14,0.6019762915259538
1999-09-15,0.5911204575828114
1999-09-16,0.581881707599513
1999-09-17,0.5739398515188603
1999-09-18,0.5670427194804329
1999-09-19,0.5609907654965738
1999-09-20,0.5556253744216172
1999-09-21,0.5508199286360709
1999-09-22,0.5464729446720004
1999-09-23,0.5439442307554696
1999-09-24,0.5421997442650189
1999-09-25,0.5382730366118567
1999-09-26,0.5429482185126314
1999-09-27,0.5942080532875348
1999-09-28,0.825636171158575
1999-09-29,1.1787539250222956
1999-09-30,1.3713763543462105
1999-10-01,1.3302080574032766
1999-10-02,1.1638448170334044
1999-10-03,1.0403582463108134
1999-10-04,1.063254998752419
1999-10-05,1.0880269152349993
1999-10-06,0.9681018135431333
1999-10-07,0.8754070825344303
1999-10-08,0.803201048311318
1999-10-09,0.7464826279246428
1999-10-10,0.7193564423865495
1999-10-11,0.8156031301031463
1999-10-12,1.136054332206325
1999-10-13,1.2799867713907076
1999-10-14,1.1139987427933589
1999-10-15,1.0714646430169064
1999-10-16,1.525924851910269
1999-10-17,2.0807133702064564
1999-10-18,1.979268272380539
1999-10-19,1.6406701708113494
1999-10-20,1.388242254766731
1999-10-21,1.1981494645468342
1999-10-22,1.1003693026512218
1999-10-23,1.1170956337207028
1999-10-24,1.3014158231940982
1999-10-25,1.6602064850861602
1999-10-26,1.728190380837968
1999-10-27,1.4834926957630985
1999-10-28,1.2776471753120486
1999-10-29,1.3229983233399074
1999-10-30,1.3860681274181124
1999-10-31,1.341438009222579
1999-11-01,1.3346802408297656
1999-11-02,1.2197279098541787
1999-11-03,1.2262190789680305
1999-11-04,1.2443007468864902
1999-11-05,1.1959114331252347
1999-11-06,1.28503447708719
1999-11-07,1.2794722650855037
1999-11-08,1.4848477312639743
1999-11-09,1.5923142399959793
1999-11-10,1.3551445389902608
1999-11-11,1.176033426219102
1999-11-12,1.048151387807173
1999-11-13,0.9766694100188172
1999-11-14,1.0147163699152124
1999-11-15,1.1361303092915491
1999-11-16,1.108808585394434
1999-11-17,0.9877966034865727
1999-11-18,0.894288790915733
1999-11-19,0.8214428685314595
1999-11-20,0.764214038323915
1999-11-21,0.7188826092873245
1999-11-22,0.7058144955358054
1999-11-23,0.9742262905957322
1999-11-24,1.3983297274582853
1999-11-25,1.4349908497590826
1999-11-26,1.3613630187565269
1999-11-27,1.9648871869047113
1999-11-28,2.413535334952781
1999-11-29,3.3122568580379834
1999-11-30,4.54041720186382
1999-12-01,4.43859528037494
1999-12-02,7.1065802561476445
1999-12-03,8.6049209180938
1999-12-04,6.557329437175826
1999-12-05,5.710416958385442
1999-12-06,4.765288678923791
1999-12-07,4.032435224216598
1999-12-08,3.1810185000968176
1999-12-09,2.547622159709031
1999-12-10,2.0865573142862375
1999-12-11,1.7741238176043153
1999-12-12,1.5148895253175756
1999-12-13,1.8819831230424888
1999-12-14,2.4642377602100223
1999-12-15,2.286688728711082
1999-12-16,1.8968928653317356
1999-12-17,1.9143621058004374
1999-12-18,2.05453507689564
1999-12-19,1.826244316833115
1999-12-20,1.5559088576526643
1999-12-21,1.3526302241301096
1999-12-22,1.1982402988585403
1999-12-23,1.0798450551107528
1999-12-24,1.1008461561525482
1999-12-25,1.1337126459500209
1999-12-26,1.2474832077709663
1999-12-27,1.4946623684081484
1999-12-28,1.444924260983153
1999-12-29,3.212475866517723
1999-12-30,7.65810408821929
1999-12-31,9.012558308946238
2000-01-01,6.5992819186009335
2000-01-02,7.15180393153184
2000-01-03,6.7164979262614635
2000-01-04,6.698027298328501
2000-01-05,7.261794450049486
2000-01-06,6.52867519671602
2000-01-07,8.20780085905142
2000-01-08,9.29970346423185
2000-01-09,8.697677815489298
2000-01-10,7.348383042591629
2000-01-11,5.493084925132831
2000-01-12,4.244926002385542
2000-01-13,3.361337285059406
2000-01-14,2.949149993464357
2000-01-15,2.5563557647212316
2000-01-16,2.1387963130415737
2000-01-17,1.8296033645945562
2000-01-18,1.6381494470449451
2000-01-19,1.505960153366087
2000-01-20,1.3525125387395045
2000-01-21,1.2346033556965528
2000-01-22,1.143161635957094
2000-01-23,1.0715889097679365
2000-01-24,1.0150570691645706
2000-01-25,1.1416184485859315
2000-01-26,1.89462356043226
2000-01-27,2.668824509750245
2000-01-28,3.072914122040752
2000-01-29,3.611547627148352
2000-01-30,4.388616657846719
2000-01-31,4.536167415647454
2000-02-01,3.7645118783247304
2000-02-02,3.0220924757719483
2000-02-03,2.4848241499391652
2000-02-04,2.0909152064555507
2000-02-05,1.798586065758677
2000-02-06,1.5791828108649233
2000-02-07,1.4127630813275855
2000-02-08,1.9075087283391436
2000-02-09,4.202132641701075
2000-02-10,5.265263081142323
2000-02-11,4.10587263145121
2000-02-12,3.2726249819253
2000-02-13,2.672652173820808
2000-02-14,2.234727857139102
2000-02-15,2.2840788711195485
2000-02-16,2.3271542726890546
2000-02-17,1.9803941920766233
2000-02-18,1.7216211327214597
2000-02-19,1.5265112589055272
2000-02-20,1.4604763591411727
2000-02-21,1.4149680462658552
2000-02-22,1.291848910431423
2000-02-23,1.1964223347904448
2000-02-24,1.1218093091192574
2000-02-25,1.062930819205626
2000-02-26,1.0160412519244275
2000-02-27,0.9783538311822575
2000-02-28,0.9477780668861596
2000-02-29,0.9227337337739075
2000-03-01,0.9167987069789737
2000-03-02,1.0544061074440914
2000-03-03,1.1437596658734226
2000-03-04,1.1045741785724197
2000-03-05,1.1130492089839474
2000-03-06,1.069568962214948
2000-03-07,1.3531399280223628
2000-03-08,1.5910503185451994
2000-03-09,1.5701258702506433
2000-03-10,2.069421636864979
2000-03-11,2.2784396574237946
2000-03-12,1.934831975498521
2000-03-13,2.4982957506736576
2000-03-14,3.0695032617060583
2000-03-15,2.8536506689354275
2000-03-16,2.93513659276031
2000-03-17,3.7311395312211633
2000-03-18,3.9341944290943176
2000-03-19,3.307478187970245
2000-03-20,3.1720717956908397
2000-03-21,2.879638144386784
2000-03-22,3.98569991814551
2000-03-23,4.810503269669344
2000-03-24,5.327716221114869
2000-03-25,6.355152916610049
2000-03-26,5.5142798147854135
2000-03-27,4.331015814824961
2000-03-28,3.464828240246581
2000-03-29,2.8228521737945447
2000-03-30,2.3553476196225906
2000-03-31,2.0105706365126563
2000-04-01,1.753297330154399
2000-04-02,1.6589696358512314
2000-04-03,1.6592541252513622
2000-04-04,1.544272369123317
2000-04-05,1.4074103888844265
2000-04-06,1.2939662403519
2000-04-07,1.2057748038207532
2000-04-08,1.1365717006443008
2000-04-09,1.0817645251601258
2000-04-10,1.0379553872210876
2000-04-11,1.0026085709141566
2000-04-12,0.9738166049085187
2000-04-13,0.9501338813637022
2000-04-14,0.9304571636785489
2000-04-15,0.9730253407205599
2000-04-16,1.0567779803794302
2000-04-17,1.5900403151728637
2000-04-18,2.3022766909804795
2000-04-19,2.389017527569676
2000-04-20,2.1765737779961882
2000-04-21,1.8695264467985597
2000-04-22,1.6392000798622082
2000-04-23,1.4647896246472005
2000-04-24,1.3313735750415392
2000-04-25,1.2283197049071355
2000-04-26,1.1479651119258798
2000-04-27,1.0847285544096539
2000-04-28,1.034505238153806
2000-04-29,0.9942489045163203
2000-04-30,0.9786853318947827
2000-05-01,0.9694845039944516
2000-05-02,0.9743263961120876
2000-05-03,1.1048154422956835
2000-05-04,1.7590711399042875
2000-05-05,2.6858491914778893
2000-05-06,2.711299943712516
2000-05-07,2.2593823382022977
2000-05-08,1.9255997412904728
2000-05-09,1.676358748241609
2000-05-10,1.5039036611269605
2000-05-11,1.3654908107832322
2000-05-12,1.250360437500903
2000-05-13,1.1608937734939229
2000-05-14,1.090743151220307
2000-05-15,1.0352748666626688
2000-05-16,1.3152719755753826
2000-05-17,1.6762686197247632
2000-05-18,1.5622478779073097
2000-05-19,1.5102941562895793
2000-05-20,1.511899247804173
2000-05-21,1.3975642025317843
2000-05-22,1.2785242071022527
2000-05-23,1.2811676252355555
2000-05-24,2.3204803761969015
2000-05-25,3.2470606712380246
2000-05-26,2.9255909250647765
2000-05-27,2.5261868426155343
2000-05-28,2.6033936142488026
2000-05-29,2.8996879563320213
2000-05-30,2.64295875042848
2000-05-31,2.2235202432558685
2000-06-01,2.451100085952205
2000-06-02,2.646653708749914
2000-06-03,2.212178166960972
2000-06-04,2.2342548721897897
2000-06-05,2.4281437173889766
2000-06-06,2.3699490554211846
2000-06-07,2.311853174937093
2000-06-08,2.0931122930928234
2000-06-09,1.8110255865928337
2000-06-10,1.591450931061486
2000-06-11,1.4249518117319662
2000-06-12,1.2974177788556056
2000-06-13,1.1987802523690518
2000-06-14,1.1217727276284013
2000-06-15,1.0610958343526162
2000-06-16,1.0136133060966799
2000-06-17,0.9974801730554903
2000-06-18,0.9693120455972325
2000-06-19,1.3271800723501987
2000-06-20,1.8875292571586844
2000-06-21,2.558859408873731
2000-06-22,3.378732675678504
2000-06-23,3.4559171474847172
2000-06-24,3.1994869778581396
2000-06-25,2.7158537505953433
2000-06-26,2.263325453181531
2000-06-27,1.929214293793363
2000-06-28,1.6797181325845594
2000-06-29,1.4913685907217433
2000-06-30,1.347712009431368
2000-07-01,1.2370646335375752
2000-07-02,1.1510321643082655
2000-07-03,1.0835183296805433
2000-07-04,1.0300515172198046
2000-07-05,0.9873214451498725
2000-07-06,0.9528564951387056
2000-07-07,0.9247964782405921
2000-07-08,0.9017309350878274
2000-07-09,0.8825829479812962
2000-07-10,0.8665248938397815
2000-07-11,0.8529168353333412
2000-07-12,0.8412611056884011
2000-07-13,0.8311685781749958
2000-07-14,0.822333435933734
2000-07-15,0.8444931805075105
2000-07-16,0.8656740297048934
2000-07-17,0.8489814979195356
2000-07-18,0.8348694863655086
2000-07-19,0.8228358437165842
2000-07-20,0.8184828371307763
2000-07-21,0.8132954967924192
2000-07-22,0.8036162658253375
2000-07-23,0.7951306622191607
2000-07-24,0.8041909809426485
2000-07-25,0.8319080779674283
2000-07-26,0.8302056155866367
2000-07-27,0.814935879372138
2000-07-28,0.8019425784795859
2000-07-29,0.8189796343917147
2000-07-30,0.8991014201489064
2000-07-31,0.9328613293824043
2000-08-01,0.9432155595925029
2000-08-02,0.9524223407908848
2000-08-03,0.909405977275321
2000-08-04,0.8748161459263292
2000-08-05,0.8467688152607411
2000-08-06,0.8288504457032068
2000-08-07,0.8162764427531782
2000-08-08,0.7990475168796928
2000-08-09,0.7914272341961245
2000-08-10,0.7828401339482743
2000-08-11,0.7787252386668174
2000-08-12,0.7888865608615121
2000-08-13,0.78180084382089
2000-08-14,0.8457965591759948
2000-08-15,1.4384408332913006
2000-08-16,1.9794370201942655
2000-08-17,1.6950788719958652
2000-08-18,1.4741161532681462
2000-08-19,1.3067888523193065
2000-08-20,1.1788132669631035
2000-08-21,1.1089776565847969
2000-08-22,1.2156616034588612
2000-08-23,1.362343603653546
2000-08-24,1.3267868306750061
2000-08-25,1.2991484745433681
2000-08-26,1.256038592097504
2000-08-27,1.138585373962231
2000-08-28,1.0475689292319945
2000-08-29,0.9764414832146441
2000-08-30,0.9203632734107727
2000-08-31,0.8757614687221675
2000-09-01,0.839975278627921
2000-09-02,0.81100690316066
2000-09-03,0.7873448836277787
2000-09-04,0.7678375543595716
2000-09-05,0.7516015396168813
2000-09-06,0.737955012409217
2000-09-07,0.7263686153313982
2000-09-08,0.716429091441268
2000-09-09,0.7078121382247122
2000-09-10,0.7002620071540396
2000-09-11,0.6935760736014028
2000-09-12,0.6875930948493969
2000-09-13,0.6821842229834507
2000-09-14,0.6772460885906502
2000-09-15,0.6726954503919367
2000-09-16,0.6684650357750317
2000-09-17,0.6645002919252345
2000-09-18,0.6607568368223196
2000-09-19,0.6571984507881037
2000-09-20,0.6537954874970243
2000-09-21,0.6505236119474119
2000-09-22,0.6473627943836032
2000-09-23,0.6442965054034188
2000-09-24,0.6413110698250425
2000-09-25,0.6385778188009009
2000-09-26,0.6389573782308174
2000-09-27,0.6492090645320127
2000-09-28,0.6545519928825121
2000-09-29,0.7012282706769547
2000-09-30,0.7586824389503849
2000-10-01,0.7431064685304841
2000-10-02,0.7213260656718234
2000-10-03,0.7009972339934305
2000-10-04,0.7000737934791635
2000-10-05,0.7251185715128993
2000-10-06,0.7243339349325756
2000-10-07,0.8414471505537481
2000-10-08,0.9920144719042362
2000-10-09,0.9388404026742979
2000-10-10,0.8710501559959342
2000-10-11,0.8176059617312031
2000-10-12,0.7782513542149853
2000-10-13,0.7610472868878705
2000-10-14,0.7370912580373891
2000-10-15,0.7100557573424592
2000-10-16,0.6879847826892417
2000-10-17,0.6698152007510009
2000-10-18,0.6547203694221368
2000-10-19,0.6420615421089452
2000-10-20,0.6313422842256253
2000-10-21,0.622174651299988
2000-10-22,0.6142539133623822
2000-10-23,0.6073395379441071
2000-10-24,0.6049316736123929
2000-10-25,0.6048696345803682
2000-10-26,0.5984765487805627
2000-10-27,0.592799612541058
2000-10-28,0.5877130051983931
2000-10-29,0.6969725528907
2000-10-30,0.8397304727238356
2000-10-31,1.0562907293635093
2000-11-01,1.3595804835091234
2000-11-02,1.3596993744082793
2000-11-03,1.2298096043625117
2000-11-04,1.087134549392111
2000-11-05,1.0452209503830399
2000-11-06,1.0518885938489515
2000-11-07,1.1614219772741012
2000-11-08,1.2190007723494751
2000-11-09,1.0787064845716638
2000-11-10,0.9707738839756944
2000-11-11,0.8870634595603636
2000-11-12,0.8215787934945666
2000-11-13,0.769920722472012
2000-11-14,0.7288319928160168
2000-11-15,0.6958801210208415
2000-11-16,0.6692340253627083
2000-11-17,0.6475050551893592
2000-11-18,0.6296835985633195
2000-11-19,0.6369663841173413
2000-11-20,0.8651143504306482
2000-11-21,1.417803444441029
2000-11-22,1.7042538903293998
2000-11-23,1.8242391882047413
2000-11-24,1.8291506324451567
2000-11-25,1.6202470910952795
2000-11-26,1.5510560570396734
2000-11-27,1.4016714381807862
2000-11-28,1.2161985209097046
2000-11-29,1.0749359126269893
2000-11-30,0.9869757253154012
2000-12-01,0.9186271862300758
2000-12-02,0.8448778382842917
2000-12-03,1.95527019172277
2000-12-04,3.136013789852196
2000-12-05,3.029015374068189
2000-12-06,2.5886311164391698
2000-12-07,2.3580033363772355
2000-12-08,2.093166080631708
2000-12-09,1.8533234931092568
2000-12-10,1.6833297629799537
2000-12-11,1.4335008295813159
2000-12-12,1.2451774004084275
2000-12-13,1.1018384269561428
2000-12-14,0.9917073942937836
2000-12-15,0.9063283596852748
2000-12-16,0.8395634448618777
2000-12-17,0.7869125498641143
2000-12-18,0.7450456266405925
2000-12-19,0.7114771715652992
2000-12-20,0.6843371290971539
2000-12-21,0.6622079536823905
2000-12-22,0.6440075875942185
2000-12-23,0.6289046448792486
2000-12-24,0.6162564098883773
2000-12-25,0.605563148228299
2000-12-26,0.596434183255809
2000-12-27,0.5885625285717911
2000-12-28,0.5817057908564319
2000-12-29,0.6715373890051063
2000-12-30,0.8744776202986521
2000-12-31,1.1441981460388246
2001-01-01,1.4804487271280948
2001-01-02,1.5445614106359018
2001-01-03,1.3229255633518482
2001-01-04,1.3678310320964207
2001-01-05,1.3704656637737365
2001-01-06,1.2804729387618
2001-01-07,1.1232117005032964
2001-01-08,1.0027625249901317
2001-01-09,0.9096980167069311
2001-01-10,0.8371638648021693
2001-01-11,0.7801522066217635
2001-01-12,3.5857664802870572
2001-01-13,13.057654774089793
2001-01-14,13.548485348341485
2001-01-15,9.311372925131767
2001-01-16,9.452579839609411
2001-01-17,10.941144009584955
2001-01-18,8.840424687445001
2001-01-19,5.941936255324141
2001-01-20,4.5204346127271124
2001-01-21,3.521184270210554
2001-01-22,2.807150628285946
2001-01-23,2.352351388932535
2001-01-24,2.0329221821517574
2001-01-25,1.731314168525583
2001-01-26,1.4939163529854393
2001-01-27,1.3144986289776182
2001-01-28,1.1775483460954514
2001-01-29,1.0720230332268448
2001-01-30,0.9899715478992533
2001-01-31,0.9916410428904171
2001-02-01,0.9911653212605565
2001-02-02,0.9348856464482416
2001-02-03,1.1630387403383982
2001-02-04,3.2399610922361077
2001-02-05,4.9251778524141026
2001-02-06,4.0378571095178435
2001-02-07,3.18184622131213
2001-02-08,2.5663326375006354
2001-02-09,2.1177396806202755
2001-02-10,1.7866887797777107
2001-02-11,2.0530497440449005
2001-02-12,2.7198414389159296
2001-02-13,2.5149441435863378
2001-02-14,2.320111020659567
2001-02-15,2.3751955529390987
2001-02-16,2.607466455361545
2001-02-17,2.195888294163034
2001-02-18,1.8486662118109856
2001-02-19,1.5898937571597642
2001-02-20,1.3949361240801779
2001-02-21,1.2465529770497075
2001-02-22,1.132522077243917
2001-02-23,1.0440754922392437
2001-02-24,1.1484971135902942
2001-02-25,1.6835497070715117
2001-02-26,2.08548225734405
2001-02-27,1.928366997017924
2001-02-28,2.1065914866220954
2001-03-01,2.2860915582175
2001-03-02,2.343422710640406
2001-03-03,2.4358287668353387
2001-03-04,2.6811357387095054
2001-03-05,3.3626466390803817
2001-03-06,4.027148570170663
2001-03-07,3.881043128166098
2001-03-08,3.139330935266033
2001-03-09,2.725280780204081
2001-03-10,2.470259290340348
2001-03-11,2.334619744724125
2001-03-12,2.4138961272388753
2001-03-13,2.2415213553000433
2001-03-14,1.891670395420289
2001-03-15,1.6309161689211598
2001-03-16,1.4345226286503812
2001-03-17,1.2850744348295573
2001-03-18,1.319845193146024
2001-03-19,1.7873583615111635
2001-03-20,1.9643621988858115
2001-03-21,1.734132945764873
2001-03-22,1.5745778481742736
2001-03-23,1.627508647400834
2001-03-24,2.0073381474637384
2001-03-25,2.0346577066053277
2001-03-26,1.7913524574142594
2001-03-27,1.605287600705149
2001-03-28,1.5442472572183767
2001-03-29,1.4931685051921713
2001-03-30,1.603306268278434
2001-03-31,2.087559407581422
2001-04-01,2.3604739684331633
2001-04-02,2.220031474994416
2001-04-03,2.0733836996689807
2001-04-04,1.9539872656166202
2001-04-05,1.6792323495468253
2001-04-06,1.4725374010417402
2001-04-07,1.3155176591266045
2001-04-08,1.1960013680420214
2001-04-09,1.1088187530669436
2001-04-10,1.0359678856527161
2001-04-11,0.9769554299123917
2001-04-12,1.0246882437329925
2001-04-13,1.1242660821254666
2001-04-14,1.0667694484610906
2001-04-15,1.0034022761857655
2001-04-16,0.9944728274666903
2001-04-17,1.0217000362477249
2001-04-18,0.9911807781709561
2001-04-19,1.228373066913219
2001-04-20,1.5030248586020536
2001-04-21,1.3503826936839947
2001-04-22,1.2169915470244983
2001-04-23,1.1140715278688533
2001-04-24,1.0339432036117475
2001-04-25,0.9709977200941325
2001-04-26,0.9211113437908683
2001-04-27,0.8812246495035221
2001-04-28,0.8490486520992696
2001-04-29,0.8228573181613003
2001-04-30,0.8013395587929354
2001-05-01,0.7834926377586644
2001-05-02,0.8020854903193478
2001-05-03,0.8698533408431489
2001-05-04,0.8877151408198393
2001-05-05,0.8557945200677503
2001-05-06,1.0692524474105343
2001-05-07,1.5895521550038254
2001-05-08,1.7543401142938182
2001-05-09,1.5608107967568403
2001-05-10,1.3704499179244378
2001-05-11,1.2254582621325232
2001-05-12,1.1139882259768155
2001-05-13,1.0274930924769101
2001-05-14,0.9597723731783337
2001-05-15,0.9062822630834925
2001-05-16,0.8636618649875364
2001-05-17,0.8294036742561453
2001-05-18,0.8016217927039944
2001-05-19,0.7788871633795239
2001-05-20,0.7601092932444318
2001-05-21,0.7444505657557442
2001-05-22,0.7312636284787599
2001-05-23,0.7252882684088283
2001-05-24,0.8375690166852415
2001-05-25,0.9273241142636688
2001-05-26,0.9929166508798027
2001-05-27,1.081659415998879
2001-05-28,1.001478696635843
2001-05-29,0.9330892286494766
2001-05-30,0.879132995287876
2001-05-31,0.8362299528371886
2001-06-01,0.818640907909579
2001-06-02,0.7965014268794081
2001-06-03,0.9845404166129691
2001-06-04,1.9049007055534775
2001-06-05,2.4176062026468244
2001-06-06,2.0003129664642194
2001-06-07,1.6911506045050526
2001-06-08,1.4598196474059433
2001-06-09,1.2848974120144507
2001-06-10,1.1513145805957161
2001-06-11,1.0483380332523073
2001-06-12,0.9682351096315772
2001-06-13,0.9053757622926716
2001-06-14,0.8689034175867371
2001-06-15,0.9321318030724495
2001-06-16,1.0390099694463848
2001-06-17,1.0751223495496374
2001-06-18,1.0874349701295174
2001-06-19,1.3886938664071833
2001-06-20,1.6564606647521138
2001-06-21,1.6310574492692034
2001-06-22,1.576595318942567
2001-06-23,1.3765607922752414
2001-06-24,1.2191529772588228
2001-06-25,1.098516050670596
2001-06-26,1.015534227979799
2001-06-27,0.9746798122231932
2001-06-28,1.0599103826249756
2001-06-29,1.1003422948051214
2001-06-30,1.0057478948966347
2001-07-01,0.9318731954176346
2001-07-02,0.8737531553689927
2001-07-03,0.8276349456273223
2001-07-04,0.7907267421334575
2001-07-05,0.8972854872494259
2001-07-06,0.9944676874684353
2001-07-07,0.9212376336051272
2001-07-08,0.8634486771994233
2001-07-09,1.0148494286583993
2001-07-10,1.1801711719797905
2001-07-11,1.173303700911278
2001-07-12,1.5866432211220207
2001-07-13,2.084732801702476
2001-07-14,2.0239906697933727
2001-07-15,1.7300795144335417
2001-07-16,1.4827818665086108
2001-07-17,1.3303500126520547
2001-07-18,1.2087538175867245
2001-07-19,1.1420772744451362
2001-07-20,1.2430965283223079
2001-07-21,1.2841479649626157
2001-07-22,1.320830687318388
2001-07-23,1.3192233392360293
2001-07-24,1.171320105606003
2001-07-25,1.0576540584690415
2001-07-26,0.9695767435222343
2001-07-27,0.9007229390909693
2001-07-28,0.8464313210913467
2001-07-29,0.8032562847061984
2001-07-30,0.7949285148066186
2001-07-31,1.099974742184854
2001-08-01,2.225494421024133
2001-08-02,2.803377663258619
2001-08-03,2.2756619047882767
2001-08-04,1.905914030728413
2001-08-05,1.6840310955188789
2001-08-06,1.4715009648913873
2001-08-07,1.2874277795655116
2001-08-08,1.147095609669649
2001-08-09,1.1474851144705818
2001-08-10,1.1493446919141839
2001-08-11,1.040636210483861
2001-08-12,1.5474575873837058
2001-08-13,2.125300856838218
2001-08-14,1.8460872487842561
2001-08-15,1.5937275002807707
2001-08-16,1.5510044480667826
2001-08-17,1.7902195551445088
2001-08-18,1.9050298035162714
2001-08-19,1.7346319013312694
2001-08-20,1.5342182533212168
2001-08-21,1.3844138765654013
2001-08-22,1.311072322822511
2001-08-23,1.1724160135209944
2001-08-24,1.1696397720040468
2001-08-25,2.0087739156449493
2001-08-26,2.6140932126355194
2001-08-27,2.1472493226932197
2001-08-28,1.7962803153926945
2001-08-29,1.5349648350910419
2001-08-30,1.338278319758115
2001-08-31,1.1887254952184134
2001-09-01,1.0739144819403172
2001-09-02,0.9849626797021243
2001-09-03,0.9181705661346405
2001-09-04,0.8951868980797149
2001-09-05,0.8617450281806011
2001-09-06,0.8176217414661396
2001-09-07,0.7822295035828429
2001-09-08,0.7536159005334829
2001-09-09,0.7303238924668124
2001-09-10,0.7111288653848659
2001-09-11,0.6951675909548797
2001-09-12,0.7678553915906948
2001-09-13,0.8997354931181606
2001-09-14,0.8956300012168898
2001-09-15,0.8425657314964389
2001-09-16,0.7994009565968646
2001-09-17,0.7641003525732514
2001-09-18,0.7355767564769162
2001-09-19,0.7123281945887882
2001-09-20,0.6932099545457387
2001-09-21,0.6773439075938112
2001-09-22,0.6640522107234182
2001-09-23,0.6919872477816896
2001-09-24,0.7386001950837247
2001-09-25,0.7304712175427005
2001-09-26,0.7072656241972748
2001-09-27,0.7062324343634326
2001-09-28,0.7078065053346823
2001-09-29,0.7193378620164014
2001-09-30,0.7330864654510968
2001-10-01,0.7120909131898717
2001-10-02,0.6952688791830229
2001-10-03,0.6747585120428495
2001-10-04,0.6589844313712593
2001-10-05,0.658733409614157
2001-10-06,0.6537443613314897
2001-10-07,0.6816263747666578
2001-10-08,0.710310853203883
2001-10-09,0.8653202724140364
2001-10-10,1.0124161153606452
2001-10-11,1.0098324928820002
2001-10-12,1.0846322208756851
2001-10-13,1.1263423111790465
2001-10-14,1.2432114196821742
2001-10-15,1.2696820974808212
2001-10-16,1.2319434939158511
2001-10-17,1.196510278056029
2001-10-18,1.1047069959297526
2001-10-19,1.0797956019856363
2001-10-20,1.0227791248130842
2001-10-21,0.9295066246168199
2001-10-22,0.8567689404596854
2001-10-23,0.7995864417461084
2001-10-24,0.7920042570113242
2001-10-25,0.8143130162483739
2001-10-26,1.06731863569087
2001-10-27,1.4761039369552222
2001-10-28,1.877210666128618
2001-10-29,2.688728202020309
2001-10-30,3.182295670760374
2001-10-31,2.9221746656834604
2001-11-01,2.454169089538485
2001-11-02,2.007698625989674
2001-11-03,1.6780169975904282
2001-11-04,1.917071279973566
2001-11-05,2.116515327030171
2001-11-06,2.041917787954071
2001-11-07,3.1052745241890705
2001-11-08,5.442289710049572
2001-11-09,6.26639881707894
2001-11-10,4.953396367303054
2001-11-11,4.561792208406268
2001-11-12,4.79132166271655
2001-11-13,4.845077266423496
2001-11-14,4.490558391030896
2001-11-15,4.441759443544286
2001-11-16,4.442241327221579
2001-11-17,3.6316231609005016
2001-11-18,2.8869198141039596
2001-11-19,2.348325835560202
2001-11-20,1.9537009090680642
2001-11-21,1.6610550739437702
2001-11-22,2.493370508155665
2001-11-23,3.1819957006541615
2001-11-24,2.5659073556565954
2001-11-25,3.086393372411619
2001-11-26,3.9466647320375805
2001-11-27,3.545776639881175
2001-11-28,3.1149349384079135
2001-11-29,4.320657795262948
2001-11-30,5.031635119845913
2001-12-01,4.444994211138643
2001-12-02,4.723807836943519
2001-12-03,4.5113692698311505
2001-12-04,4.459486860413656
2001-12-05,6.622769831672443
2001-12-06,7.0796888271507825
2001-12-07,5.454474215258872
2001-12-08,4.4634489086223015
2001-12-09,3.521026770274011
2001-12-10,3.329567712696052
2001-12-11,3.194290637936272
2001-12-12,2.8401006674670533
2001-12-13,2.9289788618232975
2001-12-14,3.377060559164505
2001-12-15,3.440484325227013
2001-12-16,3.8144443200297946
2001-12-17,3.9988117545320123
2001-12-18,3.8675977710777687
2001-12-19,3.848786422918764
2001-12-20,3.1188132662713044
2001-12-21,3.097799038247046
2001-12-22,3.0941652434967835
2001-12-23,2.5410478146234103
2001-12-24,2.1357564803685825
2001-12-25,1.835297518599
2001-12-26,1.6100108970997367
2001-12-27,1.4392813281673604
2001-12-28,1.3085854448829668
2001-12-29,1.2075644900727764
2001-12-30,1.1287458330714146
2001-12-31,1.066682201957195
2002-01-01,1.017364175716133
2002-01-02,1.0862099317951592
2002-01-03,1.1325972041110528
2002-01-04,1.067757424286837
2002-01-05,1.016338333137648
2002-01-06,0.9751879610185977
2002-01-07,1.2146958302288933
2002-01-08,1.4118849547753005
2002-01-09,1.2925999474411374
2002-01-10,1.1896684118772838
2002-01-11,1.109462252634044
2002-01-12,1.0463880975475282
2002-01-13,0.9963339662357441
2002-01-14,0.9562493954547558
2002-01-15,0.923852264681346
2002-01-16,0.897421822514572
2002-01-17,0.8756510626401369
2002-01-18,0.8575404182730747
2002-01-19,0.8423205219185482
2002-01-20,1.5280104708044584
2002-01-21,2.658725666658408
2002-01-22,4.480324045051036
2002-01-23,7.49832429550055
2002-01-24,7.629380256508175
2002-01-25,6.418700855638505
2002-01-26,5.18010460463822
2002-01-27,4.075556012589417
2002-01-28,3.2502241574451873
2002-01-29,2.8800556912069024
2002-01-30,2.7148949972166485
2002-01-31,2.3610717982660434
2002-02-01,2.00372250801098
2002-02-02,2.6997588356314477
2002-02-03,3.405547528285158
2002-02-04,2.8564368217797877
2002-02-05,2.371595029869236
2002-02-06,2.0146549851192996
2002-02-07,1.748739880244046
2002-02-08,1.5484341876059595
2002-02-09,1.3959703261192413
2002-02-10,1.2787647771749218
2002-02-11,1.2164491312724572
2002-02-12,1.7612631221442667
2002-02-13,2.704463266029079
2002-02-14,2.9176930888651325
2002-02-15,4.012527877121051
2002-02-16,4.491294642562646
2002-02-17,4.167869642954472
2002-02-18,4.225659123406906
2002-02-19,5.5037016756018815
2002-02-20,5.987218788388173
2002-02-21,5.318952676686985
2002-02-22,4.912067578460698
2002-02-23,4.237526504004193
2002-02-24,3.543346549274139
2002-02-25,2.9024334249998316
2002-02-26,2.4205877428559224
2002-02-27,2.0656487289573136
2002-02-28,1.801069964659349
2002-03-01,1.6016491583470565
2002-03-02,1.449758915677867
2002-03-03,1.332909439001059
2002-03-04,1.2421455390043903
2002-03-05,1.1709758685711056
2002-03-06,1.1146473904888743
2002-03-07,1.160192976060802
2002-03-08,1.263987699367297
2002-03-09,1.5376435592846256
2002-03-10,1.7387333879740428
2002-03-11,1.5692034881019319
2002-03-12,1.5103936402688731
2002-03-13,1.5477945829533362
2002-03-14,1.4584563619235
2002-03-15,1.3347316868300798
2002-03-16,1.2388193910620013
2002-03-17,1.2219687123578375
2002-03-18,1.4493264987934893
2002-03-19,1.5516060919518369
2002-03-20,2.0371661754918122
2002-03-21,2.4533659430648216
2002-03-22,2.253152287450266
2002-03-23,2.0736591514262845
2002-03-24,1.8003623474135104
2002-03-25,1.9489312903274305
2002-03-26,2.0651879937758824
2002-03-27,1.7989530229742796
2002-03-28,1.595003574218401
2002-03-29,1.9326825459645691
2002-03-30,2.795882418643592
2002-03-31,4.969942149692877
2002-04-01,5.949189829818439
2002-04-02,4.593471634266584
2002-04-03,4.875699268370623
2002-04-04,5.805711627080664
2002-04-05,5.136021041822231
2002-04-06,4.029202431746418
2002-04-07,3.2413780875355815
2002-04-08,2.6725264124280286
2002-04-09,2.2572049309727102
2002-04-10,1.9492312786801709
2002-04-11,1.717700507128541
2002-04-12,1.5423006891161621
2002-04-13,1.408056315936619
2002-04-14,1.3042950441013417
2002-04-15,1.2233245296024229
2002-04-16,1.1724065780679096
2002-04-17,1.14194495181188
2002-04-18,1.0947938699036057
2002-04-19,1.0564328074380869
2002-04-20,1.0252639828639247
2002-04-21,1.094582135672582
2002-04-22,1.1922094449893983
2002-04-23,1.189663093817724
2002-04-24,1.1695137599457306
2002-04-25,1.1777647720019249
2002-04-26,1.5384347373098703
2002-04-27,1.7424706526686702
2002-04-28,1.7250849864803257
2002-04-29,1.7765803108776737
2002-04-30,1.5875364683235282
2002-05-01,1.4338882996555198
2002-05-02,1.3595740280190232
2002-05-03,1.2908971895430101
2002-05-04,1.2044455379169468
2002-05-05,1.1365095844224304
2002-05-06,1.082674086035211
2002-05-07,1.3202913384573036
2002-05-08,1.549820987352715
2002-05-09,1.401613083999563
2002-05-10,1.2873950439980257
2002-05-11,1.2123217917691758
2002-05-12,1.1675422076465518
2002-05-13,1.2176713910888937
2002-05-14,2.0500310217101227
2002-05-15,3.31545125157074
2002-05-16,3.40601782560069
2002-05-17,2.7906937400383804
2002-05-18,2.765296406302266
2002-05-19,2.941644703753783
2002-05-20,2.5647933013693174
2002-05-21,2.437092672176963
2002-05-22,2.5090783980458644
2002-05-23,3.420021012956965
2002-05-24,4.3808113940758595
2002-05-25,3.781297731756309
2002-05-26,3.150360812855727
2002-05-27,3.453007665209448
2002-05-28,3.5310915696746363
2002-05-29,2.875890351394329
2002-05-30,2.3989557267549655
2002-05-31,2.0475618269725593
2002-06-01,2.298993649006371
2002-06-02,2.7581504308025995
2002-06-03,3.2890988330107436
2002-06-04,3.5738795650238036
2002-06-05,3.0074660945003036
2002-06-06,2.498477890167839
2002-06-07,2.12430131729109
2002-06-08,1.9299686672565883
2002-06-09,1.8827638106418014
2002-06-10,1.6940972813311952
2002-06-11,1.6585947147237399
2002-06-12,4.066704381486798
2002-06-13,6.049709139046417
2002-06-14,4.703725994411063
2002-06-15,3.7356591927511076
2002-06-16,3.2261083894127904
2002-06-17,2.8561154927001287
2002-06-18,2.4062916164578043
2002-06-19,2.0620294385917766
2002-06-20,1.8120289605096183
2002-06-21,1.619184608028986
2002-06-22,1.6055127876266881
2002-06-23,1.6939418147630707
2002-06-24,1.5691570501432597
2002-06-25,1.4944353533816155
2002-06-26,1.4521132485386792
2002-06-27,1.3394761185932185
2002-06-28,1.2518090803388782
2002-06-29,1.2225620793107954
2002-06-30,1.1848446145190017
2002-07-01,1.129412891966868
2002-07-02,1.0850647178614619
2002-07-03,1.049276298995786
2002-07-04,1.0201124492128748
2002-07-05,0.9961082596922674
2002-07-06,0.9792174999805261
2002-07-07,0.9630770733357955
2002-07-08,0.9481435797529231
2002-07-09,0.9353587391363293
2002-07-10,0.9242906714857534
2002-07-11,0.9359318078377536
2002-07-12,0.9855285907514045
2002-07-13,1.0784660696381225
2002-07-14,1.1775352837360835
2002-07-15,1.1630640287803138
2002-07-16,1.1049211792873457
2002-07-17,1.056456573688904
2002-07-18,1.0175453197361106
2002-07-19,0.986006082645528
2002-07-20,0.9610308763568723
2002-07-21,0.9398942760385162
2002-07-22,0.9218770568974973
2002-07-23,0.9066807670633464
2002-07-24,0.9027875731715574
2002-07-25,0.9315836981783187
2002-07-26,0.9420867442122608
2002-07-27,0.9259023357172108
2002-07-28,0.9287411628082206
2002-07-29,0.9233076494384101
2002-07-30,0.9040554059775795
2002-07-31,0.8882324335206135
2002-08-01,0.8745787769951382
2002-08-02,0.8627017110192531
2002-08-03,0.8621451355205859
2002-08-04,0.863109464336394
2002-08-05,0.8516979925599775
2002-08-06,0.8699758150763887
2002-08-07,0.888837237916872
2002-08-08,0.8764735903011354
2002-08-09,0.9328159751770345
2002-08-10,0.9808914985327299
2002-08-11,0.9701078236440762
2002-08-12,0.9449117590799642
2002-08-13,0.9136776356517703
2002-08-14,0.914026963084612
2002-08-15,0.9299991409818177
2002-08-16,0.911761496803471
2002-08-17,0.957589013735653
2002-08-18,1.0206334773606653
2002-08-19,1.04157962277289
2002-08-20,1.0466599880483813
2002-08-21,1.4004779079278904
2002-08-22,1.9983820655853577
2002-08-23,1.9465832592136387
2002-08-24,1.6781775614073258
2002-08-25,1.5106038000257935
2002-08-26,1.6135493910476597
2002-08-27,1.6409442785974668
2002-08-28,1.4479068892657958
2002-08-29,1.5531524257715648
2002-08-30,1.6293363145143098
2002-08-31,1.5960425365671302
2002-09-01,1.5874792281389578
2002-09-02,1.4071661862529394
2002-09-03,1.485203259377963
2002-09-04,1.9724916216081978
2002-09-05,2.2431091020188636
2002-09-06,2.003989029843025
2002-09-07,1.7209576604142043
2002-09-08,1.5082977423565842
2002-09-09,1.346892641450724
2002-09-10,1.2231710774567663
2002-09-11,1.1274321908180835
2002-09-12,1.0526638616275503
2002-09-13,0.9937450145142152
2002-09-14,0.9472474660755962
2002-09-15,0.9097439204159589
2002-09-16,0.8792374193532418
2002-09-17,0.8543162510530351
2002-09-18,0.833764142147663
2002-09-19,0.8166491415705225
2002-09-20,0.8022526479781509
2002-09-21,0.7900172821255045
2002-09-22,0.7795083033353292
2002-09-23,0.7717205514505103
2002-09-24,0.7653618779149395
2002-09-25,0.7577557904786575
2002-09-26,0.7509760655517351
2002-09-27,0.7448735086874061
2002-09-28,0.739324590819333
2002-09-29,0.7711133744746773
2002-09-30,1.7051382422079662
2002-10-01,2.679255926072693
2002-10-02,2.448885001291562
2002-10-03,2.3610943111983853
2002-10-04,2.0405288303822218
2002-10-05,1.772216509595961
2002-10-06,1.5698391572535708
2002-10-07,1.446577191487684
2002-10-08,1.6207204571055724
2002-10-09,1.7650146999406562
2002-10-10,1.6126376318488684
2002-10-11,1.4162217983956698
2002-10-12,1.2667326840957662
2002-10-13,1.1518941850935382
2002-10-14,1.0628478273767559
2002-10-15,0.9931735750135872
2002-10-16,0.9381712442146645
2002-10-17,0.894367373686642
2002-10-18,0.9784169335662001
2002-10-19,2.005174338425547
2002-10-20,2.7502909430034084
2002-10-21,2.367177116740331
2002-10-22,2.4150063491053686
2002-10-23,2.313359370508292
2002-10-24,1.9408089406969395
2002-10-25,1.6628041936979774
2002-10-26,1.4539210813084917
2002-10-27,1.3652245927710354
2002-10-28,1.3140171565591448
2002-10-29,1.2493179567538661
2002-10-30,1.3107948483717349
2002-10-31,1.3098446970516064
2002-11-01,1.1900762630011112
2002-11-02,1.0992642478353674
2002-11-03,1.8775858934900802
2002-11-04,2.798799340009262
2002-11-05,2.5555326527691653
2002-11-06,2.2031113029320815
2002-11-07,2.3432574873310505
2002-11-08,2.3328017750762324
2002-11-09,1.955911458048294
2002-11-10,2.10031879655557
2002-11-11,2.2274893578773276
2002-11-12,2.0249894305258818
2002-11-13,2.323516249967897
2002-11-14,2.366909473102263
2002-11-15,2.2369181670777967
2002-11-16,2.713147437162311
2002-11-17,2.7760937288208414
2002-11-18,2.285697291402463
2002-11-19,1.924834223263808
2002-11-20,1.656304446816213
2002-11-21,1.4542674182966586
2002-11-22,1.300678237753149
2002-11-23,1.182769200833953
2002-11-24,1.0913971645245801
2002-11-25,1.0199417947183294
2002-11-26,0.963560336387892
2002-11-27,0.9186767571639406
2002-11-28,0.8826272029791274
2002-11-29,0.8534111039904634
2002-11-30,0.9567271823559035
2002-12-01,1.0691382984208069
2002-12-02,1.4308998989343993
2002-12-03,2.1071523128866545
2002-12-04,2.110239611510448
2002-12-05,1.9451632866327857
2002-12-06,2.2796865605697665
2002-12-07,2.356855503681356
2002-12-08,2.1007417757691855
2002-12-09,1.9201570352745925
2002-12-10,1.6503257948042107
2002-12-11,1.4486710532348432
2002-12-12,1.296376129362731
2002-12-13,1.602729896140546
2002-12-14,2.6317873576165423
2002-12-15,3.0674918576265893
2002-12-16,2.6083959758852058
2002-12-17,2.162307322895559
2002-12-18,4.070291177211105
2002-12-19,4.4524612927591685
2002-12-20,5.340853445172034
2002-12-21,8.275155741513144
2002-12-22,9.44504583473991
2002-12-23,7.442413554720229
2002-12-24,5.5455674619262085
2002-12-25,5.470883565009924
2002-12-26,5.495579698667903
2002-12-27,4.790362463207338
2002-12-28,4.040866566928307
2002-12-29,3.2267670016458627
2002-12-30,2.6396950846425606
2002-12-31,2.210680069234269
2003-01-01,2.8980122715078642
2003-01-02,3.442546582302947
2003-01-03,3.059684162575263
2003-01-04,2.9917758823331293
2003-01-05,2.766587133039197
2003-01-06,2.5654705088480014
2003-01-07,3.071857096583997
2003-01-08,6.031207225296789
2003-01-09,9.75739224807636
2003-01-10,9.326200362618513
2003-01-11,7.776467460403732
2003-01-12,8.24316354493436
2003-01-13,9.314133421775674
2003-01-14,8.090560546699281
2003-01-15,5.921699236694741
2003-01-16,4.965953375698187
2003-01-17,5.245909263080846
2003-01-18,8.86794338175055
2003-01-19,8.963780773464487
2003-01-20,6.753883479478156
2003-01-21,5.594608428132722
2003-01-22,4.6341111702228535
2003-01-23,4.06169388672798
2003-01-24,4.6576129773343595
2003-01-25,10.777902504268765
2003-01-26,13.722597295292061
2003-01-27,8.903013611209806
2003-01-28,6.212607907508247
2003-01-29,4.828473985885496
2003-01-30,3.8537994601322296
2003-01-31,3.1559678279607457
2003-02-01,3.2348921240944075
2003-02-02,4.695434996980631
2003-02-03,6.480905137023285
2003-02-04,6.323675721622224
2003-02-05,4.920217657481511
2003-02-06,3.9277491216912135
2003-02-07,3.217787363886861
2003-02-08,2.7025831955941513
2003-02-09,2.3237637205604584
2003-02-10,8.695314277929947
2003-02-11,13.051940950968755
2003-02-12,8.153163685076949
2003-02-13,5.911811643644822
2003-02-14,4.640616487302873
2003-02-15,3.74155349878412
2003-02-16,3.0957884553441057
2003-02-17,2.6253921427316986
2003-02-18,2.278281815731831
2003-02-19,2.019049474128773
2003-02-20,1.8232483899467438
2003-02-21,1.6737608515843017
2003-02-22,1.5584460129858055
2003-02-23,1.6320777435266507
2003-02-24,3.1242055303985743
2003-02-25,4.247589823067837
2003-02-26,3.640727525107229
2003-02-27,4.132360983613462
2003-02-28,5.912828544167916
2003-03-01,6.852564145515802
2003-03-02,6.740690817475326
2003-03-03,6.059865880288473
2003-03-04,4.874002592984684
2003-03-05,3.952514477511187
2003-03-06,3.291203332997769
2003-03-07,2.7773923986789106
2003-03-08,2.3994597876304247
2003-03-09,2.1180794268561387
2003-03-10,1.9061629542661516
2003-03-11,1.7448120865978725
2003-03-12,1.6206679622659141
2003-03-13,1.524173022601517
2003-03-14,1.4484131774087172
2003-03-15,1.454413141025454
2003-03-16,2.6512905535242037
2003-03-17,3.6940502890876394
2003-03-18,3.127802303078239
2003-03-19,2.6526594063688202
2003-03-20,2.8463479242351784
2003-03-21,2.9856113380917306
2003-03-22,2.764657402725806
2003-03-23,2.7021988445048044
2003-03-24,2.4105406152504316
2003-03-25,2.1217797977806425
2003-03-26,1.9045369527963258
2003-03-27,1.7393455479491087
2003-03-28,1.6124061380057941
2003-03-29,1.5138604570696916
2003-03-30,1.436586328142193
2003-03-31,1.3753847708035432
2003-04-01,1.3303979134842492
2003-04-02,1.4135426082730083
2003-04-03,1.5166511606950561
2003-04-04,1.463766897314257
2003-04-05,1.3941854782201217
2003-04-06,1.3383084836668162
2003-04-07,1.2928575925276633
2003-04-08,1.2560157655201782
2003-04-09,1.238770611958648
2003-04-10,1.2285916376115837
2003-04-11,1.2023527410031611
2003-04-12,1.1804308468451807
2003-04-13,1.1619347262075852
2003-04-14,1.1487001075236958
2003-04-15,1.1356676238845773
2003-04-16,1.1320278206867087
2003-04-17,1.1906645168283245
2003-04-18,1.5525971632209064
2003-04-19,1.7930649033001478
2003-04-20,1.6346363399052741
2003-04-21,1.5126206255776677
2003-04-22,1.4178589095557153
2003-04-23,1.3435349991712169
2003-04-24,1.2846677218491387
2003-04-25,1.237582209406621
2003-04-26,1.293195331379841
2003-04-27,1.4194702304564493
2003-04-28,1.3940785039274344
2003-04-29,1.3209502772263542
2003-04-30,1.4817954072004522
2003-05-01,1.6717177535795804
2003-05-02,1.5638592062019692
2003-05-03,1.450426303446398
2003-05-04,1.362085794703752
2003-05-05,1.33535928438383
2003-05-06,1.330569516233273
2003-05-07,1.2692923008392933
2003-05-08,1.356360056405074
2003-05-09,1.4438392756668
2003-05-10,1.353306415210744
2003-05-11,1.2821432370983603
2003-05-12,1.2257346820297301
2003-05-13,1.1805854993304006
2003-05-14,1.1440909288198517
2003-05-15,1.117868906970216
2003-05-16,1.0939882992650412
2003-05-17,1.0726772422780544
2003-05-18,1.0617198318662193
2003-05-19,1.0489210077302888
2003-05-20,1.0341241795780272
2003-05-21,1.0709923655594589
2003-05-22,1.1758988842422025
2003-05-23,1.2377336082319326
2003-05-24,1.2755337052093094
2003-05-25,1.32909599088151
2003-05-26,1.3171004524354737
2003-05-27,1.2444603162442223
2003-05-28,1.1853517121480244
2003-05-29,1.138198463208502
2003-05-30,1.1752854898858298
2003-05-31,1.2121147836238406
2003-06-01,1.171980843617083
2003-06-02,1.135810705684838
2003-06-03,1.3085521072936126
2003-06-04,2.667306601149523
2003-06-05,3.6812101249256535
2003-06-06,3.004212056816415
2003-06-07,2.564720616484308
2003-06-08,2.392106958028012
2003-06-09,2.146431260782365
2003-06-10,1.8714646996042372
2003-06-11,1.664405402641985
2003-06-12,1.5069041007946256
2003-06-13,1.3858818809306592
2003-06-14,1.2919774561004282
2003-06-15,1.21852583587864
2003-06-16,1.2725270559606254
2003-06-17,1.3074519748810955
2003-06-18,1.497546777482876
2003-06-19,1.7512398194493966
2003-06-20,2.030944827505755
2003-06-21,2.195784050899349
2003-06-22,1.906105846340585
2003-06-23,1.6861423807027112
2003-06-24,1.5192380492679485
2003-06-25,1.3912961757815998
2003-06-26,1.2922544793704007
2003-06-27,1.2148489493558368
2003-06-28,1.1537808299472416
2003-06-29,1.105147570349296
2003-06-30,1.0660491784359885
2003-07-01,1.0343127207425213
2003-07-02,1.0403905735062413
2003-07-03,1.173902767323025
2003-07-04,1.2432409360986019
2003-07-05,1.1719050122822527
2003-07-06,1.115394381841288
2003-07-07,1.0702809449463573
2003-07-08,1.082166559232496
2003-07-09,1.164388248190108
2003-07-10,1.1637310481444023
2003-07-11,1.1062607552014823
2003-07-12,1.060384687079529
2003-07-13,1.0234561053710665
2003-07-14,1.1558383683869988
2003-07-15,1.31042234642267
2003-07-16,1.3236141430192958
2003-07-17,1.3454250336971716
2003-07-18,1.2536941313838625
2003-07-19,1.172748987716371
2003-07-20,1.1090684495338616
2003-07-21,1.05874334914143
2003-07-22,1.14836531406807
2003-07-23,1.2197838136203527
2003-07-24,1.1439302613098443
2003-07-25,1.084045445432254
2003-07-26,1.1232579994944354
2003-07-27,1.1598764811202258
2003-07-28,1.0959323177298057
2003-07-29,1.0443572165547965
2003-07-30,1.0030884336778791
2003-07-31,1.0229003408274793
2003-08-01,1.0415395729627528
2003-08-02,0.9993459917543454
2003-08-03,0.9652610613315925
2003-08-04,0.9375033583868628
2003-08-05,1.0228058931375974
2003-08-06,1.108445444556315
2003-08-07,1.0518115123230483
2003-08-08,1.103956437793291
2003-08-09,1.3224264145047626
2003-08-10,1.3806754059626616
2003-08-11,1.2593026514571795
2003-08-12,1.165231788316889
2003-08-13,1.0961541473018244
2003-08-14,1.043043928000828
2003-08-15,0.9957378044787095
2003-08-16,0.956990916775283
2003-08-17,0.9256377634885183
2003-08-18,0.9000270547228318
2003-08-19,0.8789036892934267
2003-08-20,0.8613071690573778
2003-08-21,0.8464977346541241
2003-08-22,0.8339022063104227
2003-08-23,0.8230739594599444
2003-08-24,0.8136631265783055
2003-08-25,0.8053942572479511
2003-08-26,0.7985857206045543
2003-08-27,0.8214982527779386
2003-08-28,0.8396485037251478
2003-08-29,0.8246374542615192
2003-08-30,0.8118873594192012
2003-08-31,0.8063509109194665
2003-09-01,0.801673780146258
2003-09-02,0.7924750272405862
2003-09-03,0.811579006403679
2003-09-04,0.8578072153761424
2003-09-05,0.8782707738465119
2003-09-06,1.1140312351846111
2003-09-07,1.7611688130226388
2003-09-08,1.977148973450384
2003-09-09,1.694467996285832
2003-09-10,1.482034344952371
2003-09-11,1.53975491750933
2003-09-12,1.7175941578069558
2003-09-13,1.6101101748118902
2003-09-14,1.439142055914603
2003-09-15,1.5499508652236897
2003-09-16,1.6506309759512885
2003-09-17,1.5448356676241737
2003-09-18,1.531213882969132
2003-09-19,1.4666546550800954
2003-09-20,1.3091264503008795
2003-09-21,1.1881036553158955
2003-09-22,1.2283298520690453
2003-09-23,1.2712384515455795
2003-09-24,1.1981477824021225
2003-09-25,1.2659523233600234
2003-09-26,2.0244485444716362
2003-09-27,3.19814444725333
2003-09-28,4.413940807263622
2003-09-29,4.892917980697268
2003-09-30,4.0315646292261516
2003-10-01,3.1984035399668347
2003-10-02,2.598396055944342
2003-10-03,2.1940859322191506
2003-10-04,1.899474626563153
2003-10-05,1.9030740732772984
2003-10-06,1.9781719740350232
2003-10-07,1.7379230023210364
2003-10-08,1.52082543137812
2003-10-09,1.3561293848911529
2003-10-10,1.230278493665183
2003-10-11,1.1327810285792963
2003-10-12,1.206039610121595
2003-10-13,1.431753087608244
2003-10-14,1.4482936610848378
2003-10-15,1.309202290845634
2003-10-16,1.1923758485470886
2003-10-17,1.1017971245218354
2003-10-18,1.0309284275561341
2003-10-19,1.025768704126888
2003-10-20,2.0689688714155605
2003-10-21,3.012199317530321
2003-10-22,2.55284253371069
2003-10-23,2.125480819338767
2003-10-24,1.8093736842211536
2003-10-25,1.5729144399902468
2003-10-26,1.4928268767458732
2003-10-27,1.4442877137371282
2003-10-28,1.29711652931424
2003-10-29,1.188817949952127
2003-10-30,1.098721062677723
2003-10-31,1.0281988905871018
2003-11-01,0.9725174115043376
2003-11-02,0.9281609613967824
2003-11-03,0.8925093258339457
2003-11-04,0.9976775004951227
2003-11-05,1.6270364867225389
2003-11-06,2.0482852452821385
2003-11-07,1.8014359048829123
2003-11-08,1.5632654543814144
2003-11-09,1.383275306158679
2003-11-10,1.363112644742217
2003-11-11,1.3606804600021436
2003-11-12,1.228301150064136
2003-11-13,1.126084687033804
2003-11-14,1.0464822574958108
2003-11-15,0.9839304599913405
2003-11-16,0.9343386987082369
2003-11-17,0.8946718853662073
2003-11-18,0.8626590352196984
2003-11-19,0.9798330028665311
2003-11-20,1.097054073998627
2003-11-21,1.021015333652702
2003-11-22,0.9610937720268816
2003-11-23,1.8737184332952894
2003-11-24,2.848352854090878
2003-11-25,2.4521341390542983
2003-11-26,2.402352788965818
2003-11-27,2.790300512144587
2003-11-28,2.9118971680230383
2003-11-29,2.6387805304871828
2003-11-30,2.2864105854526726
2003-12-01,2.204150429094471
2003-12-02,2.068256923069182
2003-12-03,2.0715924917115998
2003-12-04,2.084329176191988
2003-12-05,1.852518350725398
2003-12-06,1.6894337248563585
2003-12-07,1.4791936802430452
2003-12-08,1.3195546257222819
2003-12-09,1.197170834753458
2003-12-10,1.3559247307866722
2003-12-11,1.5000076628490973
2003-12-12,1.3347405152926173
2003-12-13,1.2080847645739647
2003-12-14,1.110192121532336
2003-12-15,1.033834018912607
2003-12-16,1.092490110260239
2003-12-17,1.1549740514431763
2003-12-18,1.274708463978704
2003-12-19,2.9490793743064
2003-12-20,4.40687769587278
2003-12-21,3.768017200259264
2003-12-22,3.0059015940957825
2003-12-23,2.4551359136176623
2003-12-24,2.0518819645233015
2003-12-25,1.7530117979860407
2003-12-26,1.5289918384627441
2003-12-27,1.3592955047382984
2003-12-28,1.229462176461664
2003-12-29,1.1291778565985757
2003-12-30,1.0662977697872205
2003-12-31,1.0180891449624128
2004-01-01,0.9632697720815183
2004-01-02,0.9195760970335094
2004-01-03,0.8844387278502525
2004-01-04,1.4063384005043493
2004-01-05,1.685614725704724
2004-01-06,2.7325495062985627
2004-01-07,3.6775443414986633
2004-01-08,3.710968828056537
2004-01-09,3.6187326346625333
2004-01-10,4.2334925376617045
2004-01-11,5.9076676480762425
2004-01-12,6.642112611178271
2004-01-13,6.511191729815601
2004-01-14,6.180870890692347
2004-01-15,7.072603654667468
2004-01-16,6.180633789557891
2004-01-17,4.730505210847608
2004-01-18,3.9018541685103014
2004-01-19,3.763309146224747
2004-01-20,3.440997147310465
2004-01-21,2.7950609450635002
2004-01-22,2.3247449548868886
2004-01-23,1.9780449030824252
2004-01-24,1.7194521229674165
2004-01-25,1.5244516809283677
2004-01-26,1.673164197909139
2004-01-27,1.8056037221226608
2004-01-28,2.853422571483504
2004-01-29,3.7027911392107877
2004-01-30,2.987503098805196
2004-01-31,2.4675192281584244
2004-02-01,2.1708549698318884
2004-02-02,2.05483789358536
2004-02-03,1.9862591670005412
2004-02-04,1.8417844761715134
2004-02-05,2.1398845653332117
2004-02-06,2.3791906090959243
2004-02-07,2.9166701793122662
2004-02-08,3.7331972725353135
2004-02-09,3.3769374902635723
2004-02-10,2.781801462373195
2004-02-11,2.321155630471289
2004-02-12,1.9812836776472926
2004-02-13,1.7275703357225833
2004-02-14,2.1667963101695844
2004-02-15,2.5580256118234366
2004-02-16,2.830887355543638
2004-02-17,3.067523392187258
2004-02-18,3.77956873829276
2004-02-19,5.003041730036977
2004-02-20,4.539224149397723
2004-02-21,5.933232953290243
2004-02-22,6.180109095978318
2004-02-23,4.819835691961913
2004-02-24,3.8028018525151626
2004-02-25,3.076555762855033
2004-02-26,2.5504586564817964
2004-02-27,2.1642964780882687
2004-02-28,2.077668860476828
2004-02-29,2.011768854064094
2004-03-01,1.763142961205842
2004-03-02,1.5752110001436563
2004-03-03,1.431763051805374
2004-03-04,1.32117713239759
2004-03-05,1.28667175398298
2004-03-06,1.3277087707491924
2004-03-07,1.3372825100754009
2004-03-08,1.4464089387685612
2004-03-09,1.471764965473943
2004-03-10,1.3494337212174534
2004-03-11,1.2545016592675886
2004-03-12,1.1802060021563132
2004-03-13,1.3622197990611602
2004-03-14,1.8974905234148858
2004-03-15,2.025344252010547
2004-03-16,1.7673556846195355
2004-03-17,1.572601030610154
2004-03-18,1.4241842212438531
2004-03-19,1.3099485007154523
2004-03-20,1.221172291783814
2004-03-21,1.1515299809726787
2004-03-22,1.097678575695537
2004-03-23,2.377471682538498
2004-03-24,3.5360281987652393
2004-03-25,3.0268383095816014
2004-03-26,2.710315604477348
2004-03-27,2.3791377256243327
2004-03-28,2.0724539978631493
2004-03-29,1.9783376855165373
2004-03-30,1.9013690980211324
2004-03-31,1.6984884557764983
2004-04-01,1.5386610083939993
2004-04-02,1.3973455638574552
2004-04-03,1.288350927275682
2004-04-04,1.2035038588349967
2004-04-05,1.136833179665191
2004-04-06,1.0839566487547914
2004-04-07,1.0416284815859176
2004-04-08,1.0097033419318808
2004-04-09,0.9842823681961211
2004-04-10,0.9615539709736122
2004-04-11,0.9416207558911531
2004-04-12,0.9247431250677624
2004-04-13,0.910440224807465
2004-04-14,0.8981869064905338
2004-04-15,0.8911307291351279
2004-04-16,0.9066177588098827
2004-04-17,0.9160369123964324
2004-04-18,0.9060687950108117
2004-04-19,0.8918130359730377
2004-04-20,0.8979004776279701
2004-04-21,0.9501010873756829
2004-04-22,0.9578791925915068
2004-04-23,0.9473007118302138
2004-04-24,0.9415168616483572
2004-04-25,0.917323713882043
2004-04-26,1.0319234557460752
2004-04-27,1.1582493717989175
2004-04-28,1.0899677596887583
2004-04-29,1.126101641925149
2004-04-30,1.156506467112692
2004-05-01,1.0847173024846144
2004-05-02,1.2193720798017669
2004-05-03,1.3403390637804202
2004-05-04,1.2848564395903022
2004-05-05,1.3059597763651312
2004-05-06,1.4023875988003738
2004-05-07,1.457506407312831
2004-05-08,1.384791327960021
2004-05-09,1.788396567044754
2004-05-10,2.0881738231738405
2004-05-11,1.81613870555766
2004-05-12,1.592611227547317
2004-05-13,1.4880475028138636
2004-05-14,1.4441848749524935
2004-05-15,1.3456065739146554
2004-05-16,1.2389879047647248
2004-05-17,1.1456193770385368
2004-05-18,1.0726071252173353
2004-05-19,1.3442200457249527
2004-05-20,1.601255337887257
2004-05-21,1.4223589123309932
2004-05-22,1.2854609653322844
2004-05-23,1.1798965801451238
2004-05-24,1.0977308920998134
2004-05-25,1.0331921168145641
2004-05-26,0.9820403896752298
2004-05-27,0.9411326613125496
2004-05-28,0.9474050768771787
2004-05-29,0.9950421551551188
2004-05-30,1.0106530686939779
2004-05-31,1.0694020630493528
2004-06-01,1.2006828734860224
2004-06-02,1.453815478196387
2004-06-03,1.5155476919042215
2004-06-04,1.351493440652633
2004-06-05,1.2257240952670367
2004-06-06,1.1284797284929056
2004-06-07,1.0525949544160869
2004-06-08,0.9928417851428595
2004-06-09,0.9453689313074359
2004-06-10,0.9073340649049483
2004-06-11,0.8765561949202554
2004-06-12,0.8514209546186245
2004-06-13,0.8307063297206287
2004-06-14,0.8134680622837678
2004-06-15,0.7989783766070709
2004-06-16,0.7866730035511765
2004-06-17,0.7796165751990829
2004-06-18,0.7875519488211418
2004-06-19,0.7814800495598156
2004-06-20,0.7704322381651015
2004-06-21,0.7608792445767851
2004-06-22,0.752538843140318
2004-06-23,0.7451779799743438
2004-06-24,0.738611783326982
2004-06-25,0.7344701317391613
2004-06-26,0.7293869268692045
2004-06-27,0.7291800639342564
2004-06-28,0.7292011664655994
2004-06-29,0.7573012465653051
2004-06-30,0.7997625448678686
2004-07-01,0.8145150143484362
2004-07-02,0.8256248366801286
2004-07-03,0.802214220422521
2004-07-04,0.7804885393166128
2004-07-05,0.7837242126215959
2004-07-06,0.9130745540680203
2004-07-07,1.0636554656563892
2004-07-08,1.0347489455807255
2004-07-09,0.962588476011609
2004-07-10,0.9057550150467675
2004-07-11,0.8606272742721209
2004-07-12,0.824478208599723
2004-07-13,0.7952638318523242
2004-07-14,0.7714401925837161
2004-07-15,0.7518325703482104
2004-07-16,0.7519312974664863
2004-07-17,1.213102923741589
2004-07-18,1.7372868136317263
2004-07-19,1.512925062672431
2004-07-20,1.3297523136880025
2004-07-21,1.1868235108994725
2004-07-22,1.0968248166094052
2004-07-23,1.0290605122535916
2004-07-24,1.05902671720953
2004-07-25,1.0891731965944567
2004-07-26,1.000467393522259
2004-07-27,0.9879394457372591
2004-07-28,1.17017650314225
2004-07-29,1.2716590252954594
2004-07-30,1.1535447389516216
2004-07-31,1.0516253948024945
2004-08-01,0.9705359454711201
2004-08-02,0.9066939257834079
2004-08-03,0.8559966588806843
2004-08-04,0.899422600874269
2004-08-05,0.947688091280726
2004-08-06,0.8890131380946972
2004-08-07,0.862361426435928
2004-08-08,0.8424866622675949
2004-08-09,0.8032851837489683
2004-08-10,0.771699750822358
2004-08-11,0.7460491663692014
2004-08-12,0.7250319768716511
2004-08-13,0.7076531024070181
2004-08-14,0.6931467922025679
2004-08-15,0.6883703033693274
2004-08-16,0.6843751113418547
2004-08-17,0.6729604184441321
2004-08-18,0.6631944717257698
2004-08-19,0.6584104117988296
2004-08-20,0.6536961949408262
2004-08-21,0.6585475797625479
2004-08-22,0.6639488253345421
2004-08-23,0.6538095685981138
2004-08-24,0.645077413615203
2004-08-25,0.6375322685186174
2004-08-26,0.6308803225365933
2004-08-27,0.6249608796533291
2004-08-28,0.6196548254766782
2004-08-29,0.6148505114379003
2004-08-30,0.610458215044927
2004-08-31,0.6064055672209109
2004-09-01,0.6026339905249789
2004-09-02,0.5990959118952359
2004-09-03,0.5960422987302844
2004-09-04,0.6061369379679097
2004-09-05,0.8919755040089883
2004-09-06,1.4327648274914901
2004-09-07,1.6055231621326274
2004-09-08,1.5003909377782338
2004-09-09,1.3021178769152733
2004-09-10,1.213559761959276
2004-09-11,1.1306620041001478
2004-09-12,1.0152436879690774
2004-09-13,0.9448541254277768
2004-09-14,0.8886374145199353
2004-09-15,0.8268053199620288
2004-09-16,0.7779039435313853
2004-09-17,0.7389233431003563
2004-09-18,0.7075909352310424
2004-09-19,0.6821933868151615
2004-09-20,0.6614294772108725
2004-09-21,0.6443041659756956
2004-09-22,0.7970633668839691
2004-09-23,1.1295602770922313
2004-09-24,1.22062172442589
2004-09-25,1.2017360969982158
2004-09-26,1.1531222722960919
2004-09-27,1.4362979594460759
2004-09-28,1.9788105849924371
2004-09-29,1.922837321598964
2004-09-30,1.6113970232274168
2004-10-01,1.378449716953239
2004-10-02,1.4493982436610073
2004-10-03,1.5509968844094661
2004-10-04,1.3616319157343042
2004-10-05,1.1902079421218454
2004-10-06,1.059284953585084
2004-10-07,0.9609089708202072
2004-10-08,0.8829266464931376
2004-10-09,0.8207740024552885
2004-10-10,0.7716443967123823
2004-10-11,1.698244529028556
2004-10-12,2.6369379562965203
2004-10-13,2.1502766512289537
2004-10-14,1.865459126859971
2004-10-15,1.9471149530247551
2004-10-16,1.9578117436760094
2004-10-17,1.7385127574747379
2004-10-18,1.5130125599593465
2004-10-19,1.941317806990564
2004-10-20,2.5314143581598247
2004-10-21,2.3755157887284493
2004-10-22,2.0344965108232436
2004-10-23,1.7356679573348746
2004-10-24,1.5263637043388918
2004-10-25,1.4682625124867832
2004-10-26,1.4821258538213204
2004-10-27,1.3230903467647535
2004-10-28,1.4582756074856669
2004-10-29,2.161368997198047
2004-10-30,2.6518479608991794
2004-10-31,2.411493842300346
2004-11-01,1.9820182168818725
2004-11-02,1.8800035901327703
2004-11-03,1.9939073679686186
2004-11-04,1.8325138288463092
2004-11-05,1.5543171424625661
2004-11-06,1.345352099374894
2004-11-07,1.186834721998225
2004-11-08,1.135496594380364
2004-11-09,1.111629206386903
2004-11-10,1.007227368148079
2004-11-11,1.0552623066921352
2004-11-12,1.1090650027074114
2004-11-13,1.0047759972001187
2004-11-14,0.9236817968088683
2004-11-15,1.023303114099028
2004-11-16,1.178383443610808
2004-11-17,1.2535817827449791
2004-11-18,1.251390139917537
2004-11-19,1.113367983622897
2004-11-20,1.0071072414383033
2004-11-21,0.9246118790017764
2004-11-22,1.4487769638732335
2004-11-23,2.390774533162125
2004-11-24,2.424067516516998
2004-11-25,1.992222789732957
2004-11-26,1.673033641064577
2004-11-27,1.4345644542059546
2004-11-28,1.3722188120297243
2004-11-29,1.4681066542836507
2004-11-30,1.428051100585927
2004-12-01,1.2819597252355222
2004-12-02,3.6101255299089163
2004-12-03,5.725139526077689
2004-12-04,4.587939150819448
2004-12-05,4.632363047700759
2004-12-06,5.099752047003035
2004-12-07,4.745452798333035
2004-12-08,4.1927852296822845
2004-12-09,4.639868084959491
2004-12-10,4.682657271645837
2004-12-11,4.348245204222984
2004-12-12,4.3698192978292765
2004-12-13,3.664014120729718
2004-12-14,3.030029577812496
2004-12-15,2.7714120022615383
2004-12-16,2.654900213936721
2004-12-17,2.5258248272416335
2004-12-18,2.337797872096177
2004-12-19,2.0698635316650686
2004-12-20,1.7539655098693634
2004-12-21,1.5181940335061672
2004-12-22,1.340289756519632
2004-12-23,1.2046641825880184
2004-12-24,1.1002571030832646
2004-12-25,1.0191269525820912
2004-12-26,0.9555086057179193
2004-12-27,0.9051744283782718
2004-12-28,2.5016577771288304
2004-12-29,9.959126139168378
2004-12-30,14.778464518459215
2004-12-31,12.956493485620385
2005-01-01,8.077763569231573
2005-01-02,5.695929005855548
2005-01-03,4.450839521819776
2005-01-04,3.593790060735168
2005-01-05,2.8925314868840686
2005-01-06,2.3823993420540712
2005-01-07,2.0075597116658876
2005-01-08,1.728833028261293
2005-01-09,1.6776130053576663
2005-01-10,1.6675564190260996
2005-01-11,1.5030939264570986
2005-01-12,1.3475671190792529
2005-01-13,1.2281486976759155
2005-01-14,1.1355848076618933
2005-01-15,1.0631746726950593
2005-01-16,1.00601669171386
2005-01-17,0.9604914931364518
2005-01-18,0.9239030918938499
2005-01-19,0.8942269424401625
2005-01-20,0.8699311604430777
2005-01-21,0.8498484043433204
2005-01-22,0.8330832094606508
2005-01-23,0.8189443818520753
2005-01-24,0.8068952727383097
2005-01-25,0.7965169240017995
2005-01-26,0.787480555947087
2005-01-27,1.4221849981885801
2005-01-28,2.5016911761149676
2005-01-29,2.7276077954452798
2005-01-30,3.3788477036221725
2005-01-31,3.5863519540253663
2005-02-01,3.2356652537215838
2005-02-02,2.879987730204327
2005-02-03,2.3686553939969754
2005-02-04,2.1698997450251167
2005-02-05,2.4613696584189344
2005-02-06,2.4708013435749625
2005-02-07,2.389840621708657
2005-02-08,2.335375138163806
2005-02-09,2.671851475004741
2005-02-10,4.934017163845551
2005-02-11,6.710475312433822
2005-02-12,5.783218909975091
2005-02-13,5.800099999151364
2005-02-14,8.758741818379056
2005-02-15,7.071146167385057
2005-02-16,8.942658921605279
2005-02-17,10.24521734197288
2005-02-18,8.421938288227468
2005-02-19,7.474145751958429
2005-02-20,5.983268076469737
2005-02-21,4.620405253106715
2005-02-22,4.416992362311581
2005-02-23,4.878622742865948
2005-02-24,4.41486385320582
2005-02-25,3.594422612082765
2005-02-26,3.009074619406011
2005-02-27,2.503215266976092
2005-02-28,2.1311968606599763
2005-03-01,1.8543492515394966
2005-03-02,1.6677309247110876
2005-03-03,1.6942472410051341
2005-03-04,1.6664507426295796
2005-03-05,1.5026202793902852
2005-03-06,1.3768592360392151
2005-03-07,1.2794369522140971
2005-03-08,1.2032447381123712
2005-03-09,1.3257712500494583
2005-03-10,1.478007699309189
2005-03-11,1.455302312191031
2005-03-12,1.3888717210228565
2005-03-13,1.2860290713653504
2005-03-14,1.2057458315372804
2005-03-15,1.1477562372769523
2005-03-16,1.5341734493626333
2005-03-17,1.8449446989007745
2005-03-18,2.020696436633218
2005-03-19,2.1594283175849234
2005-03-20,1.8683222296954387
2005-03-21,1.6495720419482716
2005-03-22,1.483589686401295
2005-03-23,1.3563598150820086
2005-03-24,1.257877584932246
2005-03-25,1.180919861055371
2005-03-26,1.1202171993396663
2005-03-27,1.077716513331531
2005-03-28,1.0822678176866247
2005-03-29,1.0652481679104928
2005-03-30,1.0424832157108337
2005-03-31,1.0999481732983138
2005-04-01,1.1194572389315955
2005-04-02,1.0680228430017342
2005-04-03,1.026772648657505
2005-04-04,0.993414977399769
2005-04-05,1.3445162067406942
2005-04-06,1.9646200661990234
2005-04-07,1.9625398873079003
2005-04-08,1.711538797804174
2005-04-09,1.5219672887942484
2005-04-10,1.3774091723320616
2005-04-11,1.2660817039761583
2005-04-12,1.1795241814703272
2005-04-13,1.111595166025319
2005-04-14,1.057791926857943
2005-04-15,1.0147824861187722
2005-04-16,0.9800799303991888
2005-04-17,0.9518131763247201
2005-04-18,0.9285639293616682
2005-04-19,0.9394487946429498
2005-04-20,1.3025501517329041
2005-04-21,1.6066832368917519
2005-04-22,1.7675446647488195
2005-04-23,3.038010064637971
2005-04-24,3.893299676319645
2005-04-25,3.500298311744281
2005-04-26,3.0266732099449314
2005-04-27,2.5589260938163223
2005-04-28,2.233193649039803
2005-04-29,1.9108185052277082
2005-04-30,1.6696492125955753
2005-05-01,1.5093857935341142
2005-05-02,1.6261107349936694
2005-05-03,1.676069014780306
2005-05-04,1.491712881852637
2005-05-05,1.5013665035509896
2005-05-06,1.5237991691223793
2005-05-07,1.3749066117441846
2005-05-08,1.260286438185971
2005-05-09,1.1713018299988454
2005-05-10,1.1015709096243522
2005-05-11,1.2927213859892406
2005-05-12,1.4661033964043064
2005-05-13,1.3285616767506165
2005-05-14,1.222316955564055
2005-05-15,1.1396005574796033
2005-05-16,1.0812834942665555
2005-05-17,1.0354640310466117
2005-05-18,0.9943937939865563
2005-05-19,0.9596695294997156
2005-05-20,0.9324436196725943
2005-05-21,1.1993594008741295
2005-05-22,1.4381316528135228
2005-05-23,1.3023487955980426
2005-05-24,1.201631369344089
2005-05-25,1.1220610760455278
2005-05-26,1.0565259775122315
2005-05-27,1.0045922324614482
2005-05-28,0.963068928071155
2005-05-29,0.92956359692786
2005-05-30,0.9022745947139444
2005-05-31,0.8798351253708049
2005-06-01,0.8612010887587759
2005-06-02,0.8455697068786626
2005-06-03,0.8323199799427595
2005-06-04,0.8209687682431563
2005-06-05,0.8111381559601606
2005-06-06,0.8924215973182337
2005-06-07,0.9999072476789214
2005-06-08,0.9582410181837012
2005-06-09,0.9197698495105082
2005-06-10,0.8957693563245545
2005-06-11,0.9832064000766021
2005-06-12,1.0459355538710005
2005-06-13,0.9872151231450714
2005-06-14,0.9515704353498196
2005-06-15,0.963109953589438
2005-06-16,0.947408409989399
2005-06-17,0.9077185692483808
2005-06-18,0.8756626322018595
2005-06-19,0.8906867181371321
2005-06-20,0.8953340472571297
2005-06-21,0.8644256972706916
2005-06-22,0.8391875561301726
2005-06-23,0.8184133352860917
2005-06-24,0.8011461112709027
2005-06-25,0.7866492038455738
2005-06-26,0.8719135662422332
2005-06-27,0.9574433694231702
2005-06-28,0.922409379974248
2005-06-29,1.2754566801328213
2005-06-30,1.9631031468735782
2005-07-01,2.0751986388212695
2005-07-02,2.708741507097739
2005-07-03,3.304139407529668
2005-07-04,2.8093074231857966
2005-07-05,2.360325620886705
2005-07-06,2.061225689661814
2005-07-07,1.9161947368944119
2005-07-08,1.726650198822978
2005-07-09,1.5076090161741742
2005-07-10,1.3385578505282403
2005-07-11,1.209229238778028
2005-07-12,1.1345364806759881
2005-07-13,1.0691539050109038
2005-07-14,0.9998308562800933
2005-07-15,0.9450537392678592
2005-07-16,0.901412252535308
2005-07-17,0.8663334850155985
2005-07-18,0.8629041233411664
2005-07-19,0.8788247469619798
2005-07-20,0.85200321930654
2005-07-21,0.8250980972141836
2005-07-22,0.8030223026181971
2005-07-23,0.7847422616408624
2005-07-24,0.7694569493964135
2005-07-25,0.7947471098063073
2005-07-26,0.8328512178011745
2005-07-27,0.8235760545807155
2005-07-28,0.8018818108566911
2005-07-29,0.7811469114019252
2005-07-30,0.763938129191339
2005-07-31,0.7495173544879709
2005-08-01,0.7373104659553326
2005-08-02,0.7268702117836568
2005-08-03,0.7178463104879521
2005-08-04,0.7099630424873401
2005-08-05,0.7030023445003138
2005-08-06,0.6967909755821412
2005-08-07,0.691190716440801
2005-08-08,0.6860908431033758
2005-08-09,0.6816252561250652
2005-08-10,0.6773317359669911
2005-08-11,0.6732206041226033
2005-08-12,0.6693510371520682
2005-08-13,0.6656830809723684
2005-08-14,0.6627398025961858
2005-08-15,0.7030595569326542
2005-08-16,0.745995033203461
2005-08-17,0.7268573017006038
2005-08-18,0.7166584190448956
2005-08-19,0.7450957748902779
2005-08-20,0.7593276010588732
2005-08-21,0.7362927445926205
2005-08-22,0.7171463116515125
2005-08-23,0.7011283046933888
2005-08-24,0.6877131167701727
2005-08-25,0.6763648250966453
2005-08-26,0.6666659618794912
2005-08-27,0.6582895781406742
2005-08-28,0.650978315119788
2005-08-29,0.6445286203016468
2005-08-30,0.6387787680490279
2005-08-31,0.6335997133344523
2005-09-01,0.6288880689613127
2005-09-02,0.66540791803599
2005-09-03,0.7624191000244923
2005-09-04,0.7904271893646132
2005-09-05,0.7542709596752903
2005-09-06,0.7425864814084031
2005-09-07,0.7331428138838526
2005-09-08,0.7075377956580916
2005-09-09,0.6866092632934606
2005-09-10,0.6693432179199602
2005-09-11,0.6549660484515182
2005-09-12,0.6428826804262224
2005-09-13,0.6326262163133016
2005-09-14,0.6238317246088027
2005-09-15,0.616212492943844
2005-09-16,0.6095421610412588
2005-09-17,0.6041178911197115
2005-09-18,0.603357269882613
2005-09-19,0.6004429730112402
2005-09-20,0.6079841126184026
2005-09-21,0.6158251751556831
2005-09-22,0.6070020958812828
2005-09-23,0.5994291377308641
2005-09-24,0.5927759444075064
2005-09-25,0.5868751504739115
2005-09-26,0.5816141353958787
2005-09-27,0.5768756649434404
2005-09-28,0.5725656553103845
2005-09-29,0.5686083165181525
2005-09-30,0.564942376230854
2005-10-01,0.5615181296930535
2005-10-02,0.5582951246472011
2005-10-03,0.5552403367382542
2005-10-04,0.5523267255880107
2005-10-05,0.5495320876451295
2005-10-06,0.5470515676081976
2005-10-07,0.5444929237835697
2005-10-08,0.5424252746908178
2005-10-09,0.5402797903439818
2005-10-10,0.5377159722884911
2005-10-11,0.5352203825349428
2005-10-12,0.5463565095959545
2005-10-13,0.5640586702559842
2005-10-14,0.5763488428893813
2005-10-15,0.5815779110138509
2005-10-16,0.5706288002454502
2005-10-17,0.5734122057654537
2005-10-18,0.5728135534158615
2005-10-19,0.5784947695410928
2005-10-20,0.6060769213431284
2005-10-21,0.6089860194892086
2005-10-22,0.6083383538408901
2005-10-23,0.7046154126856455
2005-10-24,0.7703962283406401
2005-10-25,0.7182022095602275
2005-10-26,0.6767267225887652
2005-10-27,0.6435476835610244
2005-10-28,0.6167899620827774
2005-10-29,0.5950335578238335
2005-10-30,0.5771955140296711
2005-10-31,0.5624444427296248
2005-11-01,0.5501381175272128
2005-11-02,0.5397775370683352
2005-11-03,0.5309728531112775
2005-11-04,0.5395014633872336
2005-11-05,0.5672336235234473
2005-11-06,0.6175096600252221
2005-11-07,0.642915439989236
2005-11-08,0.7151099429622624
2005-11-09,0.7826678056118131
2005-11-10,0.795266351545869
2005-11-11,0.8105963561097131
2005-11-12,0.7471798265199912
2005-11-13,0.7002893589156294
2005-11-14,0.6576332586955874
2005-11-15,0.6235459269889719
2005-11-16,0.6097825194049241
2005-11-17,0.6431418869053992
2005-11-18,0.8722559738074147
2005-11-19,1.0578554428047044
2005-11-20,0.9538594685830412
2005-11-21,0.8547626949441618
2005-11-22,0.7777607829494254
2005-11-23,0.7460976560055669
2005-11-24,0.7269804572601988
2005-11-25,0.6816422535900944
2005-11-26,0.7529373844499943
2005-11-27,0.987166850098112
2005-11-28,1.533648531426877
2005-11-29,2.013083245066458
2005-11-30,1.874213583275875
2005-12-01,1.7900696566190735
2005-12-02,2.677468429906392
2005-12-03,3.206746612212624
2005-12-04,2.5964868743706675
2005-12-05,3.7741384412546
2005-12-06,4.736225688898212
2005-12-07,3.6285840924547674
2005-12-08,3.08002259077896
2005-12-09,2.691514363518776
2005-12-10,2.5621340483904835
2005-12-11,2.5138186209517634
2005-12-12,2.2217457253989825
2005-12-13,2.2578372973944143
2005-12-14,2.338974382290236
2005-12-15,3.031773702904964
2005-12-16,3.7289941905711745
2005-12-17,3.5588871047638277
2005-12-18,3.064859628292192
2005-12-19,2.9222469441573864
2005-12-20,3.5264032773617386
2005-12-21,3.8785361440709747
2005-12-22,4.354462527408854
2005-12-23,4.817470449205112
2005-12-24,4.669871669818218
2005-12-25,4.090824661880725
2005-12-26,3.3230886421377464
2005-12-27,2.6467157983247804
2005-12-28,2.155818931783338
2005-12-29,1.988761920254275
2005-12-30,3.398066422142847
2005-12-31,4.798727050906011
2006-01-01,5.465893313938717
2006-01-02,5.441214686305817
2006-01-03,4.83325879952054
2006-01-04,3.740862918355228
2006-01-05,3.0273971791479646
2006-01-06,2.5295972100847126
2006-01-07,2.4245298296411195
2006-01-08,2.3497168659045915
2006-01-09,1.9528955738117115
2006-01-10,1.6585448243679635
2006-01-11,1.4378616252397638
2006-01-12,1.2706777818524113
2006-01-13,1.1427746655149236
2006-01-14,1.0440040907467787
2006-01-15,0.9670407758999527
2006-01-16,0.9065417654334306
2006-01-17,0.8585722910209129
2006-01-18,0.8202086519236392
2006-01-19,0.789260313604841
2006-01-20,0.9456382030764156
2006-01-21,1.0944757243810204
2006-01-22,1.003818410072861
2006-01-23,0.9329019586840864
2006-01-24,0.8770177312568865
2006-01-25,0.9513221726005794
2006-01-26,1.0242215673142323
2006-01-27,1.3000994150062735
2006-01-28,2.820898430486864
2006-01-29,3.8959066009338623
2006-01-30,3.330323738764413
2006-01-31,2.7422648688336153
2006-02-01,2.73841609931532
2006-02-02,3.108133668255075
2006-02-03,4.245284071984893
2006-02-04,5.286621722697764
2006-02-05,5.39282499324536
2006-02-06,4.490644820087607
2006-02-07,3.510373689455402
2006-02-08,2.809404354845981
2006-02-09,2.301110467017543
2006-02-10,2.149128845019255
2006-02-11,2.0426939215256508
2006-02-12,1.9090859253598367
2006-02-13,2.22669366311986
2006-02-14,2.7982815335042157
2006-02-15,3.73701369020768
2006-02-16,5.562156780718751
2006-02-17,5.889406918028237
2006-02-18,4.507228108740893
2006-02-19,3.5350065686301324
2006-02-20,2.8396420336996244
2006-02-21,2.335197167797588
2006-02-22,1.9644931079740742
2006-02-23,1.688812627705383
2006-02-24,1.4815205585466396
2006-02-25,1.3240277938567675
2006-02-26,1.2031891624163142
2006-02-27,1.109596597229389
2006-02-28,1.0364417723033308
2006-03-01,1.0338105260426387
2006-03-02,1.2526174213368988
2006-03-03,1.3819938988262404
2006-03-04,1.2965165690921137
2006-03-05,1.6666086617529638
2006-03-06,2.023935535519589
2006-03-07,1.9204284005467602
2006-03-08,1.980629206637629
2006-03-09,1.8912002767096634
2006-03-10,1.6318339330434402
2006-03-11,1.43632437490336
2006-03-12,1.2875110399587693
2006-03-13,1.1731308644797653
2006-03-14,1.3432214064531547
2006-03-15,1.4800562828135024
2006-03-16,1.3201833408261885
2006-03-17,1.1974591173103688
2006-03-18,1.1024822713500695
2006-03-19,1.0283047159315755
2006-03-20,0.9705279552215073
2006-03-21,0.9438859083098131
2006-03-22,0.9164310772766271
2006-03-23,0.8801673924605186
2006-03-24,0.9529464841599707
2006-03-25,1.1342236715177918
2006-03-26,1.157731753429265
2006-03-27,1.170407117532449
2006-03-28,1.1795200190854707
2006-03-29,1.084421070116923
2006-03-30,1.0101106546008445
2006-03-31,0.9515828796193161
2006-04-01,0.905320539418009
2006-04-02,1.0420376898081176
2006-04-03,1.160770754991046
2006-04-04,1.0679816525635912
2006-04-05,0.995354148909109
2006-04-06,0.9379049456661738
2006-04-07,0.8922332291099947
2006-04-08,0.8556039913593967
2006-04-09,0.826903482068381
2006-04-10,0.8052629923833269
2006-04-11,0.9127116845606086
2006-04-12,1.0560641307499088
2006-04-13,0.9917280769783744
2006-04-14,0.9317901294535469
2006-04-15,0.8842231374993781
2006-04-16,0.8591394449383527
2006-04-17,0.8348610524005601
2006-04-18,0.8059940001231051
2006-04-19,0.8215296198822601
2006-04-20,0.8298115917378551
2006-04-21,0.8007247350281812
2006-04-22,0.7769313145847828
2006-04-23,0.757327329692353
2006-04-24,0.8944595539011247
2006-04-25,1.0254879406800341
2006-04-26,0.9531600535273745
2006-04-27,1.039738549870375
2006-04-28,1.1161236911043628
2006-04-29,1.4657694596673656
2006-04-30,2.1291722510660303
2006-05-01,2.3765499223772744
2006-05-02,2.838116885822243
2006-05-03,2.9145604920890893
2006-05-04,3.0868846478595855
2006-05-05,3.6117063799418663
2006-05-06,3.1922993375250357
2006-05-07,2.574837239662139
2006-05-08,2.135196733172253
2006-05-09,1.8680644228205108
2006-05-10,1.6623659173372944
2006-05-11,1.452110830178204
2006-05-12,1.2872477430479943
2006-05-13,1.4297299453506271
2006-05-14,1.5635737267937106
2006-05-15,1.371702717615728
2006-05-16,1.365617006868976
2006-05-17,1.361373868337372
2006-05-18,1.2175164189967853
2006-05-19,1.1067940293691712
2006-05-20,1.0208601820363368
2006-05-21,0.9535652892984028
2006-05-22,0.9036500457150182
2006-05-23,0.8619456531005718
2006-05-24,0.8270945475363267
2006-05-25,0.9145885616816883
2006-05-26,1.2065624148716574
2006-05-27,1.2872939340365024
2006-05-28,1.1575176131868108
2006-05-29,1.0572600850843379
2006-05-30,0.9791919705679355
2006-05-31,0.9178627363930779
2006-06-01,0.8692623491628012
2006-06-02,0.8304138576469707
2006-06-03,0.806688802966871
2006-06-04,1.0515834719363804
2006-06-05,1.3060003551329962
2006-06-06,1.1842481526201452
2006-06-07,1.0750439196961288
2006-06-08,0.990264209685851
2006-06-09,0.923876301331587
2006-06-10,0.8714360576098189
2006-06-11,0.8296542980213127
2006-06-12,0.7992111608493073
2006-06-13,0.7725789294992236
2006-06-14,0.7495869302184829
2006-06-15,0.7482463226394458
2006-06-16,0.7445757542217958
2006-06-17,0.7360686377847191
2006-06-18,0.725514096308124
2006-06-19,0.7139996824895724
2006-06-20,0.7153375231236687
2006-06-21,0.7091518395345261
2006-06-22,0.6961174395918811
2006-06-23,0.6839529165622174
2006-06-24,0.7198035157746029
2006-06-25,0.757688782380411
2006-06-26,0.7325696162564106
2006-06-27,0.711953025093151
2006-06-28,0.6949059563333543
2006-06-29,0.6806761105481075
2006-06-30,0.7030984222074529
2006-07-01,0.7301836831844689
2006-07-02,0.7080967384306452
2006-07-03,0.711359290220107
2006-07-04,0.7832116422757149
2006-07-05,0.8169027080107063
2006-07-06,0.7758020966055573
2006-07-07,0.7541024882912893
2006-07-08,0.7549097673011306
2006-07-09,0.7363741771855438
2006-07-10,0.7102764875003963
2006-07-11,0.6889400412804044
2006-07-12,0.6957109010152204
2006-07-13,0.7141449447097705
2006-07-14,0.7004375030176976
2006-07-15,0.6795707151077569
2006-07-16,0.6623481690273645
2006-07-17,0.6480108357810859
2006-07-18,0.6359608009136432
2006-07-19,0.6257330803950976
2006-07-20,0.6169640910618033
2006-07-21,0.6093680737188049
2006-07-22,0.604147123732047
2006-07-23,0.72378644882741
2006-07-24,0.8820756208501725
2006-07-25,0.8337351897428339
2006-07-26,0.7814099903390722
2006-07-27,0.8478825086335053
2006-07-28,0.9380198738772685
2006-07-29,0.8755839529891386
2006-07-30,0.8333193848891883
2006-07-31,0.7996525089252002
2006-08-01,0.7532418348055643
2006-08-02,0.7872843440945272
2006-08-03,0.8146992873914622
2006-08-04,0.7643458831516653
2006-08-05,0.8318791084613028
2006-08-06,0.9086676299659354
2006-08-07,0.8407335510093471
2006-08-08,0.7839059433487061
2006-08-09,0.7388760029469915
2006-08-10,0.7028994234296685
2006-08-11,0.7697835628479965
2006-08-12,0.8369639696140593
2006-08-13,0.7796437131388455
2006-08-14,0.7341857735422201
2006-08-15,0.6978863625697795
2006-08-16,0.6686603474640217
2006-08-17,0.6449325110367193
2006-08-18,0.6255042401868336
2006-08-19,0.6094573127272866
2006-08-20,0.5960838425842384
2006-08-21,0.5848348471916616
2006-08-22,0.5752821918839824
2006-08-23,0.5670902251174686
2006-08-24,0.5599944902901641
2006-08-25,0.5537856441627412
2006-08-26,0.548297233354158
2006-08-27,0.5433963489531762
2006-08-28,0.5389764419294086
2006-08-29,0.5349517706487185
2006-08-30,0.5373665078225377
2006-08-31,0.5420216722681714
2006-09-01,0.5374624540908916
2006-09-02,0.540207366871502
2006-09-03,0.5450335693366668
2006-09-04,0.5389572570200943
2006-09-05,0.532712617328265
2006-09-06,0.5272150639616943
2006-09-07,0.5223258373232681
2006-09-08,0.5179336389543626
2006-09-09,0.513949094462133
2006-09-10,0.5103001658976574
2006-09-11,0.5083500866113454
2006-09-12,0.5060451068109012
2006-09-13,0.5052496371811515
2006-09-14,0.5039741899701585
2006-09-15,0.5004169370418368
2006-09-16,0.4971256510260076
2006-09-17,0.49405771418716876
2006-09-18,0.49214119889593233
2006-09-19,0.48996716334219065
2006-09-20,0.4871448829593399
2006-09-21,0.49552606590262777
2006-09-22,0.5101954484346307
2006-09-23,0.5100109129391907
2006-09-24,0.5032269368022447
2006-09-25,0.4967893430594721
2006-09-26,0.49116756522306376
2006-09-27,0.4862081618535549
2006-09-28,0.4818403170013848
2006-09-29,0.535921651133605
2006-09-30,0.6769459958463578
2006-10-01,0.7984951549694457
2006-10-02,0.8089022617043998
2006-10-03,0.7383360778519746
2006-10-04,0.6829141214669924
2006-10-05,0.6390720554332695
2006-10-06,0.6041147497578054
2006-10-07,0.5760212030893529
2006-10-08,0.5532641801848583
2006-10-09,0.5961907075755809
2006-10-10,0.6373069568502799
2006-10-11,0.6016076317541401
2006-10-12,0.5729000359425933
2006-10-13,0.549666005666721
2006-10-14,0.530711473016498
2006-10-15,0.5188906374688801
2006-10-16,0.543528599629007
2006-10-17,0.566576918702756
2006-10-18,0.5499651238451236
2006-10-19,0.5297419253189269
2006-10-20,0.5131510746317266
2006-10-21,0.49943333887045505
2006-10-22,0.48799463441834656
2006-10-23,0.478372499231126
2006-10-24,0.5098817949536683
2006-10-25,0.6005912491890197
2006-10-26,0.6264813491697906
2006-10-27,0.5917440064165652
2006-10-28,0.5680028331367423
2006-10-29,0.5425138615505497
2006-10-30,0.521185203138577
2006-10-31,0.5037412463228573
2006-11-01,0.4893590344261552
2006-11-02,0.4774024771373256
2006-11-03,0.4673770696168682
2006-11-04,0.458896279753977
2006-11-05,0.45165641873728474
2006-11-06,0.44541772705133614
2006-11-07,0.49777183555666876
2006-11-08,0.6370986341149286
2006-11-09,0.7715021725758954
2006-11-10,0.7893820504115681
2006-11-11,0.7315898026867518
2006-11-12,0.8231189352746568
2006-11-13,0.9478017132577992
2006-11-14,1.0630755801906766
2006-11-15,1.1736851817127174
2006-11-16,1.1693006490046247
2006-11-17,1.1267891196627768
2006-11-18,1.0625932355042107
2006-11-19,0.9715924589218514
2006-11-20,0.9554071895998835
2006-11-21,1.023541652979967
2006-11-22,1.3121291766556928
2006-11-23,1.6201304893084345
2006-11-24,1.4592625677355338
2006-11-25,1.3382503932713894
2006-11-26,1.2559673964556064
2006-11-27,1.074751062162063
2006-11-28,0.9367524298818588
2006-11-29,0.8307509467762815
2006-11-30,0.7929301267437343
2006-12-01,0.7777825575684743
2006-12-02,0.9264842762103025
2006-12-03,1.0605371474384577
2006-12-04,1.2158407536746882
2006-12-05,1.7091545930422445
2006-12-06,1.7735386181173374
2006-12-07,1.465271996967731
2006-12-08,1.6742968806096632
2006-12-09,2.1917020671031975
2006-12-10,2.2799004491789847
2006-12-11,3.328973280775248
2006-12-12,3.968028738638264
2006-12-13,3.06813796402291
2006-12-14,2.422396912318939
2006-12-15,1.9530312395710647
2006-12-16,1.6075662323111006
2006-12-17,1.350360993473321
2006-12-18,1.1568273164736556
2006-12-19,1.009759787734896
2006-12-20,1.1893289134244116
2006-12-21,1.3485515829604509
2006-12-22,3.333245442795423
2006-12-23,7.189532531754697
2006-12-24,10.776955166951737
2006-12-25,10.855842316403177
2006-12-26,7.399821199604471
2006-12-27,5.266224019637002
2006-12-28,4.091534796452868
2006-12-29,3.3551805896744327
2006-12-30,3.2523248391896993
2006-12-31,3.0831324297460756
2007-01-01,2.461884581292191
2007-01-02,2.0091212886344523
2007-01-03,1.6751938291762993
2007-01-04,1.4260875273293478
2007-01-05,1.4052696571852763
2007-01-06,2.1218553644590776
2007-01-07,2.6239900312305515
2007-01-08,2.7036530951260516
2007-01-09,2.7943973688193275
2007-01-10,2.7879023992965473
2007-01-11,2.605476601302782
2007-01-12,2.120685023468943
2007-01-13,1.7640138797883254
2007-01-14,1.498624518450648
2007-01-15,1.406984133426687
2007-01-16,1.4564145588782518
2007-01-17,1.3671775935157084
2007-01-18,1.199533330495656
2007-01-19,1.0713495782774154
2007-01-20,0.9724606234925881
2007-01-21,0.8954915473778476
2007-01-22,0.8350658212073179
2007-01-23,0.7872256637684253
2007-01-24,1.0376630804820224
2007-01-25,1.0821672852061213
2007-01-26,2.156558614048689
2007-01-27,3.076400362497585
2007-01-28,2.826039129169722
2007-01-29,2.9133120914666644
2007-01-30,3.5191022584327825
2007-01-31,3.693125623000048
2007-02-01,2.9155092121006447
2007-02-02,2.3539932406232986
2007-02-03,2.4294302399889385
2007-02-04,2.746376344323505
2007-02-05,2.523262532692288
2007-02-06,2.2477510492679955
2007-02-07,2.0032548215360424
2007-02-08,1.693387433744441
2007-02-09,1.4552170046441184
2007-02-10,1.948041417517351
2007-02-11,2.8717445988868473
2007-02-12,3.2571000059299933
2007-02-13,4.540722012857652
2007-02-14,5.02022026241156
2007-02-15,4.4014042028028575
2007-02-16,4.178056344751815
2007-02-17,3.4665309130861233
2007-02-18,3.3729455833867195
2007-02-19,4.201091690949084
2007-02-20,3.539120456270505
2007-02-21,5.275977933690254
2007-02-22,6.835820139842817
2007-02-23,5.32000266509702
2007-02-24,4.363023639111684
2007-02-25,3.710916989937632
2007-02-26,3.0345461500071003
2007-02-27,2.5215985320717476
2007-02-28,2.2367971216700475
2007-03-01,2.372920985430587
2007-03-02,2.875863441988424
2007-03-03,3.5317139015842627
2007-03-04,3.702959183533244
2007-03-05,3.3863858342932853
2007-03-06,3.213825369851462
2007-03-07,3.171876306617479
2007-03-08,3.0711257266476975
2007-03-09,4.137791831321601
2007-03-10,6.951498261023441
2007-03-11,8.00677999683292
2007-03-12,6.3656750916790115
2007-03-13,6.101675528422239
2007-03-14,6.248980428865697
2007-03-15,5.6119552811550735
2007-03-16,4.696830211960349
2007-03-17,3.7420596258460446
2007-03-18,3.0124486240699686
2007-03-19,2.4839505196890843
2007-03-20,2.0961203481496367
2007-03-21,1.8080600127414987
2007-03-22,2.1537187586948083
2007-03-23,2.4096059833140213
2007-03-24,2.0417455647583376
2007-03-25,1.7677200435766662
2007-03-26,1.84706543702653
2007-03-27,2.7494112389304273
2007-03-28,3.347790758454344
2007-03-29,3.0250518057544
2007-03-30,2.5573245112234138
2007-03-31,3.3414499495419103
2007-04-01,4.072249154419525
2007-04-02,3.3929458997141064
2007-04-03,2.7691246196446344
2007-04-04,2.375934429980139
2007-04-05,2.1492436503357526
2007-04-06,2.1338593690917724
2007-04-07,2.044333935076278
2007-04-08,1.7757346424620506
2007-04-09,1.573326475255393
2007-04-10,1.4192972490614129
2007-04-11,1.3009093601505965
2007-04-12,1.2090372712077382
2007-04-13,1.137070978240102
2007-04-14,1.0801737816238817
2007-04-15,1.03477317643448
2007-04-16,1.0029193096871178
2007-04-17,0.9744167855636815
2007-04-18,0.948851499685607
2007-04-19,0.9277032996976265
2007-04-20,0.9105657385107627
2007-04-21,0.932828707651462
2007-04-22,0.985340541141792
2007-04-23,1.484230898719483
2007-04-24,1.973195465652039
2007-04-25,1.7578840690548434
2007-04-26,1.5512596592411514
2007-04-27,1.3941533163252757
2007-04-28,1.273541830376278
2007-04-29,1.1800569333014168
2007-04-30,1.1069195714501658
2007-05-01,1.049173916575865
2007-05-02,1.003162593431721
2007-05-03,0.9864171378061012
2007-05-04,0.9830261450587462
2007-05-05,0.9491317593906978
2007-05-06,1.024226281108364
2007-05-07,1.232524303031646
2007-05-08,1.2660405653574398
2007-05-09,1.1692935320916529
2007-05-10,1.2416040915963404
2007-05-11,1.3102311160662172
2007-05-12,1.202421318970799
2007-05-13,1.1184674844129197
2007-05-14,1.0525687813140643
2007-05-15,1.0003697341284858
2007-05-16,0.9586450679400972
2007-05-17,1.0365078195213804
2007-05-18,1.104384365990849
2007-05-19,1.0393856154995194
2007-05-20,0.9877386813353461
2007-05-21,0.9464056611864408
2007-05-22,1.0244344403977819
2007-05-23,1.0892070202738247
2007-05-24,1.0278824463150378
2007-05-25,0.9775493999783538
2007-05-26,1.0229326714336355
2007-05-27,1.0657974477771996
2007-05-28,1.004949308425808
2007-05-29,1.1003021276056832
2007-05-30,1.5259962122620367
2007-05-31,1.694221459345022
2007-06-01,1.4865386137771877
2007-06-02,1.3286561971992932
2007-06-03,1.2075840666485542
2007-06-04,1.1138544602848424
2007-06-05,1.0406218520978383
2007-06-06,0.982885431007479
2007-06-07,0.9369570181109445
2007-06-08,0.9000923788655317
2007-06-09,0.8702327852521176
2007-06-10,0.8458219032611911
2007-06-11,0.8256747457991916
2007-06-12,0.81140207069317
2007-06-13,0.7981280388948341
2007-06-14,0.7854873948097368
2007-06-15,0.7746575993767091
2007-06-16,0.7652793989725876
2007-06-17,0.7570700676424407
2007-06-18,0.7498060547750255
2007-06-19,0.776408964516459
2007-06-20,0.8147512886509447
2007-06-21,0.8127202991782972
2007-06-22,0.847203864740981
2007-06-23,0.9679295385533292
2007-06-24,1.0422084184395928
2007-06-25,0.9782069927533145
2007-06-26,0.9235262896052031
2007-06-27,0.880018155426046
2007-06-28,0.8467937253452823
2007-06-29,0.8188415403066281
2007-06-30,0.8117465282653512
2007-07-01,0.8291935263618821
2007-07-02,0.8238378300880012
2007-07-03,0.8005347468397597
2007-07-04,0.7788711118869854
2007-07-05,0.7609427465682171
2007-07-06,0.745960584780815
2007-07-07,0.733314023625624
2007-07-08,0.7225282894887295
2007-07-09,0.720612993813779
2007-07-10,0.7551369052645276
2007-07-11,0.7887665423111175
2007-07-12,0.8057076240680234
2007-07-13,0.8039290514169862
2007-07-14,0.7812213327684425
2007-07-15,0.7862046277573045
2007-07-16,0.8052359705636682
2007-07-17,0.7932173895723293
2007-07-18,1.0317743911196875
2007-07-19,1.2844175122101968
2007-07-20,1.1499213472492362
2007-07-21,1.0460961643824707
2007-07-22,0.9654294352181175
2007-07-23,0.9021959737501802
2007-07-24,0.8521939766028238
2007-07-25,0.8123110974510596
2007-07-26,0.7802221466609337
2007-07-27,0.7541761138818441
2007-07-28,0.7375628697702127
2007-07-29,0.7217899602233451
2007-07-30,0.7058549125502994
2007-07-31,0.692482223171813
2007-08-01,0.6811531542366938
2007-08-02,0.6714572089920948
2007-08-03,0.6630723613953028
2007-08-04,0.6557447370534307
2007-08-05,0.6492732529242149
2007-08-06,0.6435019805080499
2007-08-07,0.6497794234993964
2007-08-08,0.6563376530031972
2007-08-09,0.69583341491487
2007-08-10,0.7555770725430208
2007-08-11,0.7425693933710756
2007-08-12,0.7170106393375475
2007-08-13,0.6969791533789494
2007-08-14,0.684920410867377
2007-08-15,0.6901237121257783
2007-08-16,0.6946389308995392
2007-08-17,0.6775829997847488
2007-08-18,0.6892398310471125
2007-08-19,0.7012550384859484
2007-08-20,0.6807904087559553
2007-08-21,0.6644672814342781
2007-08-22,0.6505074793116215
2007-08-23,0.6385166814912399
2007-08-24,0.6347225547349603
2007-08-25,0.632842242501228
2007-08-26,0.623275991505288
2007-08-27,0.6169503321875217
2007-08-28,0.6224036769229749
2007-08-29,0.639812175006182
2007-08-30,0.6442777577620585
2007-08-31,0.6304420441691138
2007-09-01,0.6187949571665752
2007-09-02,0.6089036032129774
2007-09-03,0.600418272387459
2007-09-04,0.5930640005700347
2007-09-05,0.5866235424352498
2007-09-06,0.5809244670573462
2007-09-07,0.6811476539825495
2007-09-08,0.8021176846440637
2007-09-09,0.7535611123160889
2007-09-10,0.7143940712775919
2007-09-11,0.6829690155461985
2007-09-12,0.6575420138529237
2007-09-13,0.6367912300131099
2007-09-14,0.6197076666562998
2007-09-15,0.6055160253858034
2007-09-16,0.5936168815963236
2007-09-17,0.5930624713097407
2007-09-18,0.5922225625631622
2007-09-19,0.581740735487618
2007-09-20,0.5733593066640007
2007-09-21,0.565866303777033
2007-09-22,0.5590374193150717
2007-09-23,0.5530457493526839
2007-09-24,0.5477351218070022
2007-09-25,0.5475441943541874
2007-09-26,0.5705844751923878
2007-09-27,0.5847124081608589
2007-09-28,0.5778249388993032
2007-09-29,0.5820152348735973
2007-09-30,0.7047836730191182
2007-10-01,0.8236766767832938
2007-10-02,0.7621354429682485
2007-10-03,0.7130728323265334
2007-10-04,0.6740099191732914
2007-10-05,0.6782143560405215
2007-10-06,0.8480737630809112
2007-10-07,0.9578929177177042
2007-10-08,0.8650677239658098
2007-10-09,0.7926926995656177
2007-10-10,0.7358688534834735
2007-10-11,0.6908888908906947
2007-10-12,0.6549958206808072
2007-10-13,0.6261223252451891
2007-10-14,0.6027062400486835
2007-10-15,0.6452935231765883
2007-10-16,0.6861694457352244
2007-10-17,0.6499377680260395
2007-10-18,0.6207665082674035
2007-10-19,0.5971231361186559
2007-10-20,0.5778023083708953
2007-10-21,0.5618806511221913
2007-10-22,0.5486463126488256
2007-10-23,0.5520772203547918
2007-10-24,0.5584428004230899
2007-10-25,0.5449738944312724
2007-10-26,0.5336795295440669
2007-10-27,0.5241333496485431
2007-10-28,0.5159884250496274
2007-10-29,0.5123025878635726
2007-10-30,0.5111869296832977
2007-10-31,0.5044194616375653
2007-11-01,0.4985138386008762
2007-11-02,0.49331379487707716
2007-11-03,0.48868919684738604
2007-11-04,0.4845356826535319
2007-11-05,0.4807692420404091
2007-11-06,0.4773220045832191
2007-11-07,0.474138951396642
2007-11-08,0.47117533626187713
2007-11-09,0.4683946544263416
2007-11-10,0.4657670362058209
2007-11-11,0.463267971571387
2007-11-12,0.4608772937351456
2007-11-13,0.4585783662411198
2007-11-14,0.4563574305892344
2007-11-15,0.45420308097338974
2007-11-16,0.4521058400366733
2007-11-17,0.45005781518385096
2007-11-18,0.4480524193497466
2007-11-19,0.4806298693390974
2007-11-20,0.6035644936738432
2007-11-21,0.6086472023015125
2007-11-22,0.5761662645466855
2007-11-23,0.562190144235366
2007-11-24,0.5511105159658348
2007-11-25,0.5294316689654187
2007-11-26,0.5117950851014642
2007-11-27,0.49726421211586086
2007-11-28,0.6007234488896283
2007-11-29,0.6954138555052779
2007-11-30,0.6431104540457265
2007-12-01,0.6015992943642956
2007-12-02,0.5684503762184282
2007-12-03,0.5417747407567388
2007-12-04,0.5388143304092977
2007-12-05,0.5397451927300805
2007-12-06,0.5809294684730987
2007-12-07,0.7234565614099071
2007-12-08,0.7685609269782945
2007-12-09,0.6988080735514957
2007-12-10,0.7589225332137496
2007-12-11,1.0179596117767986
2007-12-12,1.4105097097687909
2007-12-13,1.6246179483259677
2007-12-14,1.4630908450097735
2007-12-15,1.2325283664255402
2007-12-16,1.0875214582887753
2007-12-17,1.0915314112667456
2007-12-18,1.0470239015917329
2007-12-19,1.6317609863113107
2007-12-20,2.4503292141018083
2007-12-21,4.254346809719739
2007-12-22,5.4697115978678434
2007-12-23,4.181723565391819
2007-12-24,3.2203697053612115
2007-12-25,2.8374979262898745
2007-12-26,2.7681747215967984
2007-12-27,2.394633604929102
2007-12-28,1.9357787237813031
2007-12-29,1.5977327808365764
2007-12-30,1.3458808153230695
2007-12-31,1.1562494741727256
2008-01-01,1.4600154716587583
2008-01-02,2.2597146193220548
2008-01-03,2.028424828967878
2008-01-04,1.7418304018951603
2008-01-05,1.6177758999655554
2008-01-06,1.5476781594847913
2008-01-07,1.4177429996900346
2008-01-08,1.2138521474607582
2008-01-09,1.0591564221284882
2008-01-10,0.9407064832167326
2008-01-11,0.8586469312279563
2008-01-12,0.8011256019322587
2008-01-13,0.7401334039951024
2008-01-14,0.6919523785174148
2008-01-15,0.653593514582763
2008-01-16,0.6228100768145819
2008-01-17,0.5979073218711379
2008-01-18,0.5775975100912675
2008-01-19,0.6260481941169495
2008-01-20,1.023505817518987
2008-01-21,1.2882813810333282
2008-01-22,1.3570784747325941
2008-01-23,2.3607156669222924
2008-01-24,2.894127470988247
2008-01-25,2.4864804745590035
2008-01-26,2.44883646540031
2008-01-27,2.3612344191794636
2008-01-28,2.537927773465857
2008-01-29,2.526098475780367
2008-01-30,2.0418631819869493
2008-01-31,1.6856693005711463
2008-02-01,1.4207438555600795
2008-02-02,1.2215715081539296
2008-02-03,1.0703258017624733
2008-02-04,0.954388016360705
2008-02-05,0.8647180470188824
2008-02-06,0.7947677396752088
2008-02-07,0.7397455033750485
2008-02-08,0.6961119713321948
2008-02-09,1.0691948201926897
2008-02-10,1.4056333999142714
2008-02-11,1.2095765398052385
2008-02-12,1.0604043380733836
2008-02-13,0.9460071722164982
2008-02-14,0.857493513327634
2008-02-15,0.8580840910164782
2008-02-16,1.140378253744893
2008-02-17,1.268690952484945
2008-02-18,1.3580554153015418
2008-02-19,2.274493513188485
2008-02-20,2.810856138659398
2008-02-21,2.4138541230350796
2008-02-22,2.523500154052558
2008-02-23,2.507772297505296
2008-02-24,3.385925186313003
2008-02-25,4.14467453981578
2008-02-26,3.435019454503559
2008-02-27,2.7508115116527243
2008-02-28,2.2169082472819217
2008-02-29,1.8257462108222926
2008-03-01,1.535721293329968
2008-03-02,1.3183025130538537
2008-03-03,1.1536341803340526
2008-03-04,1.0277115741782143
2008-03-05,0.9305348982401721
2008-03-06,0.8548830851143223
2008-03-07,0.7954872073766772
2008-03-08,0.7484656402861107
2008-03-09,0.7109332103187981
2008-03-10,0.7426141011830915
2008-03-11,0.8114887292036896
2008-03-12,1.1145252953013112
2008-03-13,1.9792731247276134
2008-03-14,2.379920976137626
2008-03-15,3.1465249086631015
2008-03-16,4.6025463670158295
2008-03-17,4.4312853307282944
2008-03-18,3.9676887990554945
2008-03-19,5.1652089396622385
2008-03-20,5.881103825096216
2008-03-21,5.029454366832273
2008-03-22,4.074280615665608
2008-03-23,3.213558744662251
2008-03-24,2.604891963474639
2008-03-25,2.170719678614216
2008-03-26,1.8103202204780784
2008-03-27,1.6171201012496546
2008-03-28,1.534167815516442
2008-03-29,1.617325281030564
2008-03-30,1.6934596957825159
2008-03-31,1.6423219022044473
2008-04-01,2.3649385543682193
2008-04-02,2.821842367291296
2008-04-03,2.290303937257123
2008-04-04,1.9003327899783897
2008-04-05,1.6110950820215448
2008-04-06,1.3941745479038274
2008-04-07,1.2297958197718113
2008-04-08,1.1040109395549464
2008-04-09,1.006860591307691
2008-04-10,0.9311528315742414
2008-04-11,0.8716398644836602
2008-04-12,0.9535849125465675
2008-04-13,1.0737633087969913
2008-04-14,0.9904350843692246
2008-04-15,0.9279801745601769
2008-04-16,1.183853885042369
2008-04-17,1.371092998541325
2008-04-18,1.4645083114183404
2008-04-19,1.5460924297747303
2008-04-20,1.342930362481764
2008-04-21,1.1885061478140717
2008-04-22,1.3507068585878121
2008-04-23,1.474017061324863
2008-04-24,1.2883093043524907
2008-04-25,1.4078912419412812
2008-04-26,1.6116559423719987
2008-04-27,1.83266436351175
2008-04-28,1.9516485600582503
2008-04-29,1.6559511672555962
2008-04-30,1.4266022368895108
2008-05-01,1.384471745145168
2008-05-02,1.4063073447998589
2008-05-03,1.2452518697650694
2008-05-04,1.1146308906249678
2008-05-05,1.1216778684400486
2008-05-06,1.1379321041518196
2008-05-07,1.4076708925041244
2008-05-08,2.1310534314264915
2008-05-09,2.2924988280613454
2008-05-10,2.197242071453901
2008-05-11,2.044370303601944
2008-05-12,1.7187772892642197
2008-05-13,1.4754754403310333
2008-05-14,1.4170440539086193
2008-05-15,1.4059386418809225
2008-05-16,1.248645476247636
2008-05-17,1.1260918526703245
2008-05-18,1.0438728303259357
2008-05-19,0.9641596349483144
2008-05-20,0.979256639763381
2008-05-21,0.9913990500752535
2008-05-22,0.9187147926485889
2008-05-23,0.888628476708572
2008-05-24,0.9067051347259744
2008-05-25,0.950621930764472
2008-05-26,1.0616947299416737
2008-05-27,1.1219787392231895
2008-05-28,1.045258417610633
2008-05-29,0.958814426933886
2008-05-30,0.8911724397072461
2008-05-31,0.8378145314342601
2008-06-01,0.7953638202837455
2008-06-02,0.7613017959098637
2008-06-03,0.7337348954123916
2008-06-04,0.7112286663307961
2008-06-05,0.6945394809094322
2008-06-06,0.7018069033137361
2008-06-07,1.0374913668086478
2008-06-08,1.38709215639827
2008-06-09,1.229978688047842
2008-06-10,1.0974971344841056
2008-06-11,0.9953945259939854
2008-06-12,0.916016860338137
2008-06-13,0.9686778638989851
2008-06-14,1.0365806551277728
2008-06-15,1.04347519499909
2008-06-16,1.0318646543792533
2008-06-17,0.9434170603560742
2008-06-18,0.8742565133307605
2008-06-19,0.8197676708020154
2008-06-20,0.7764737985931993
2008-06-21,0.8611595273524442
2008-06-22,0.9389014668995322
2008-06-23,1.1418616364993086
2008-06-24,1.8667597201699335
2008-06-25,2.1231272518760593
2008-06-26,1.7671423749563575
2008-06-27,1.5019868011568025
2008-06-28,1.3025642323196969
2008-06-29,1.151054065725846
2008-06-30,1.034841101416281
2008-07-01,0.9800836222628372
2008-07-02,0.9354216202462671
2008-07-03,0.8670711914059122
2008-07-04,0.813157344760382
2008-07-05,0.9224712232449243
2008-07-06,1.0289713894994008
2008-07-07,0.9870809892311043
2008-07-08,0.9552304059100476
2008-07-09,0.8821622577070731
2008-07-10,1.103021532546346
2008-07-11,1.3250334278438027
2008-07-12,1.1683800078942985
2008-07-13,1.0456581855285785
2008-07-14,0.9540896757802825
2008-07-15,0.881086891392826
2008-07-16,0.8221605499402075
2008-07-17,0.7754813504224307
2008-07-18,0.9257524118268922
2008-07-19,1.0614365860474277
2008-07-20,0.9617275139695098
2008-07-21,0.8840460281718099
2008-07-22,0.8231271262088672
2008-07-23,0.7749336380839909
2008-07-24,0.7364876672412383
2008-07-25,0.7055639844153809
2008-07-26,0.6908682087314997
2008-07-27,0.675495006728455
2008-07-28,0.6556077859421238
2008-07-29,0.6391589031068656
2008-07-30,0.6254399265181209
2008-07-31,0.6138895586727794
2008-08-01,0.6062628863399534
2008-08-02,0.5983230377581005
2008-08-03,0.6194362417194772
2008-08-04,0.6372892067043752
2008-08-05,0.6217466042718024
2008-08-06,0.6087357674872983
2008-08-07,0.5977639323191577
2008-08-08,0.5884210942772926
2008-08-09,0.5803856527104071
2008-08-10,0.5734040975537894
2008-08-11,0.5672756559331301
2008-08-12,0.561840616006427
2008-08-13,0.5569713954764891
2008-08-14,0.6222595243043026
2008-08-15,0.7002603261890429
2008-08-16,0.6689268939067542
2008-08-17,0.642810212774006
2008-08-18,0.6364514228396186
2008-08-19,0.6317658739913871
2008-08-20,0.6120413852401095
2008-08-21,0.5957725383775668
2008-08-22,0.5822446204633095
2008-08-23,0.5708912312098517
2008-08-24,0.5612715068241111
2008-08-25,0.5530404352608699
2008-08-26,0.5563927785780882
2008-08-27,0.5613084381890799
2008-08-28,0.5581536454060498
2008-08-29,0.6225115495479038
2008-08-30,0.6841458458932328
2008-08-31,0.6520762512278923
2008-09-01,0.6831233877822803
2008-09-02,0.7297178908154067
2008-09-03,0.6944400792081864
2008-09-04,0.6641114846721045
2008-09-05,0.6434880855440257
2008-09-06,0.6380084788130865
2008-09-07,0.64170136007133
2008-09-08,0.620652286903067
2008-09-09,0.5972508120648633
2008-09-10,0.5842904631724674
2008-09-11,0.5734174969828326
2008-09-12,0.5582557510904145
2008-09-13,0.6058263839018978
2008-09-14,0.6625916633057188
2008-09-15,0.7295111872671081
2008-09-16,0.7884256815945779
2008-09-17,0.7824953984897861
2008-09-18,0.7691708552167661
2008-09-19,0.712719374735847
2008-09-20,0.6885416399530985
2008-09-21,0.7339751445931149
2008-09-22,0.7424105556172004
2008-09-23,0.7026888833225042
2008-09-24,0.6819074986069519
2008-09-25,0.6453343285127011
2008-09-26,0.6133586266933914
2008-09-27,0.587544791299987
2008-09-28,0.5693852574178425
2008-09-29,0.5554475338009192
2008-09-30,0.5400488923094595
2008-10-01,0.6400016653154729
2008-10-02,1.1754173879968606
2008-10-03,1.515253733115764
2008-10-04,1.281654222728126
2008-10-05,1.105031862482256
2008-10-06,0.9704171685308354
2008-10-07,0.8668803530158304
2008-10-08,0.7865538876032541
2008-10-09,0.7237139631297592
2008-10-10,0.67415525163546
2008-10-11,0.6347598076049575
2008-10-12,0.6031962673396581
2008-10-13,0.5942413605040898
2008-10-14,0.6087900019518762
2008-10-15,0.7992315886308484
2008-10-16,1.1193044509035324
2008-10-17,1.1413177161352033
2008-10-18,0.9966121015413149
2008-10-19,0.8855069315378272
2008-10-20,0.7995189703739469
2008-10-21,1.0678460421889977
2008-10-22,1.3209036916591501
2008-10-23,1.1354285240378121
2008-10-24,1.159900923296543
2008-10-25,1.1887715817161855
2008-10-26,1.0334579061248659
2008-10-27,1.293963125186196
2008-10-28,1.5231215938997533
2008-10-29,1.287313494399118
2008-10-30,1.1091475474996542
2008-10-31,0.97339581545877
2008-11-01,1.043279833708007
2008-11-02,1.1100191143764573
2008-11-03,1.0030456133988352
2008-11-04,0.9296326779671675
2008-11-05,0.8353044687816137
2008-11-06,0.7618741025091434
2008-11-07,0.8063435919365864
2008-11-08,0.9356469109939632
2008-11-09,1.4836340473591771
2008-11-10,2.3365533196991444
2008-11-11,2.3611356257186515
2008-11-12,1.9832158776089528
2008-11-13,2.2982351518062374
2008-11-14,2.489368161563678
2008-11-15,2.9873563943568766
2008-11-16,3.4111790221080476
2008-11-17,2.9622357550329697
2008-11-18,2.5362613115689547
2008-11-19,2.0473139467983157
2008-11-20,1.6879516246740502
2008-11-21,1.4207903511281421
2008-11-22,1.2402100998947965
2008-11-23,1.3069405992693939
2008-11-24,1.3153339320933093
2008-11-25,1.922020006355127
2008-11-26,2.47840922042461
2008-11-27,2.304313669230511
2008-11-28,2.114566030070015
2008-11-29,2.044774450697227
2008-11-30,1.9996638175871626
2008-12-01,1.6580336687224826
2008-12-02,1.4034032702886063
2008-12-03,1.2116876543011221
2008-12-04,1.0658990491565135
2008-12-05,0.9539920540462036
2008-12-06,0.8673238854345651
2008-12-07,0.8764410152156951
2008-12-08,0.8970658039436534
2008-12-09,0.8225545989276792
2008-12-10,0.7640251599479507
2008-12-11,0.8932591098342044
2008-12-12,1.0161745802689854
2008-12-13,0.9143754209992423
2008-12-14,0.8352184854745678
2008-12-15,0.773213997812581
2008-12-16,0.7242422463505954
2008-12-17,0.6852476562681925
2008-12-18,0.6539446645516797
2008-12-19,0.6286101593442526
2008-12-20,0.6079354874606648
2008-12-21,0.5909199138954869
2008-12-22,0.5767932294364476
2008-12-23,0.5649590557689366
2008-12-24,0.5549529827133889
2008-12-25,0.5464114262815065
2008-12-26,0.5390482989024998
2008-12-27,0.5326374159814579
2008-12-28,0.5269991450542083
2008-12-29,0.5219902142696132
2008-12-30,0.517495888790458
2008-12-31,0.5134239328742956
2009-01-01,0.5096999264302243
2009-01-02,0.5062636146829372
2009-01-03,0.5030660499919593
2009-01-04,0.5000673441319479
2009-01-05,0.4972348932753396
2009-01-06,0.585957089727465
2009-01-07,0.7362781579118832
2009-01-08,0.7367052420303676
2009-01-09,0.7066377281217143
2009-01-10,0.6934005561273916
2009-01-11,0.6527788174358128
2009-01-12,0.6198443823917378
2009-01-13,0.593280524083346
2009-01-14,0.5716821575197518
2009-01-15,0.7637246773872959
2009-01-16,0.9487744444750379
2009-01-17,0.8508214585744215
2009-01-18,0.7745934528070265
2009-01-19,0.7667558731942168
2009-01-20,0.8385424068307922
2009-01-21,0.8279630976261078
2009-01-22,0.7563219887212543
2009-01-23,0.7000375650593401
2009-01-24,0.6855595599745921
2009-01-25,0.7423001387477047
2009-01-26,0.745618023127661
2009-01-27,0.6909523244035672
2009-01-28,0.647617654950504
2009-01-29,0.6130154419932542
2009-01-30,0.5851677399370481
2009-01-31,0.5625776883971126
2009-02-01,0.5441044327450443
2009-02-02,0.5288726584422202
2009-02-03,0.5929370962142256
2009-02-04,0.7556274405629946
2009-02-05,0.8549081999707068
2009-02-06,0.8323279731240358
2009-02-07,0.7564176053374144
2009-02-08,0.6969109164374009
2009-02-09,0.6499138842644288
2009-02-10,0.6167910402061333
2009-02-11,0.6884834030407255
2009-02-12,0.7325233204482652
2009-02-13,0.8816191551290569
2009-02-14,1.0144554880169847
2009-02-15,1.0583804439382014
2009-02-16,1.062315641404332
2009-02-17,0.9332000020465395
2009-02-18,0.833786440107926
2009-02-19,0.7565818417094277
2009-02-20,0.6961280014262187
2009-02-21,0.6484099712506575
2009-02-22,0.7006199730176103
2009-02-23,1.0790711536855793
2009-02-24,1.2634487349606123
2009-02-25,1.0861792943372481
2009-02-26,0.9511363805496588
2009-02-27,0.8473183244443119
2009-02-28,0.766810997940396
2009-03-01,0.7038598509397404
2009-03-02,0.9555392681312308
2009-03-03,1.0241695520991423
2009-03-04,0.9033477572837642
2009-03-05,0.8155024614734966
2009-03-06,0.7462630376213547
2009-03-07,0.8179261856128592
2009-03-08,0.8843065672531504
2009-03-09,0.7951105932791309
2009-03-10,0.7255203430529212
2009-03-11,0.6708466813682202
2009-03-12,0.6275507813818787
2009-03-13,0.5929963417819614
2009-03-14,0.5652033432387396
2009-03-15,0.8296683440365714
2009-03-16,2.198177270855298
2009-03-17,3.272488699793635
2009-03-18,2.971886881551891
2009-03-19,3.033061287475165
2009-03-20,2.938329393367743
2009-03-21,2.4494306211208867
2009-03-22,2.159024578688548
2009-03-23,2.2667805718621974
2009-03-24,2.4222603514515555
2009-03-25,2.0680425113743146
2009-03-26,1.9696434073331224
2009-03-27,2.6407701684280083
2009-03-28,2.8846744312756916
2009-03-29,2.3191034897070897
2009-03-30,2.619658456137522
2009-03-31,2.8349725556033847
2009-04-01,2.606848454924488
2009-04-02,3.939682431928194
2009-04-03,5.04845102868423
2009-04-04,4.331936814201697
2009-04-05,3.4476552505559384
2009-04-06,3.3945692732443358
2009-04-07,3.422058708248546
2009-04-08,3.002634190816756
2009-04-09,2.6720493731031847
2009-04-10,2.436906361572268
2009-04-11,2.1870799842041966
2009-04-12,1.8053083280596642
2009-04-13,1.5635258319475822
2009-04-14,1.408079081865581
2009-04-15,1.2709151409251656
2009-04-16,1.435279973272884
2009-04-17,2.2727165568862246
2009-04-18,3.2371291066918704
2009-04-19,3.415666526536467
2009-04-20,3.252354378721805
2009-04-21,2.9659007276230636
2009-04-22,2.4336124880841283
2009-04-23,2.2490111374477837
2009-04-24,2.177044590408102
2009-04-25,1.8223529391088358
2009-04-26,1.54264889931859
2009-04-27,1.3919926565810326
2009-04-28,1.7790416643413307
2009-04-29,1.9796138148602085
2009-04-30,1.6612193276699936
2009-05-01,1.4230514471378808
2009-05-02,1.3616953602153155
2009-05-03,1.3374175563788382
2009-05-04,1.474846459071663
2009-05-05,1.8619158336504855
2009-05-06,1.8015618419178774
2009-05-07,1.5294305182199397
2009-05-08,1.3247755054026549
2009-05-09,1.169398249153786
2009-05-10,1.0502969923979422
2009-05-11,0.9581647357823037
2009-05-12,0.8862651620760662
2009-05-13,0.8296725712670612
2009-05-14,0.7847510405187753
2009-05-15,0.7487930812328919
2009-05-16,0.7197660636220613
2009-05-17,0.696132363171083
2009-05-18,0.6767205231796273
2009-05-19,0.6606321023073017
2009-05-20,0.6471737354799322
2009-05-21,0.6358071780729292
2009-05-22,0.6261122906068545
2009-05-23,0.6626066561045368
2009-05-24,0.6907906713888724
2009-05-25,0.669734763585955
2009-05-26,0.6523301323498655
2009-05-27,0.637844756303294
2009-05-28,0.6440578134793259
2009-05-29,0.7000347433199011
2009-05-30,0.8164025434074005
2009-05-31,0.9024703984983337
2009-06-01,0.883905206693437
2009-06-02,0.8349752030868869
2009-06-03,0.7835214585315503
2009-06-04,1.1043286155630685
2009-06-05,1.5596972266539169
2009-06-06,2.2176090935101436
2009-06-07,2.620891647538731
2009-06-08,2.1661143208681
2009-06-09,2.0265071762914584
2009-06-10,1.9160839540783454
2009-06-11,2.4007909224840414
2009-06-12,3.008531671288225
2009-06-13,2.808971975840951
2009-06-14,2.392568394722249
2009-06-15,1.9643072864479088
2009-06-16,1.6477053317428096
2009-06-17,2.196715610619338
2009-06-18,2.654532166074311
2009-06-19,2.1590935064604464
2009-06-20,1.7945407449269364
2009-06-21,1.5234774507372666
2009-06-22,1.3765177013075498
2009-06-23,1.6599020259330513
2009-06-24,1.8853833642623297
2009-06-25,1.6420037679047732
2009-06-26,1.4145856989629955
2009-06-27,1.2380814277046612
2009-06-28,1.103387931486312
2009-06-29,1.0056816498162
2009-06-30,0.9259083854304114
2009-07-01,0.8612001518301821
2009-07-02,0.8100818338291633
2009-07-03,0.7734840910813442
2009-07-04,0.7415929423448656
2009-07-05,0.7141829300130272
2009-07-06,0.6917687105977982
2009-07-07,0.6732839159374954
2009-07-08,0.657928211201499
2009-07-09,0.6551024081890268
2009-07-10,0.6492059833319833
2009-07-11,0.6487883199901421
2009-07-12,0.6454084723068708
2009-07-13,0.6333543886162042
2009-07-14,0.6231034282381009
2009-07-15,0.6143109373089585
2009-07-16,0.6215512877028491
2009-07-17,0.6256645936883934
2009-07-18,0.6154301721099743
2009-07-19,0.6189765142154972
2009-07-20,0.6298531270113218
2009-07-21,0.6192924037919596
2009-07-22,0.6128785356612546
2009-07-23,0.6636590787736494
2009-07-24,1.233418702110949
2009-07-25,1.8273521203053542
2009-07-26,1.7234247040883315
2009-07-27,1.598241212423601
2009-07-28,1.4118562662528618
2009-07-29,1.3007948652554848
2009-07-30,1.1537183702204856
2009-07-31,1.2762123612206737
2009-08-01,1.5116615750862674
2009-08-02,1.577087289074582
2009-08-03,1.518261550897977
2009-08-04,1.3789460325174918
2009-08-05,1.316706324031215
2009-08-06,1.219861884028308
2009-08-07,1.0840091395962828
2009-08-08,0.9760149144890043
2009-08-09,0.8922037974058274
2009-08-10,0.8414096767018083
2009-08-11,0.8296801968389925
2009-08-12,0.8386959567031762
2009-08-13,0.8131377658153615
2009-08-14,0.7635278073334232
2009-08-15,0.7241015794992118
2009-08-16,0.7020504055803025
2009-08-17,0.6776969052795431
2009-08-18,0.654515585176292
2009-08-19,0.6354980781300827
2009-08-20,0.6469316764427481
2009-08-21,0.6735809100854562
2009-08-22,0.7573675632232698
2009-08-23,0.8411045876910382
2009-08-24,0.7865312131851442
2009-08-25,0.7400747301887939
2009-08-26,0.7024452311298698
2009-08-27,0.671764117492473
2009-08-28,0.6468987549657719
2009-08-29,0.6265760252256443
2009-08-30,0.6098219017619796
2009-08-31,0.5989528726176765
2009-09-01,0.68524312298831
2009-09-02,0.7534429139598791
2009-09-03,0.7716904972238278
2009-09-04,0.7882912794435745
2009-09-05,0.7508885075636931
2009-09-06,0.7212359518439387
2009-09-07,0.683563471481868
2009-09-08,0.6532707925536397
2009-09-09,0.6287263047774769
2009-09-10,0.7088479262069988
2009-09-11,1.200821136394504
2009-09-12,1.8869434682252793
2009-09-13,2.008189666918868
2009-09-14,1.803683837806566
2009-09-15,1.5812086384161164
2009-09-16,1.4009619278156045
2009-09-17,1.2904614915996817
2009-09-18,1.1291221965125806
2009-09-19,1.025365946120855
2009-09-20,0.9500740300804728
2009-09-21,0.8636486644745155
2009-09-22,0.7961221302982148
2009-09-23,0.7429437125036001
2009-09-24,0.700720590523661
2009-09-25,0.9545860786727999
2009-09-26,1.2272808183894341
2009-09-27,1.1016606955650878
2009-09-28,1.0013478931048865
2009-09-29,1.0985048236090194
2009-09-30,1.1486414331765225
2009-10-01,1.0158449765651767
2009-10-02,0.9135156878503169
2009-10-03,0.8340411190254593
2009-10-04,0.7717929889868843
2009-10-05,0.7226341733838196
2009-10-06,0.6834959094050718
2009-10-07,0.7411922868509381
2009-10-08,0.8868228883954604
2009-10-09,0.8970416145609409
2009-10-10,0.8197752491166632
2009-10-11,0.7591611206564527
2009-10-12,0.7130508971365243
2009-10-13,0.7954070854871875
2009-10-14,0.8574262112744663
2009-10-15,0.787893054614369
2009-10-16,0.7331315525858217
2009-10-17,0.6897088926542668
2009-10-18,0.6549987849654076
2009-10-19,0.6270285038799291
2009-10-20,0.6302914805364611
2009-10-21,0.6393339043517866
2009-10-22,0.6187129918178791
2009-10-23,0.6512277897895672
2009-10-24,0.8592715957836545
2009-10-25,1.008626238032387
2009-10-26,0.9829786878425789
2009-10-27,1.2613419826387253
2009-10-28,1.574417174591573
2009-10-29,2.0156285486337513
2009-10-30,2.1900467562200796
2009-10-31,1.7931816488856356
2009-11-01,1.498942816859606
2009-11-02,1.2785762049568101
2009-11-03,1.111834888180852
2009-11-04,0.9844521730000299
2009-11-05,0.8862501565799268
2009-11-06,0.8098849812866772
2009-11-07,0.8247476070873322
2009-11-08,0.8561349301792148
2009-11-09,1.3302913842283253
2009-11-10,1.7955257868793302
2009-11-11,2.001839659437985
2009-11-12,2.299084557742812
2009-11-13,2.330110392535041
2009-11-14,2.2513379308631465
2009-11-15,2.418963009664553
2009-11-16,2.4641275877670643
2009-11-17,2.028587094425171
2009-11-18,2.5490620782044373
2009-11-19,2.8460245300612192
2009-11-20,2.337733630103823
2009-11-21,1.9108358890135435
2009-11-22,1.5953981619607005
2009-11-23,1.4489560794359255
2009-11-24,1.5551017649333252
2009-11-25,1.577906906292997
2009-11-26,1.6802618035371844
2009-11-27,1.8478962660785399
2009-11-28,1.836448687773262
2009-11-29,1.674975472502472
2009-11-30,1.4217605946296736
2009-12-01,1.2309953095974697
2009-12-02,1.085885081879403
2009-12-03,1.6453703330415923
2009-12-04,2.126111193261954
2009-12-05,1.7591403654647861
2009-12-06,1.486157638049878
2009-12-07,1.2811115494560028
2009-12-08,1.1255233579991961
2009-12-09,1.0063308608087616
2009-12-10,0.9141881204344782
2009-12-11,0.8423333100233018
2009-12-12,0.8139585761360517
2009-12-13,0.8021144677427303
2009-12-14,0.7537221558950468
2009-12-15,0.7150644450564432
2009-12-16,0.6839916526208055
2009-12-17,0.6588068789957974
2009-12-18,0.6382208325670552
2009-12-19,0.6212471954264926
2009-12-20,0.676421085143977
2009-12-21,0.7359622605424595
2009-12-22,0.6987056314052847
2009-12-23,0.6686872009003157
2009-12-24,0.6443338125108574
2009-12-25,0.6609269402957691
2009-12-26,0.8534590391055805
2009-12-27,1.139102897343122
2009-12-28,1.2497822445520523
2009-12-29,1.1577666943742024
2009-12-30,1.0255431360219187
2009-12-31,0.9737153937326744
2010-01-01,0.9490924577158798
2010-01-02,0.864328607727975
2010-01-03,0.7979608539054724
2010-01-04,0.7456516264780498
2010-01-05,0.7040840749118732
2010-01-06,0.6707825213338784
2010-01-07,0.7319775720859861
2010-01-08,1.625392235958769
2010-01-09,2.2801903422172844
2010-01-10,1.9881887434464824
2010-01-11,1.7838830416706142
2010-01-12,1.4988991302745809
2010-01-13,2.1324412263221553
2010-01-14,2.9805410153955942
2010-01-15,2.692188616104018
2010-01-16,2.390833317430631
2010-01-17,3.3204808633068885
2010-01-18,4.226944590860239
2010-01-19,4.172350334430015
2010-01-20,4.887215541153806
2010-01-21,6.83954804882391
2010-01-22,7.867324474722019
2010-01-23,9.113439725700692
2010-01-24,8.403766128805207
2010-01-25,5.751788936545203
2010-01-26,4.381853016665246
2010-01-27,3.8581119581449426
2010-01-28,4.154015277006177
2010-01-29,5.557835947987884
2010-01-30,6.451274505260287
2010-01-31,7.337401163094783
2010-02-01,7.475028553418934
2010-02-02,5.889806865665363
2010-02-03,4.640017215908878
2010-02-04,4.096424828072077
2010-02-05,5.3844793031636184
2010-02-06,7.884825000599147
2010-02-07,7.4387772601707605
2010-02-08,5.407741542951197
2010-02-09,4.176038051764551
2010-02-10,3.303853798527412
2010-02-11,2.6768688036524044
2010-02-12,2.349134830261335
2010-02-13,2.1131785119297675
2010-02-14,2.7849106669126864
2010-02-15,3.351279491749077
2010-02-16,3.0419261416494976
2010-02-17,2.882615919616883
2010-02-18,2.469718381522369
2010-02-19,2.071384422703501
2010-02-20,1.775879771235837
2010-02-21,1.5601700608473106
2010-02-22,1.940812719340495
2010-02-23,2.255894577678816
2010-02-24,1.956099197230178
2010-02-25,1.6897603168575015
2010-02-26,3.15365317191662
2010-02-27,4.54667137082943
2010-02-28,4.111877780703144
2010-03-01,3.268228807207839
2010-03-02,2.725375129303919
2010-03-03,3.2129742349223647
2010-03-04,5.942060503493356
2010-03-05,7.325272564878108
2010-03-06,5.630920381738815
2010-03-07,4.35589452354728
2010-03-08,3.971086267447252
2010-03-09,3.6837206858888423
2010-03-10,2.9747566160848042
2010-03-11,2.4603695696778765
2010-03-12,2.0824601107385083
2010-03-13,1.8014660265171099
2010-03-14,1.6733298903607867
2010-03-15,1.9894722903076294
2010-03-16,2.9994312212937255
2010-03-17,3.317213967568257
2010-03-18,3.0090359652933425
2010-03-19,3.170575551409535
2010-03-20,3.5687548132819438
2010-03-21,3.5287571174758927
2010-03-22,2.9786509385376383
2010-03-23,2.5691994337406885
2010-03-24,3.1448269240932283
2010-03-25,3.7278912167431373
2010-03-26,3.121984597013365
2010-03-27,2.739866426021609
2010-03-28,2.5826909908700393
2010-03-29,2.585969391314184
2010-03-30,2.5537768375293646
2010-03-31,2.212968942526594
2010-04-01,1.9077051232812234
2010-04-02,1.6788432417843575
2010-04-03,1.5543412680565778
2010-04-04,2.2085721232721975
2010-04-05,3.0808719635484625
2010-04-06,3.1122200889781038
2010-04-07,2.9304564436228975
2010-04-08,3.2725643331051963
2010-04-09,3.409451980401343
2010-04-10,2.8858337940538767
2010-04-11,2.408231453347349
2010-04-12,2.056265116455108
2010-04-13,1.7938514968550505
2010-04-14,1.5960229752784347
2010-04-15,1.4453141275339891
2010-04-16,1.3293482928737161
2010-04-17,1.2392501970744696
2010-04-18,1.1685855347396092
2010-04-19,1.112642384047479
2010-04-20,1.086601828284074
2010-04-21,1.067685984860652
2010-04-22,1.031152420283839
2010-04-23,1.0136742545881474
2010-04-24,1.0935667426562912
2010-04-25,1.127108933458677
2010-04-26,1.0760093532196968
2010-04-27,1.0349562606394722
2010-04-28,1.0017362720576888
2010-04-29,0.974593783182779
2010-04-30,0.9651225313127029
2010-05-01,0.9483586717936653
2010-05-02,0.9298596719063421
2010-05-03,0.9142659864208843
2010-05-04,0.9009820318377856
2010-05-05,0.8895439820084888
2010-05-06,0.9044047126957819
2010-05-07,0.9333993341063183
2010-05-08,0.9226143799625097
2010-05-09,0.9049488566708361
2010-05-10,1.4627356870709562
2010-05-11,2.120814116159289
2010-05-12,1.8904298055856008
2010-05-13,1.6909442885099153
2010-05-14,1.6727368874521416
2010-05-15,1.62628809433306
2010-05-16,1.4513748014986545
2010-05-17,1.3486412715829432
2010-05-18,1.2617318771781754
2010-05-19,1.17067969211817
2010-05-20,1.3554995429585919
2010-05-21,1.52330834998849
2010-05-22,1.4602093464231334
2010-05-23,1.4382406699714174
2010-05-24,1.5645238696365578
2010-05-25,1.710393849966925
2010-05-26,1.5359412558195975
2010-05-27,1.4082848919063313
2010-05-28,1.314595739666715
2010-05-29,1.2880726685970687
2010-05-30,1.2614058541227577
2010-05-31,1.1673722016703463
2010-06-01,1.09376577701361
2010-06-02,1.0356838238609198
2010-06-03,0.989433588089431
2010-06-04,0.9522668445640193
2010-06-05,0.9221214822648184
2010-06-06,0.8974383486943597
2010-06-07,0.9016755891301694
2010-06-08,0.9054503966713653
2010-06-09,0.8824918393776793
2010-06-10,0.8634156548015254
2010-06-11,0.8474329104909671
2010-06-12,0.8339020271418706
2010-06-13,0.8223242822522114
2010-06-14,0.8408226183756528
2010-06-15,0.8598632156386562
2010-06-16,0.8427499859219797
2010-06-17,0.8275185593821442
2010-06-18,0.9296864888042093
2010-06-19,1.145517427226187
2010-06-20,1.2735638831750102
2010-06-21,1.253535392970535
2010-06-22,1.1491546219313076
2010-06-23,1.0678819460932651
2010-06-24,1.0073973744909874
2010-06-25,0.9593772627734062
2010-06-26,0.9183082397276636
2010-06-27,0.9122167869984109
2010-06-28,0.9086694740150066
2010-06-29,0.8775056672590864
2010-06-30,0.8506898623109295
2010-07-01,0.8286702475131746
2010-07-02,0.8104134230327178
2010-07-03,0.7953031281641972
2010-07-04,0.7824892792221191
2010-07-05,0.7739162691470572
2010-07-06,0.7778628955017957
2010-07-07,0.8172955298720593
2010-07-08,0.8392361319968545
2010-07-09,0.8183481068527981
2010-07-10,0.8044296799471388
2010-07-11,0.7880727187775788
2010-07-12,0.7730980762100815
2010-07-13,0.7602267702617457
2010-07-14,0.7491157671235298
2010-07-15,0.7395389287110663
2010-07-16,0.7311951288310419
2010-07-17,0.7238467508107601
2010-07-18,0.7173054221110701
2010-07-19,0.7249333676128837
2010-07-20,0.9967521384377348
2010-07-21,1.3511933598473702
2010-07-22,1.2859675197121192
2010-07-23,1.4536546833984467
2010-07-24,1.555408583469106
2010-07-25,1.3970678479236065
2010-07-26,1.3425652627216451
2010-07-27,1.4981659808348866
2010-07-28,1.5580933479945667
2010-07-29,1.366808951954728
2010-07-30,1.2531143475961142
2010-07-31,1.1591133657950343
2010-08-01,1.0750115291709632
2010-08-02,1.005191716161638
2010-08-03,0.9395156829774335
2010-08-04,0.8875923619520084
2010-08-05,0.8461957539683925
2010-08-06,0.8129019637345215
2010-08-07,0.7858868824966678
2010-08-08,0.7637674888780256
2010-08-09,0.745487849117954
2010-08-10,0.741153564992452
2010-08-11,0.8275319463314964
2010-08-12,0.8968356191911333
2010-08-13,0.8843732044719114
2010-08-14,0.9530946973090025
2010-08-15,0.9714125864527657
2010-08-16,0.9202391225747676
2010-08-17,1.000782006300028
2010-08-18,1.048973399009227
2010-08-19,0.9699721937950051
2010-08-20,0.9059594668683877
2010-08-21,0.8549363900010092
2010-08-22,0.8142624358496174
2010-08-23,0.8039476495420028
2010-08-24,0.8182925601685523
2010-08-25,0.7916341556082916
2010-08-26,0.7623985895371727
2010-08-27,0.7385647650832773
2010-08-28,0.7189691913357987
2010-08-29,0.7535632975289732
2010-08-30,0.8890661819001971
2010-08-31,1.0456548902268337
2010-09-01,1.0983888859262796
2010-09-02,1.308797811802578
2010-09-03,1.4578214125667628
2010-09-04,1.2761257197363083
2010-09-05,1.1374604122308336
2010-09-06,1.0307534516275096
2010-09-07,0.9478947498502271
2010-09-08,0.8829894558784496
2010-09-09,0.9793690019983953
2010-09-10,1.14684231747323
2010-09-11,1.0996471161483343
2010-09-12,1.0030134780462017
2010-09-13,0.9266009949903319
2010-09-14,0.8650245254281167
2010-09-15,0.816286609922142
2010-09-16,0.7773856087382822
2010-09-17,0.7460715390203218
2010-09-18,0.7206472392176527
2010-09-19,0.6998231697540324
2010-09-20,0.7175166414959402
2010-09-21,0.8832438419477285
2010-09-22,1.1633789238767467
2010-09-23,1.2398276013549443
2010-09-24,1.3056962786587905
2010-09-25,1.4147143565442495
2010-09-26,1.2861213552935837
2010-09-27,1.1398366302648952
2010-09-28,1.0274593586649587
2010-09-29,0.9403774279391414
2010-09-30,0.8723041932987582
2010-10-01,0.8186343153901988
2010-10-02,0.7759625062441442
2010-10-03,0.7417489378535792
2010-10-04,0.714083969796168
2010-10-05,0.832610564919989
2010-10-06,0.9709169025361022
2010-10-07,0.9073360120367223
2010-10-08,0.844025546030449
2010-10-09,0.7954960167394934
2010-10-10,0.8272328049747918
2010-10-11,1.1548613312242284
2010-10-12,1.3783723271664237
2010-10-13,1.2107263391200787
2010-10-14,1.0779783029147427
2010-10-15,1.0855927800620655
2010-10-16,1.1018569994701533
2010-10-17,1.0095544609405664
2010-10-18,1.2063104344479791
2010-10-19,1.7120739692577223
2010-10-20,2.0798513457386267
2010-10-21,2.0144505570854228
2010-10-22,1.7191663999975735
2010-10-23,1.4643032589302585
2010-10-24,1.2723140131885573
2010-10-25,1.126258262161828
2010-10-26,1.3888763929648549
2010-10-27,1.6168930284312601
2010-10-28,2.311391360806556
2010-10-29,2.8932108182690928
2010-10-30,2.333362621864468
2010-10-31,1.9234474874180234
2010-11-01,1.620047389256191
2010-11-02,1.3929530998730915
2010-11-03,1.2211914224089655
2010-11-04,1.0900016015242258
2010-11-05,1.0305681189226044
2010-11-06,1.078124712716834
2010-11-07,1.2383308303967744
2010-11-08,1.4084815083502207
2010-11-09,1.4164447107072684
2010-11-10,1.3059838885869415
2010-11-11,2.4096357269357025
2010-11-12,3.5608294590058676
2010-11-13,2.998434851435317
2010-11-14,2.6919275589031675
2010-11-15,2.5398169999584645
2010-11-16,2.160182477321218
2010-11-17,2.0274780642744443
2010-11-18,1.8271935399819117
2010-11-19,1.7195098818522503
2010-11-20,1.6557147948532733
2010-11-21,1.6653446825012013
2010-11-22,1.687100370541362
2010-11-23,1.449684090644492
2010-11-24,1.3183622711449723
2010-11-25,1.3042624231515563
2010-11-26,2.392582237876276
2010-11-27,3.566274848964332
2010-11-28,3.164300149284996
2010-11-29,2.5411823034492502
2010-11-30,2.3498655531437707
2010-12-01,3.128670132056398
2010-12-02,4.610779340007987
2010-12-03,5.330614386310056
2010-12-04,4.626783181939846
2010-12-05,3.5984618108522746
2010-12-06,2.8649069323370617
2010-12-07,2.334177566970166
2010-12-08,1.9451218541787008
2010-12-09,1.656468645369249
2010-12-10,1.4399091493617175
2010-12-11,1.275738233311176
2010-12-12,1.4235231497148433
2010-12-13,1.5566727671135745
2010-12-14,1.3643254937600533
2010-12-15,1.2177843656076348
2010-12-16,1.1051618315312388
2010-12-17,1.0178050502685327
2010-12-18,0.9522087180355555
2010-12-19,0.9005297345329849
2010-12-20,1.0678581514930559
2010-12-21,1.2221219080843984
2010-12-22,1.1240574229300029
2010-12-23,1.031575877879242
2010-12-24,0.9585210145822466
2010-12-25,0.9009975755172682
2010-12-26,0.8553084311588579
2010-12-27,0.8187028807840836
2010-12-28,0.9675401044146413
2010-12-29,1.111591447794238
2010-12-30,1.0187596705002657
2010-12-31,1.035852575961153
