time,Qrouted
2071-01-01,245.77759461579652
2071-01-02,243.39608522575392
2071-01-03,222.92663259664153
2071-01-04,181.66013044504578
2071-01-05,148.27906069576085
2071-01-06,123.72972577618856
2071-01-07,105.46152385583923
2071-01-08,91.71536642881019
2071-01-09,81.2618069090645
2071-01-10,73.23054486362885
2071-01-11,69.19504059331128
2071-01-12,72.15314493644819
2071-01-13,67.25333317967187
2071-01-14,62.261371520602985
2071-01-15,69.97356722569616
2071-01-16,123.47800477718994
2071-01-17,155.86990211955552
2071-01-18,139.62332391048557
2071-01-19,117.53596540571357
2071-01-20,102.69991752156851
2071-01-21,97.86124771314378
2071-01-22,87.28017585379625
2071-01-23,78.25846846588121
2071-01-24,74.87912892919354
2071-01-25,81.11214680601566
2071-01-26,84.30800468336956
2071-01-27,108.55721920661698
2071-01-28,103.32093548493275
2071-01-29,90.4794444022326
2071-01-30,80.0339114019145
2071-01-31,72.02268791695609
2071-02-01,86.0832741630361
2071-02-02,163.621576762238
2071-02-03,211.68961129782224
2071-02-04,183.18646113848243
2071-02-05,149.11091525206388
2071-02-06,124.1422037716177
2071-02-07,105.62380318456701
2071-02-08,91.739366897657
2071-02-09,81.34851704920605
2071-02-10,75.45522497402396
2071-02-11,107.02628742047824
2071-02-12,232.9276007879347
2071-02-13,327.0799814720285
2071-02-14,274.95024465643553
2071-02-15,218.88880547638314
2071-02-16,177.79142871180287
2071-02-17,151.68239788340466
2071-02-18,144.61189691763232
2071-02-19,128.2974192878137
2071-02-20,138.25764795082577
2071-02-21,236.0684359887657
2071-02-22,368.3816725942356
2071-02-23,358.2101836903632
2071-02-24,270.16084293984744
2071-02-25,210.0820930201796
2071-02-26,180.24252720774032
2071-02-27,197.41600984685047
2071-02-28,242.4272622180916
2071-03-01,314.84912640978314
2071-03-02,293.7926729137776
2071-03-03,300.5799183862808
2071-03-04,278.2887135772121
2071-03-05,229.10067165909365
2071-03-06,200.6828689180749
2071-03-07,178.69792281744552
2071-03-08,153.45012994742046
2071-03-09,140.12603163684864
2071-03-10,148.5746714825641
2071-03-11,151.38044198544523
2071-03-12,177.09924655519862
2071-03-13,156.38305915414298
2071-03-14,132.49309986421554
2071-03-15,115.6039064845124
2071-03-16,106.17520585619486
2071-03-17,95.80300486405609
2071-03-18,86.71747460020305
2071-03-19,79.69004376319313
2071-03-20,74.19673923599193
2071-03-21,82.23649937920474
2071-03-22,142.01443559503676
2071-03-23,169.01670036367352
2071-03-24,202.34291081034573
2071-03-25,317.63017009742526
2071-03-26,321.0474318085539
2071-03-27,263.0586538945657
2071-03-28,265.73531976656255
2071-03-29,265.51168616310326
2071-03-30,257.7653678252305
2071-03-31,233.9633093390729
2071-04-01,202.8524575426458
2071-04-02,181.33098381426046
2071-04-03,155.50509177831898
2071-04-04,144.6289793686169
2071-04-05,158.1884737165079
2071-04-06,155.25185387262118
2071-04-07,137.28082903640814
2071-04-08,127.64928657008568
2071-04-09,113.73459380973598
2071-04-10,101.15781424107074
2071-04-11,91.54693177272922
2071-04-12,84.12359335648145
2071-04-13,78.32689715226533
2071-04-14,73.75145563089492
2071-04-15,70.1001356466062
2071-04-16,67.15344297299774
2071-04-17,64.87024341425796
2071-04-18,64.43214608250334
2071-04-19,66.1633893608715
2071-04-20,64.9785586550205
2071-04-21,62.76197809336776
2071-04-22,60.91874985802621
2071-04-23,59.37155150270386
2071-04-24,58.056714636673775
2071-04-25,56.92531104213174
2071-04-26,55.9395249855663
2071-04-27,55.06997162375692
2071-04-28,54.29370084756467
2071-04-29,53.59270152685519
2071-04-30,52.952773711980086
2071-05-01,52.36267324964695
2071-05-02,51.813459381979605
2071-05-03,51.29799451959235
2071-05-04,50.82037519669436
2071-05-05,54.522540832735956
2071-05-06,65.6788489967446
2071-05-07,68.91324926727943
2071-05-08,75.86024917153227
2071-05-09,80.46404099088566
2071-05-10,80.1387728555318
2071-05-11,76.41329467609921
2071-05-12,72.49063076407336
2071-05-13,67.6260094755944
2071-05-14,63.46209284354745
2071-05-15,60.142431635417864
2071-05-16,57.46818204912296
2071-05-17,55.290327205267374
2071-05-18,53.496771750848914
2071-05-19,52.00259260606156
2071-05-20,50.74302366821826
2071-05-21,49.66836316806118
2071-05-22,48.740246228490456
2071-05-23,47.947724898168076
2071-05-24,47.24076239823439
2071-05-25,46.59330727607022
2071-05-26,46.007733671051206
2071-05-27,45.47254749287086
2071-05-28,44.99296831399429
2071-05-29,45.219799242241855
2071-05-30,46.46782678745452
2071-05-31,46.23038724361644
2071-06-01,45.413685434255875
2071-06-02,44.75394148513113
2071-06-03,44.5512971765881
2071-06-04,44.34291771650276
2071-06-05,43.7020743807084
2071-06-06,43.09753635315871
2071-06-07,42.55233149513849
2071-06-08,42.05532299049326
2071-06-09,41.60004635574943
2071-06-10,41.39891198114104
2071-06-11,41.70982605179523
2071-06-12,42.74061101055454
2071-06-13,45.57006867752683
2071-06-14,47.138678149124225
2071-06-15,46.31399567424547
2071-06-16,44.79703109276472
2071-06-17,44.795225306282184
2071-06-18,53.530942944423174
2071-06-19,64.14586711918932
2071-06-20,60.84119320222401
2071-06-21,56.06596396114577
2071-06-22,54.010158196659866
2071-06-23,56.20478245392985
2071-06-24,56.52391753198225
2071-06-25,61.01531089173244
2071-06-26,74.49123421106303
2071-06-27,85.40627959800543
2071-06-28,79.54893489937642
2071-06-29,70.98261058051543
2071-06-30,63.824956280511394
2071-07-01,58.358911451397425
2071-07-02,54.14816161492479
2071-07-03,50.653651775747704
2071-07-04,47.85821860745029
2071-07-05,45.85199959531797
2071-07-06,44.83174717312995
2071-07-07,43.442770574730936
2071-07-08,41.967120859778994
2071-07-09,40.73886706249795
2071-07-10,39.70639902034372
2071-07-11,38.82869186183256
2071-07-12,38.92952892333929
2071-07-13,40.694801740411975
2071-07-14,41.26091176163292
2071-07-15,43.5862733069549
2071-07-16,42.66312572230444
2071-07-17,40.99846074769674
2071-07-18,39.62883951550827
2071-07-19,41.106621622716794
2071-07-20,47.026631655058814
2071-07-21,49.048781225304346
2071-07-22,46.82353884336123
2071-07-23,44.82021137438513
2071-07-24,46.63896773306857
2071-07-25,48.26377243402262
2071-07-26,47.86560055510893
2071-07-27,48.193368137216034
2071-07-28,46.78508609456936
2071-07-29,44.60611614297645
2071-07-30,42.27069401182796
2071-07-31,40.31940387010828
2071-08-01,38.728759999579154
2071-08-02,37.418973087589066
2071-08-03,37.631523587810975
2071-08-04,46.77135373103396
2071-08-05,47.1531201429228
2071-08-06,44.86293204058157
2071-08-07,45.72518508588309
2071-08-08,49.69754066033534
2071-08-09,48.46344725717714
2071-08-10,45.11545222270615
2071-08-11,45.27347301569046
2071-08-12,52.77069008316971
2071-08-13,51.381529451828904
2071-08-14,47.54480154052515
2071-08-15,44.22746918140146
2071-08-16,42.051802057103586
2071-08-17,40.188809026215615
2071-08-18,38.83620074138938
2071-08-19,40.66321688915392
2071-08-20,39.82685185523871
2071-08-21,37.882361390695735
2071-08-22,36.30128021256305
2071-08-23,35.0040461091736
2071-08-24,33.92879683353737
2071-08-25,33.028128762934735
2071-08-26,32.26549886371961
2071-08-27,31.61259993028251
2071-08-28,31.04789102778273
2071-08-29,30.55327401620554
2071-08-30,30.11494497793885
2071-08-31,30.267882081538133
2071-09-01,32.87582493434083
2071-09-02,33.589745311126435
2071-09-03,33.035957675727964
2071-09-04,32.858697173483286
2071-09-05,32.030791508669644
2071-09-06,31.141107447201033
2071-09-07,30.390071592859044
2071-09-08,29.846231047517374
2071-09-09,30.030739060403636
2071-09-10,35.601980714112045
2071-09-11,49.73229224169396
2071-09-12,50.786308624173905
2071-09-13,49.9602834838519
2071-09-14,55.605775031301626
2071-09-15,51.93365202595431
2071-09-16,47.07516683515819
2071-09-17,45.11146488967213
2071-09-18,41.93390449182271
2071-09-19,38.81112645639803
2071-09-20,36.34113046376044
2071-09-21,34.42462899366597
2071-09-22,32.91962037985616
2071-09-23,31.595204879119056
2071-09-24,30.50443644336346
2071-09-25,30.14031982993572
2071-09-26,31.769259649187372
2071-09-27,31.5103982970334
2071-09-28,30.405211834151217
2071-09-29,29.437004868071565
2071-09-30,28.631143000706825
2071-10-01,27.945406552778426
2071-10-02,27.36005003217191
2071-10-03,26.855142485353287
2071-10-04,26.414820555059965
2071-10-05,26.026589714759538
2071-10-06,25.72046945764825
2071-10-07,25.580172129826394
2071-10-08,25.37596399487016
2071-10-09,25.076419787394794
2071-10-10,24.807579041866052
2071-10-11,24.55928397754883
2071-10-12,24.31693888762845
2071-10-13,24.090968800349714
2071-10-14,23.878660718179116
2071-10-15,23.677772520959085
2071-10-16,23.486482568896818
2071-10-17,23.303355820149847
2071-10-18,23.99268020306329
2071-10-19,27.765734080751404
2071-10-20,27.77368663241609
2071-10-21,28.776243232093098
2071-10-22,34.88379692863262
2071-10-23,52.86913564992167
2071-10-24,69.7385285374884
2071-10-25,97.76937639254253
2071-10-26,125.05160660745712
2071-10-27,178.70904997659716
2071-10-28,180.56657374511224
2071-10-29,197.27423347805663
2071-10-30,327.41539189779445
2071-10-31,300.70757408116737
2071-11-01,227.7566321190676
2071-11-02,204.22724565053014
2071-11-03,190.1266644475555
2071-11-04,185.89880106270596
2071-11-05,155.16871037773154
2071-11-06,124.93746536054265
2071-11-07,102.70725227997116
2071-11-08,94.41474674616546
2071-11-09,130.50818701558043
2071-11-10,168.49595970703274
2071-11-11,165.35012315495686
2071-11-12,202.76600046767794
2071-11-13,173.91881413982824
2071-11-14,139.7312374341792
2071-11-15,115.71479914045591
2071-11-16,98.75948105457168
2071-11-17,83.99988338758342
2071-11-18,73.16818009757867
2071-11-19,66.6663168152807
2071-11-20,59.91709701021289
2071-11-21,54.27172515873631
2071-11-22,49.85861172842942
2071-11-23,46.37696429137122
2071-11-24,43.60469371010506
2071-11-25,41.380491105277976
2071-11-26,39.582664050726386
2071-11-27,40.706988939040606
2071-11-28,49.09876057912049
2071-11-29,47.30034266099937
2071-11-30,44.18864082992554
2071-12-01,44.012041640320184
2071-12-02,49.43028803264801
2071-12-03,49.060739468748615
2071-12-04,45.562566206778264
2071-12-05,42.67612883829642
2071-12-06,40.36448246267164
2071-12-07,38.49558949715901
2071-12-08,36.96991375756989
2071-12-09,35.91166312992417
2071-12-10,35.48292555156607
2071-12-11,35.15679646870994
2071-12-12,35.33835194999238
2071-12-13,37.15561867534714
2071-12-14,54.702725933322846
2071-12-15,102.03712046554375
2071-12-16,131.4151498845276
2071-12-17,188.46685446653302
2071-12-18,289.47227538195494
2071-12-19,491.07018455629753
2071-12-20,389.89605275152167
2071-12-21,278.91088131763826
2071-12-22,218.94973303005676
2071-12-23,199.31480876820328
2071-12-24,169.24208240139197
2071-12-25,149.57762386527517
2071-12-26,179.73249800134877
2071-12-27,225.7685002562463
2071-12-28,248.7840907880475
2071-12-29,209.6877554493918
2071-12-30,169.13488945485472
2071-12-31,143.75611678263712
2072-01-01,141.90394427764375
2072-01-02,152.1019795262102
2072-01-03,177.55558757218043
2072-01-04,228.73761999959913
2072-01-05,197.07997221006792
2072-01-06,158.7680116051561
2072-01-07,133.68752157386177
2072-01-08,120.31800239767011
2072-01-09,132.68825802161015
2072-01-10,147.08528154235367
2072-01-11,196.54699496729634
2072-01-12,368.48262918603876
2072-01-13,328.5049694647847
2072-01-14,310.00098527273536
2072-01-15,275.44692817841735
2072-01-16,310.2857639748431
2072-01-17,591.4960170637029
2072-01-18,881.6860140364321
2072-01-19,643.9899626493841
2072-01-20,412.4550438339413
2072-01-21,290.15331325929634
2072-01-22,245.7316693308002
2072-01-23,220.9564699626726
2072-01-24,205.49008537105271
2072-01-25,174.1266081462616
2072-01-26,150.99356693599307
2072-01-27,132.10267900621122
2072-01-28,127.01475994203743
2072-01-29,128.7529309867789
2072-01-30,149.7817029811421
2072-01-31,138.14306562333627
2072-02-01,118.8605487386446
2072-02-02,104.0653805525384
2072-02-03,92.83529328123835
2072-02-04,84.21927582406383
2072-02-05,77.53892635066377
2072-02-06,76.63359672491138
2072-02-07,85.87917963303359
2072-02-08,80.98181883921144
2072-02-09,74.84275418128453
2072-02-10,70.32234790541453
2072-02-11,71.94383122315891
2072-02-12,90.50623399482521
2072-02-13,106.87810845274585
2072-02-14,102.20828749500714
2072-02-15,106.68290370390444
2072-02-16,105.22427625169838
2072-02-17,97.66114064885146
2072-02-18,105.25826014595704
2072-02-19,116.13657136264884
2072-02-20,123.26086378220253
2072-02-21,128.31989864797546
2072-02-22,115.25016796571384
2072-02-23,101.74388556358043
2072-02-24,90.54135351824543
2072-02-25,81.89355270498295
2072-02-26,75.82010297018546
2072-02-27,72.6295216656933
2072-02-28,69.07217885645535
2072-02-29,65.08316055188224
2072-03-01,61.84341108430334
2072-03-02,59.276779395412575
2072-03-03,57.22560336219008
2072-03-04,61.34827167798769
2072-03-05,87.45573154307944
2072-03-06,101.7380312624549
2072-03-07,126.93760079300209
2072-03-08,173.3355422783048
2072-03-09,231.10060696281786
2072-03-10,312.3815318539565
2072-03-11,371.4925885516989
2072-03-12,287.0987363011032
2072-03-13,221.48463391237598
2072-03-14,179.4863245348984
2072-03-15,148.55684542933312
2072-03-16,125.80029623526815
2072-03-17,108.81207283378963
2072-03-18,96.00600226190635
2072-03-19,88.36029006276475
2072-03-20,120.43857154914156
2072-03-21,226.01910682044976
2072-03-22,215.85089252799023
2072-03-23,181.01945944187773
2072-03-24,195.15842821913898
2072-03-25,284.52060367800846
2072-03-26,264.9950751594339
2072-03-27,216.08251733336866
2072-03-28,178.76011229138166
2072-03-29,155.64816186545326
2072-03-30,134.4740784226742
2072-03-31,116.98800607275905
2072-04-01,102.90697663390095
2072-04-02,92.14965325636366
2072-04-03,83.88468493253002
2072-04-04,77.46711743184967
2072-04-05,72.43252546081625
2072-04-06,70.98795705619352
2072-04-07,78.5693912778909
2072-04-08,77.84505291080542
2072-04-09,75.69308589203982
2072-04-10,75.6801747455119
2072-04-11,77.78071958929416
2072-04-12,82.82598536438455
2072-04-13,96.99456850429573
2072-04-14,90.64518975422813
2072-04-15,82.11714468341073
2072-04-16,75.51854943165795
2072-04-17,70.3599537005509
2072-04-18,66.283971253037
2072-04-19,63.0285422394868
2072-04-20,60.399760895492626
2072-04-21,58.25294608914839
2072-04-22,56.74748520431324
2072-04-23,58.21576708401586
2072-04-24,66.3302831679459
2072-04-25,65.38241549810742
2072-04-26,61.918310727137936
2072-04-27,59.133307284324836
2072-04-28,57.66607222652069
2072-04-29,59.28709854284352
2072-04-30,58.94021168541558
2072-05-01,58.012321593999815
2072-05-02,60.664264626298056
2072-05-03,59.59556928499856
2072-05-04,66.9958626172863
2072-05-05,96.67497462412136
2072-05-06,98.5347741443897
2072-05-07,88.4978258790074
2072-05-08,79.31579829307815
2072-05-09,72.22361317759258
2072-05-10,66.70387289764565
2072-05-11,62.363966590788806
2072-05-12,58.91660083467131
2072-05-13,56.14960754350796
2072-05-14,53.904963792528314
2072-05-15,52.06404463497655
2072-05-16,50.53714682242573
2072-05-17,49.25597322162938
2072-05-18,48.168191876192886
2072-05-19,47.23346344215289
2072-05-20,46.4205176250409
2072-05-21,45.704985572835305
2072-05-22,45.06778150443259
2072-05-23,44.49388644955585
2072-05-24,43.971428515280586
2072-05-25,43.49098330911999
2072-05-26,43.09260506124594
2072-05-27,42.71083768284183
2072-05-28,42.33968795256058
2072-05-29,41.97626160936619
2072-05-30,42.031733429421756
2072-05-31,44.097879937809005
2072-06-01,45.886379870764806
2072-06-02,47.35385993648668
2072-06-03,49.43365119459906
2072-06-04,47.909361129102244
2072-06-05,46.19740926861746
2072-06-06,44.78061179333026
2072-06-07,43.59574250197476
2072-06-08,42.59350660624212
2072-06-09,45.15846794863766
2072-06-10,59.79565935401476
2072-06-11,64.23964717615651
2072-06-12,59.044714526586404
2072-06-13,54.70445619843889
2072-06-14,56.421380554813574
2072-06-15,82.97247382784538
2072-06-16,111.8331808440508
2072-06-17,99.70924787134201
2072-06-18,85.978429762722
2072-06-19,75.55147458992825
2072-06-20,67.55727456841356
2072-06-21,61.37036245743666
2072-06-22,56.53756513426308
2072-06-23,53.98212636027072
2072-06-24,54.52002097938142
2072-06-25,53.91398258146981
2072-06-26,54.26954638777963
2072-06-27,51.47411805157751
2072-06-28,48.58945436641978
2072-06-29,46.301440491631666
2072-06-30,44.56404438301903
2072-07-01,42.989257596377506
2072-07-02,41.6748112859529
2072-07-03,40.57386599300102
2072-07-04,39.64146461486758
2072-07-05,39.735551454546005
2072-07-06,41.97447611330694
2072-07-07,42.13490287315519
2072-07-08,40.94910829415182
2072-07-09,40.036965911627945
2072-07-10,39.05030291979769
2072-07-11,38.14919944743691
2072-07-12,37.37821056898684
2072-07-13,37.34720306907351
2072-07-14,46.65356655966323
2072-07-15,57.98353911535175
2072-07-16,54.959097100640236
2072-07-17,51.09019221886211
2072-07-18,47.78584026883675
2072-07-19,45.040944468866435
2072-07-20,42.977061592559544
2072-07-21,41.18220487490063
2072-07-22,41.84634324300044
2072-07-23,45.29763667711518
2072-07-24,50.35182949309789
2072-07-25,67.6643128947656
2072-07-26,63.87212148435183
2072-07-27,57.97079882811729
2072-07-28,54.446811449290436
2072-07-29,50.36579593857085
2072-07-30,46.761627973410135
2072-07-31,43.89648958428152
2072-08-01,41.60657261998631
2072-08-02,39.77738607013611
2072-08-03,38.354595425322394
2072-08-04,37.40027420252423
2072-08-05,36.32535616808917
2072-08-06,35.367609597553916
2072-08-07,34.55607352176756
2072-08-08,33.86084190209046
2072-08-09,33.25855492680961
2072-08-10,32.730900683057676
2072-08-11,32.26345808438876
2072-08-12,31.844820434886625
2072-08-13,31.465927785642226
2072-08-14,31.119555600140675
2072-08-15,30.79992112917419
2072-08-16,30.502378925013556
2072-08-17,30.317701108828047
2072-08-18,31.41930244666847
2072-08-19,37.05058388848175
2072-08-20,41.56621449495119
2072-08-21,39.46067097202195
2072-08-22,38.368119610429
2072-08-23,40.907569498186305
2072-08-24,43.020452247923515
2072-08-25,44.15583475651371
2072-08-26,42.44208096557667
2072-08-27,41.59854889691952
2072-08-28,40.446613118874716
2072-08-29,38.347149366241894
2072-08-30,36.34488267642299
2072-08-31,34.72615559512422
2072-09-01,33.463171174473416
2072-09-02,32.381239363036
2072-09-03,31.45042206239221
2072-09-04,30.666464663861884
2072-09-05,30.004880981056328
2072-09-06,29.59650282005208
2072-09-07,31.101631034096936
2072-09-08,33.897334329294175
2072-09-09,32.96762071530372
2072-09-10,32.20855097688669
2072-09-11,35.99136141009465
2072-09-12,42.54457707593908
2072-09-13,39.73775913331722
2072-09-14,37.071529016867
2072-09-15,34.9438783202891
2072-09-16,33.230205831214285
2072-09-17,31.83723299890984
2072-09-18,30.69417315863491
2072-09-19,29.746959398971594
2072-09-20,28.95404397062656
2072-09-21,28.283316836631172
2072-09-22,27.709828187124444
2072-09-23,27.214093255416927
2072-09-24,26.780822149979866
2072-09-25,26.39796216196356
2072-09-26,26.055971387579913
2072-09-27,25.74726469832579
2072-09-28,25.465788914623698
2072-09-29,25.206695404517294
2072-09-30,24.966086552492783
2072-10-01,24.74081853380127
2072-10-02,24.52834722154526
2072-10-03,24.32660729363734
2072-10-04,24.133917010785236
2072-10-05,23.957231730694748
2072-10-06,25.430968167860737
2072-10-07,29.777570942658045
2072-10-08,28.57322517436422
2072-10-09,27.516819556996452
2072-10-10,32.35581457129414
2072-10-11,39.77381712503585
2072-10-12,36.798057058289885
2072-10-13,35.07655304948999
2072-10-14,43.37658837190461
2072-10-15,65.97922402976998
2072-10-16,71.35895649086358
2072-10-17,67.74802712634094
2072-10-18,70.40371398757249
2072-10-19,88.48862748600256
2072-10-20,82.54552665990188
2072-10-21,72.18695375617897
2072-10-22,71.84309755809163
2072-10-23,80.70755645812959
2072-10-24,71.23705183803794
2072-10-25,64.01253111205216
2072-10-26,63.121258992483085
2072-10-27,72.84399231446419
2072-10-28,65.25558690830967
2072-10-29,56.906691447290996
2072-10-30,52.780301993419066
2072-10-31,47.59659846042203
2072-11-01,42.92971475190655
2072-11-02,39.271936964054284
2072-11-03,36.38071106500475
2072-11-04,34.0760627771183
2072-11-05,32.22327822708611
2072-11-06,30.720767610354425
2072-11-07,29.505460752027847
2072-11-08,32.040775733259316
2072-11-09,44.478075981501576
2072-11-10,49.06303173660172
2072-11-11,86.65041792215284
2072-11-12,150.7154320763058
2072-11-13,143.20865093491338
2072-11-14,126.05241374146397
2072-11-15,133.18487135460327
2072-11-16,153.36134844371315
2072-11-17,170.4481862325247
2072-11-18,174.88076004306342
2072-11-19,256.9054511384558
2072-11-20,315.4134058485061
2072-11-21,257.9196390728805
2072-11-22,204.55537577715742
2072-11-23,162.24561239840892
2072-11-24,130.52695163076808
2072-11-25,107.21632984539686
2072-11-26,90.55364821456264
2072-11-27,83.33033220046939
2072-11-28,85.63847398555407
2072-11-29,101.35924796556075
2072-11-30,96.60536479248414
2072-12-01,94.61054604421112
2072-12-02,92.08306949611803
2072-12-03,98.68253325645435
2072-12-04,88.84231965953173
2072-12-05,81.07287785110883
2072-12-06,77.0060678374604
2072-12-07,79.38236001624902
2072-12-08,124.39440736454345
2072-12-09,140.21007194458642
2072-12-10,129.03039789172396
2072-12-11,108.47989553974976
2072-12-12,91.2455519322665
2072-12-13,82.23044761141217
2072-12-14,98.81442925257149
2072-12-15,127.2896302743459
2072-12-16,113.34320777491872
2072-12-17,98.88306335058381
2072-12-18,96.13329351387546
2072-12-19,90.07472461630807
2072-12-20,94.21971336993364
2072-12-21,93.56255427507115
2072-12-22,110.74189874527242
2072-12-23,100.26172638424579
2072-12-24,103.75817011674626
2072-12-25,143.87537142397102
2072-12-26,129.2354581494961
2072-12-27,107.21348740020142
2072-12-28,90.82794690457882
2072-12-29,78.50412050034956
2072-12-30,69.13737012825166
2072-12-31,61.94641758010865
2073-01-01,56.37199169205443
2073-01-02,52.009322031055255
2073-01-03,48.56249509242638
2073-01-04,45.924060175864525
2073-01-05,45.26060640923293
2073-01-06,43.87003777131028
2073-01-07,41.99539294072482
2073-01-08,40.442044795927465
2073-01-09,39.15668527538622
2073-01-10,38.08148543938496
2073-01-11,42.51421558884579
2073-01-12,62.702904077984776
2073-01-13,62.425131892171585
2073-01-14,62.66286353416668
2073-01-15,72.48413716058091
2073-01-16,75.96233510032366
2073-01-17,67.06895879032803
2073-01-18,59.90951849031533
2073-01-19,65.29166547263146
2073-01-20,89.09124961904259
2073-01-21,81.24716189519339
2073-01-22,71.42846776762521
2073-01-23,66.07406166403683
2073-01-24,95.23910244760357
2073-01-25,215.57537240862732
2073-01-26,270.51081424943135
2073-01-27,338.0285424212124
2073-01-28,447.32555597394185
2073-01-29,503.81033421471665
2073-01-30,379.8665352912482
2073-01-31,306.53381380569397
2073-02-01,275.10774884042314
2073-02-02,332.6747477555466
2073-02-03,311.64993403668376
2073-02-04,367.1750071595982
2073-02-05,386.5898180720879
2073-02-06,313.38904008245225
2073-02-07,238.8848673781447
2073-02-08,199.78593468882863
2073-02-09,198.70790856894533
2073-02-10,199.9004412296725
2073-02-11,231.69715291084626
2073-02-12,230.70745211934135
2073-02-13,223.51404668832984
2073-02-14,191.22117536592205
2073-02-15,191.92559850071947
2073-02-16,237.5167584474026
2073-02-17,225.9856398179429
2073-02-18,204.1127314701408
2073-02-19,218.63336560913754
2073-02-20,257.02792278771784
2073-02-21,253.99087924409295
2073-02-22,255.27504755628283
2073-02-23,210.28956100175685
2073-02-24,171.26386377346634
2073-02-25,142.73872566374024
2073-02-26,121.62843151771914
2073-02-27,105.82151809396807
2073-02-28,93.85339392489969
2073-03-01,84.69434234708343
2073-03-02,82.89269676581117
2073-03-03,95.97043818647761
2073-03-04,91.86879483664279
2073-03-05,90.33087382011138
2073-03-06,83.59447706179736
2073-03-07,76.5643460309766
2073-03-08,71.7933410470916
2073-03-09,69.11545166053979
2073-03-10,68.61860436853208
2073-03-11,69.76293947953555
2073-03-12,66.22288415842046
2073-03-13,62.747528207769655
2073-03-14,59.949166436667554
2073-03-15,63.59013954759368
2073-03-16,82.10114950625939
2073-03-17,78.9060949257615
2073-03-18,72.43694606957806
2073-03-19,67.43120129259633
2073-03-20,63.47733148813784
2073-03-21,60.52279751420795
2073-03-22,58.530112606021504
2073-03-23,60.94590156979225
2073-03-24,68.76828785038198
2073-03-25,66.72245510018531
2073-03-26,63.64779615500321
2073-03-27,60.106961438060516
2073-03-28,57.22109381174827
2073-03-29,54.88503473826099
2073-03-30,52.972707532273546
2073-03-31,51.391863111383834
2073-04-01,50.06543089452297
2073-04-02,48.93926535724625
2073-04-03,47.97241983627265
2073-04-04,47.22205219855743
2073-04-05,47.668146080113786
2073-04-06,48.55582433382164
2073-04-07,47.778975053152294
2073-04-08,48.0125082227138
2073-04-09,51.733485145435544
2073-04-10,51.476520316098544
2073-04-11,51.312612101268634
2073-04-12,49.82519625421551
2073-04-13,48.21375874531818
2073-04-14,46.86946862398347
2073-04-15,45.73537193953461
2073-04-16,45.189361868396226
2073-04-17,45.964514709785114
2073-04-18,51.42193720872509
2073-04-19,51.64687061517352
2073-04-20,49.28819075654826
2073-04-21,55.013284991757274
2073-04-22,77.7812072331891
2073-04-23,74.48769901400296
2073-04-24,67.98122959317963
2073-04-25,62.300130426923054
2073-04-26,57.5761435310797
2073-04-27,53.847429925194355
2073-04-28,50.87606549288446
2073-04-29,48.48455775561007
2073-04-30,46.54002050590424
2073-05-01,44.94222411008811
2073-05-02,43.61513178200616
2073-05-03,42.50037835510529
2073-05-04,41.55323937655367
2073-05-05,40.73913965039811
2073-05-06,40.031153405748405
2073-05-07,39.40823439364565
2073-05-08,38.853852873143786
2073-05-09,38.3549671679174
2073-05-10,37.90124305802406
2073-05-11,37.484457953234156
2073-05-12,37.09804368570514
2073-05-13,36.73673389970695
2073-05-14,36.397101100303175
2073-05-15,36.09404013150125
2073-05-16,35.79549970770909
2073-05-17,35.4950652101517
2073-05-18,35.20597255314986
2073-05-19,34.926610946401055
2073-05-20,34.655628196057336
2073-05-21,34.391913603734146
2073-05-22,34.134552119713014
2073-05-23,33.882787647663896
2073-05-24,33.63599358202715
2073-05-25,33.393649081372146
2073-05-26,33.15531990590797
2073-05-27,35.33275431873424
2073-05-28,40.28604694842239
2073-05-29,39.36028983067815
2073-05-30,39.985760586841984
2073-05-31,41.024880933771335
2073-06-01,43.23853050978715
2073-06-02,43.11481384133242
2073-06-03,41.261817094751585
2073-06-04,39.3192845873705
2073-06-05,37.73491588498451
2073-06-06,36.43161538026465
2073-06-07,35.34855138735635
2073-06-08,34.461258303334795
2073-06-09,33.88496720506666
2073-06-10,33.30900522561233
2073-06-11,32.69520300575234
2073-06-12,32.144377625519645
2073-06-13,31.659129714159572
2073-06-14,31.235150649595223
2073-06-15,33.73465820952974
2073-06-16,37.69266743583913
2073-06-17,44.62769388724501
2073-06-18,59.85128572886171
2073-06-19,55.44874689398318
2073-06-20,50.76224915756318
2073-06-21,47.395745394603956
2073-06-22,46.19159196550655
2073-06-23,43.976086270454196
2073-06-24,41.97511806431954
2073-06-25,42.67691213687385
2073-06-26,43.23075016521087
2073-06-27,41.17019114012127
2073-06-28,38.71324444246514
2073-06-29,36.707744024717954
2073-06-30,35.080739062422225
2073-07-01,33.74838592044275
2073-07-02,32.64671026528371
2073-07-03,31.726604585329397
2073-07-04,30.950155106535437
2073-07-05,30.287930744491963
2073-07-06,29.716967796919008
2073-07-07,29.219261734299554
2073-07-08,28.78063132016356
2073-07-09,28.38985801054864
2073-07-10,28.038030216626662
2073-07-11,27.71804097511379
2073-07-12,27.612112955639233
2073-07-13,28.36934146647629
2073-07-14,28.423979730854995
2073-07-15,27.968689467484197
2073-07-16,27.528769631127073
2073-07-17,27.13959362169847
2073-07-18,26.791475201917805
2073-07-19,26.47674749749038
2073-07-20,26.189306357723027
2073-07-21,25.924272742894996
2073-07-22,25.677732230344045
2073-07-23,25.446533048752524
2073-07-24,25.228143948359804
2073-07-25,25.035605449494458
2073-07-26,24.97507050149491
2073-07-27,26.514003620564598
2073-07-28,31.352534974313887
2073-07-29,36.271546309804584
2073-07-30,34.113766141004184
2073-07-31,36.12019960242506
2073-08-01,42.87531219275608
2073-08-02,43.17340841823586
2073-08-03,50.93124152847852
2073-08-04,47.070330793316685
2073-08-05,42.22079486102424
2073-08-06,38.445726055717664
2073-08-07,35.479424474477135
2073-08-08,33.29205121293962
2073-08-09,31.60794584110785
2073-08-10,30.288990572754248
2073-08-11,30.23642851002899
2073-08-12,30.04917059425877
2073-08-13,31.802011077895568
2073-08-14,32.64315952424633
2073-08-15,31.29172551028
2073-08-16,29.728546411822396
2073-08-17,28.406551287077974
2073-08-18,27.32270531222618
2073-08-19,26.425825302207468
2073-08-20,25.676561813664886
2073-08-21,25.044425958940327
2073-08-22,24.50566676600191
2073-08-23,24.041695477822326
2073-08-24,23.637894559190997
2073-08-25,23.2827177208575
2073-08-26,23.005906778711946
2073-08-27,22.85436965291007
2073-08-28,22.667773918454813
2073-08-29,22.410442410128606
2073-08-30,22.191790130609586
2073-08-31,22.066940865276667
2073-09-01,22.137106281178692
2073-09-02,22.24018969996226
2073-09-03,22.117955400000714
2073-09-04,21.841035250623865
2073-09-05,21.58153979978755
2073-09-06,21.341483401037987
2073-09-07,21.124055054723797
2073-09-08,21.155577178028576
2073-09-09,21.824416377087967
2073-09-10,21.747514044926707
2073-09-11,21.403982885730617
2073-09-12,21.076568776146768
2073-09-13,20.78751587262357
2073-09-14,20.528689148374756
2073-09-15,20.294599395511888
2073-09-16,20.080834726496956
2073-09-17,19.883907428899274
2073-09-18,19.704771928081183
2073-09-19,19.538639285390214
2073-09-20,19.375852994224896
2073-09-21,19.220960463365735
2073-09-22,19.134226967362007
2073-09-23,19.17578481277754
2073-09-24,19.04444446799864
2073-09-25,18.876590382296566
2073-09-26,18.718669484072294
2073-09-27,18.569090089999225
2073-09-28,18.42653932114214
2073-09-29,18.289943143826775
2073-09-30,18.15842050142611
2073-10-01,18.031246704215313
2073-10-02,17.90782411463368
2073-10-03,17.80758051567219
2073-10-04,17.727739375432368
2073-10-05,17.60900045596504
2073-10-06,17.489349151030662
2073-10-07,17.37284566833998
2073-10-08,17.2590905623865
2073-10-09,17.163558876780616
2073-10-10,17.282181501143587
2073-10-11,17.15133655237617
2073-10-12,17.016558832035212
2073-10-13,16.886586499397303
2073-10-14,16.762337755705264
2073-10-15,16.69476220989249
2073-10-16,16.76936321364386
2073-10-17,16.661698123922722
2073-10-18,16.5215438638559
2073-10-19,17.669219479445278
2073-10-20,18.606827907267277
2073-10-21,17.734926134400887
2073-10-22,17.364485726303872
2073-10-23,17.045946578426385
2073-10-24,16.86683297191699
2073-10-25,17.588769355194497
2073-10-26,24.01394489359579
2073-10-27,41.4786018330983
2073-10-28,64.11943163027185
2073-10-29,70.72328619444319
2073-10-30,73.81883231097028
2073-10-31,89.15789579585346
2073-11-01,80.40320063364257
2073-11-02,75.40473035975022
2073-11-03,64.5428317703301
2073-11-04,54.33997009156644
2073-11-05,46.431480595413355
2073-11-06,40.362891096487274
2073-11-07,35.77659249826575
2073-11-08,42.07610627046696
2073-11-09,76.25169665671841
2073-11-10,101.58582120288052
2073-11-11,106.06710203778363
2073-11-12,96.89066217027016
2073-11-13,82.34553834558352
2073-11-14,85.56278981212468
2073-11-15,118.52989288610691
2073-11-16,127.84766977023718
2073-11-17,117.777300431125
2073-11-18,104.34755488592367
2073-11-19,86.67509983428869
2073-11-20,73.3125641102199
2073-11-21,70.1931606122224
2073-11-22,82.49107153096715
2073-11-23,73.32504570425206
2073-11-24,61.85390749357534
2073-11-25,53.144236055677
2073-11-26,46.47126020500306
2073-11-27,41.313299216445785
2073-11-28,37.29224530522908
2073-11-29,34.13130139207994
2073-11-30,34.66169610643462
2073-12-01,44.71681613817275
2073-12-02,42.53592868748028
2073-12-03,39.282118293174314
2073-12-04,41.5034299909008
2073-12-05,52.206273052457966
2073-12-06,80.02718829484316
2073-12-07,115.91812138201512
2073-12-08,241.31861967540303
2073-12-09,214.7999323141455
2073-12-10,160.57545854716037
2073-12-11,126.8575218782541
2073-12-12,118.3268353887629
2073-12-13,158.95162654599176
2073-12-14,177.84367752036812
2073-12-15,156.72404336401027
2073-12-16,145.93276452312307
2073-12-17,169.94503223335525
2073-12-18,241.46842616811344
2073-12-19,202.72528680763688
2073-12-20,156.9946283054368
2073-12-21,167.82056830613888
2073-12-22,324.1453349290853
2073-12-23,276.0246921914094
2073-12-24,207.69241002726162
2073-12-25,172.23601734986963
2073-12-26,139.4745592470494
2073-12-27,113.93703342259461
2073-12-28,97.54226211067858
2073-12-29,88.42352474470766
2073-12-30,101.10521828221142
2073-12-31,156.14654542581164
2074-01-01,182.65514669342474
2074-01-02,205.30214593563642
2074-01-03,356.4303260456201
2074-01-04,291.23469536073634
2074-01-05,210.5279184935978
2074-01-06,165.89119620241487
2074-01-07,158.73157267191002
2074-01-08,235.18830865623468
2074-01-09,292.9451910550063
2074-01-10,256.3617511013361
2074-01-11,271.0178092455637
2074-01-12,250.15308550496584
2074-01-13,200.5798203073634
2074-01-14,160.76390735084297
2074-01-15,131.78654321302585
2074-01-16,110.42206824454217
2074-01-17,94.4836145473355
2074-01-18,91.00704908974403
2074-01-19,111.02827397255777
2074-01-20,104.59624355317156
2074-01-21,112.70985811314705
2074-01-22,122.66007663184566
2074-01-23,112.8594790794259
2074-01-24,131.14258015990734
2074-01-25,178.45243613233933
2074-01-26,191.25159594399682
2074-01-27,192.77365792697026
2074-01-28,212.28962250538586
2074-01-29,181.92000817809756
2074-01-30,152.1149195552536
2074-01-31,136.30707017071157
2074-02-01,137.22907707227895
2074-02-02,119.08107380860925
2074-02-03,103.75608562440152
2074-02-04,90.83075066216757
2074-02-05,80.38593064258008
2074-02-06,72.38080167872046
2074-02-07,66.20483478092653
2074-02-08,61.41587857968276
2074-02-09,57.58479735207988
2074-02-10,54.51203864273979
2074-02-11,55.20521784889285
2074-02-12,66.04534103989887
2074-02-13,63.820210144308305
2074-02-14,60.01768110511378
2074-02-15,70.88226218403382
2074-02-16,102.27625755177782
2074-02-17,97.2889369666085
2074-02-18,101.56659582704235
2074-02-19,118.16825624188029
2074-02-20,114.15522762349163
2074-02-21,128.5869519862692
2074-02-22,115.13974885056342
2074-02-23,106.67254710978618
2074-02-24,120.42836996471544
2074-02-25,107.82376677130594
2074-02-26,92.94315981917681
2074-02-27,81.75025857181724
2074-02-28,77.22820133445208
2074-03-01,86.78191266372397
2074-03-02,99.64399766232295
2074-03-03,90.42671572732621
2074-03-04,79.78867503062024
2074-03-05,71.63604129737509
2074-03-06,65.32662946014743
2074-03-07,60.398947916671496
2074-03-08,56.92494923919429
2074-03-09,54.519214394842294
2074-03-10,51.85752660790746
2074-03-11,49.633981296092344
2074-03-12,47.814269401476544
2074-03-13,46.30878685151612
2074-03-14,45.04926398422967
2074-03-15,43.98335781189554
2074-03-16,43.070698876174056
2074-03-17,47.02243110052709
2074-03-18,73.78971576143954
2074-03-19,79.81131418117958
2074-03-20,73.84026147737528
2074-03-21,73.47102021504766
2074-03-22,79.41778062214564
2074-03-23,79.7852147520232
2074-03-24,91.06289563596995
2074-03-25,84.883279414256
2074-03-26,75.03768630982206
2074-03-27,67.1845184555032
2074-03-28,61.12604503350426
2074-03-29,56.404680361398135
2074-03-30,56.95946198083669
2074-03-31,100.1167953568547
2074-04-01,218.3459047530515
2074-04-02,301.8998190176797
2074-04-03,260.6696452343944
2074-04-04,200.90783922060757
2074-04-05,166.49716828955536
2074-04-06,158.11742845684458
2074-04-07,148.62136698205296
2074-04-08,138.94251525415964
2074-04-09,165.98921563966354
2074-04-10,151.0371083653553
2074-04-11,130.35444615137075
2074-04-12,130.97082660200496
2074-04-13,137.59352143485359
2074-04-14,120.82249621803207
2074-04-15,102.81445152980017
2074-04-16,89.30097388482443
2074-04-17,89.45305915582298
2074-04-18,119.15318652713906
2074-04-19,124.45762178828296
2074-04-20,150.2769002169277
2074-04-21,147.8152463657108
2074-04-22,126.34515793481272
2074-04-23,119.19203771427819
2074-04-24,147.0456999926798
2074-04-25,140.40526413545754
2074-04-26,120.17649882494936
2074-04-27,102.69468664448767
2074-04-28,89.54455297208513
2074-04-29,79.54816218297472
2074-04-30,71.870135178271
2074-05-01,66.3796266910399
2074-05-02,63.27808057244955
2074-05-03,59.49530869095744
2074-05-04,56.21279228849027
2074-05-05,53.79241552653358
2074-05-06,52.14735765767275
2074-05-07,51.88567213546994
2074-05-08,56.05238143610571
2074-05-09,64.46710098114342
2074-05-10,61.193761665386766
2074-05-11,57.187762641115064
2074-05-12,54.20049059446
2074-05-13,52.937087257311646
2074-05-14,51.95391447768168
2074-05-15,49.93193801058559
2074-05-16,48.065774465917265
2074-05-17,46.63473902882081
2074-05-18,45.68897439214024
2074-05-19,44.602450307763974
2074-05-20,43.589834770650945
2074-05-21,42.722755685346705
2074-05-22,41.96641598464693
2074-05-23,41.301984287227675
2074-05-24,40.71145936625194
2074-05-25,40.18067279800074
2074-05-26,39.69842231328959
2074-05-27,39.25581270036586
2074-05-28,38.8457517340524
2074-05-29,38.46256261522788
2074-05-30,38.101684487789804
2074-05-31,37.759439914056834
2074-06-01,37.433241694398596
2074-06-02,37.1199859271311
2074-06-03,36.81784384255844
2074-06-04,36.525382899767074
2074-06-05,36.24128362201369
2074-06-06,35.96446139669796
2074-06-07,35.69402197880909
2074-06-08,35.429225860366735
2074-06-09,35.16945964979782
2074-06-10,34.91421301300845
2074-06-11,34.66306004181891
2074-06-12,34.41564415805246
2074-06-13,34.17166584983557
2074-06-14,33.93087268331683
2074-06-15,33.69305114765846
2074-06-16,33.458019981100385
2074-06-17,33.22562469670269
2074-06-18,33.30005871956646
2074-06-19,34.23422992863145
2074-06-20,35.440153472764784
2074-06-21,37.52923020777254
2074-06-22,38.206018261176176
2074-06-23,37.78597265105292
2074-06-24,36.82698879078983
2074-06-25,37.83864344041677
2074-06-26,41.33841508468539
2074-06-27,43.85996255487503
2074-06-28,43.60146436793562
2074-06-29,41.318723791699206
2074-06-30,41.60167288780825
2074-07-01,44.823710097966604
2074-07-02,42.278969086906436
2074-07-03,39.943226824684174
2074-07-04,38.05673113467815
2074-07-05,36.51937495801788
2074-07-06,35.25428949611749
2074-07-07,34.20271362167673
2074-07-08,33.31945996284782
2074-07-09,32.56958393969515
2074-07-10,31.9259186342359
2074-07-11,31.367237832553812
2074-07-12,30.87687824565967
2074-07-13,30.67629374984492
2074-07-14,31.469272409385553
2074-07-15,31.79964305223973
2074-07-16,31.22326949053509
2074-07-17,30.764316674650583
2074-07-18,30.21849038612686
2074-07-19,29.73252200576464
2074-07-20,32.85917216615846
2074-07-21,38.817384970907845
2074-07-22,36.7037565961128
2074-07-23,35.11675699277045
2074-07-24,33.64296792629808
2074-07-25,32.3867692098411
2074-07-26,31.347142071744674
2074-07-27,33.36726722876589
2074-07-28,37.85771770298346
2074-07-29,36.38199495160475
2074-07-30,34.72788853273071
2074-07-31,33.128264451407446
2074-08-01,31.82367752838191
2074-08-02,30.747786533634898
2074-08-03,29.90065500619313
2074-08-04,29.215041908754273
2074-08-05,28.55936641651293
2074-08-06,27.99016772530238
2074-08-07,27.653285519403152
2074-08-08,27.80060270440457
2074-08-09,27.569631373576303
2074-08-10,27.083727080228016
2074-08-11,26.652287720287887
2074-08-12,26.27008060984079
2074-08-13,25.928414424497785
2074-08-14,25.978420238151084
2074-08-15,34.62099080777608
2074-08-16,43.322192401904175
2074-08-17,41.873730173537055
2074-08-18,39.88432044812416
2074-08-19,37.337423976063874
2074-08-20,34.821862032859464
2074-08-21,33.65797939062555
2074-08-22,34.73712012362498
2074-08-23,32.8767065068955
2074-08-24,31.13551606119263
2074-08-25,29.867972929043386
2074-08-26,29.365659359841178
2074-08-27,28.934775361507096
2074-08-28,27.992310697351982
2074-08-29,27.915798843360204
2074-08-30,32.65176126691456
2074-08-31,36.504039003957836
2074-09-01,39.08786612231256
2074-09-02,49.61100756509884
2074-09-03,54.78057186692998
2074-09-04,57.766099744056135
2074-09-05,56.23672201285934
2074-09-06,51.10765658069289
2074-09-07,45.71789287856578
2074-09-08,41.177933053342635
2074-09-09,37.614331111766646
2074-09-10,34.84079761050068
2074-09-11,33.00089071805994
2074-09-12,31.293347233832943
2074-09-13,29.723850679086954
2074-09-14,28.4441251939451
2074-09-15,27.391625979277276
2074-09-16,26.518011832563783
2074-09-17,25.785939403869566
2074-09-18,25.166404839434307
2074-09-19,24.6367662986159
2074-09-20,24.179263099478266
2074-09-21,23.77989975981833
2074-09-22,23.42759999751598
2074-09-23,23.113561759685407
2074-09-24,22.830762877252734
2074-09-25,22.57358024153997
2074-09-26,22.337495015967637
2074-09-27,22.11886339689185
2074-09-28,22.290800745788758
2074-09-29,30.52407853532159
2074-09-30,45.09485525539128
2074-10-01,42.94079524390324
2074-10-02,39.61260113100607
2074-10-03,36.074382393669914
2074-10-04,33.13046236936715
2074-10-05,33.81880679483515
2074-10-06,37.17200041382811
2074-10-07,37.56835662978636
2074-10-08,43.158248945311556
2074-10-09,39.93770446082046
2074-10-10,36.15307283815914
2074-10-11,33.17606472638828
2074-10-12,30.811990883012054
2074-10-13,28.91945947070776
2074-10-14,27.392055156923462
2074-10-15,26.1490413781258
2074-10-16,25.128765141258057
2074-10-17,25.66444229934811
2074-10-18,30.940851992329513
2074-10-19,29.773780900886965
2074-10-20,27.980547438229227
2074-10-21,26.533324343051735
2074-10-22,28.988168540756124
2074-10-23,52.783632549523425
2074-10-24,96.62216171450466
2074-10-25,91.51237309434298
2074-10-26,76.70442984270503
2074-10-27,67.918794004247
2074-10-28,58.3753306297809
2074-10-29,50.45700146397524
2074-10-30,44.371933892625826
2074-10-31,41.03052121312073
2074-11-01,40.79662574018717
2074-11-02,38.633190498218234
2074-11-03,38.08476019651001
2074-11-04,36.321392659003585
2074-11-05,33.44306002322835
2074-11-06,31.052852208925135
2074-11-07,29.14180303532447
2074-11-08,27.601121963624436
2074-11-09,27.275940102473545
2074-11-10,30.36091541846831
2074-11-11,36.92887571621457
2074-11-12,53.12589988064098
2074-11-13,49.31475231547561
2074-11-14,43.43717388884169
2074-11-15,39.11844958150744
2074-11-16,36.40948555609049
2074-11-17,33.605439161317875
2074-11-18,31.127868135494737
2074-11-19,29.14742792524869
2074-11-20,34.94524623026371
2074-11-21,55.65207744674333
2074-11-22,58.97616132171675
2074-11-23,71.95313493984555
2074-11-24,73.37599924030009
2074-11-25,68.37964243691668
2074-11-26,88.006617073486
2074-11-27,109.99418912920119
2074-11-28,105.82713008631889
2074-11-29,118.36181713789308
2074-11-30,106.15118508896512
2074-12-01,108.98736999443652
2074-12-02,154.76838596491845
2074-12-03,140.32652093673164
2074-12-04,125.75100514104825
2074-12-05,124.8989796888967
2074-12-06,105.40845561568955
2074-12-07,86.99337665743796
2074-12-08,78.20566269060389
2074-12-09,85.27053458886917
2074-12-10,79.11442466357622
2074-12-11,70.46329120612926
2074-12-12,71.16548844201411
2074-12-13,87.33479824628712
2074-12-14,77.98506336308746
2074-12-15,67.88903673200365
2074-12-16,71.95756104791158
2074-12-17,97.69932551435319
2074-12-18,104.05350165215684
2074-12-19,145.7709654208672
2074-12-20,151.26555089022392
2074-12-21,152.24249339402502
2074-12-22,175.23372170227455
2074-12-23,188.6129951996637
2074-12-24,173.33988083307793
2074-12-25,172.55297690947623
2074-12-26,153.19758718915452
2074-12-27,133.78591168704762
2074-12-28,110.64497254365494
2074-12-29,92.86467562053195
2074-12-30,80.5985260378801
2074-12-31,70.04395429920665
2075-01-01,61.97708859178325
2075-01-02,55.43350580743433
2075-01-03,50.372191334331035
2075-01-04,46.632126780584166
2075-01-05,45.13160663350872
2075-01-06,42.354649630188696
2075-01-07,43.26416475795033
2075-01-08,82.22915938247064
2075-01-09,181.62116021843158
2075-01-10,183.97851018511884
2075-01-11,149.62791754146218
2075-01-12,121.34298344130836
2075-01-13,100.49720831720737
2075-01-14,84.95645109386321
2075-01-15,73.24503581757243
2075-01-16,64.32914827564254
2075-01-17,57.74790841563015
2075-01-18,54.9578923948975
2075-01-19,53.715127907200646
2075-01-20,49.49348960302965
2075-01-21,45.877848610103996
2075-01-22,43.00343553907249
2075-01-23,40.697192663781244
2075-01-24,38.829263767140084
2075-01-25,37.30158296065728
2075-01-26,36.03958607307789
2075-01-27,36.03210204990953
2075-01-28,45.98411563684666
2075-01-29,75.51658450384807
2075-01-30,72.58716860643612
2075-01-31,74.29471867325306
2075-02-01,96.2783139519204
2075-02-02,87.37305309849394
2075-02-03,83.49514229816455
2075-02-04,93.71946676108719
2075-02-05,88.77829166442037
2075-02-06,98.04689179680383
2075-02-07,114.61199967543388
2075-02-08,117.39708757380346
2075-02-09,151.60381823230122
2075-02-10,134.80958844777962
2075-02-11,118.11794495343351
2075-02-12,122.60657848688129
2075-02-13,115.2927728907844
2075-02-14,98.16015158096955
2075-02-15,83.55581100488881
2075-02-16,73.66786872313571
2075-02-17,78.49588996243071
2075-02-18,92.16102797424499
2075-02-19,86.61110356276056
2075-02-20,79.99861105912866
2075-02-21,80.94305659323696
2075-02-22,72.45157620025462
2075-02-23,64.05980423475958
2075-02-24,64.15601724713186
2075-02-25,76.83406017160357
2075-02-26,92.1338002918274
2075-02-27,132.454271229709
2075-02-28,124.5007125532645
2075-03-01,104.6283124351355
2075-03-02,88.65388820427985
2075-03-03,76.59280491665112
2075-03-04,67.41157146251008
2075-03-05,60.353987878460394
2075-03-06,54.87713880647217
2075-03-07,50.58710484645724
2075-03-08,52.398674849451936
2075-03-09,66.1568683972868
2075-03-10,64.93030514096385
2075-03-11,77.22628633173768
2075-03-12,88.60372502478397
2075-03-13,81.14024722347699
2075-03-14,82.46675291093011
2075-03-15,98.67424366930466
2075-03-16,92.89310452533685
2075-03-17,82.99815671672266
2075-03-18,78.9923735291366
2075-03-19,75.14925539643943
2075-03-20,81.09589649633298
2075-03-21,81.54406032509321
2075-03-22,104.6948347361802
2075-03-23,114.89541199739035
2075-03-24,142.65149555659227
2075-03-25,230.8016560778051
2075-03-26,259.89006359706315
2075-03-27,275.74326758099716
2075-03-28,244.8080677508093
2075-03-29,195.14480286074578
2075-03-30,156.5085354771799
2075-03-31,128.70224319804674
2075-04-01,108.19542040485169
2075-04-02,93.8837370359413
2075-04-03,85.60875777261424
2075-04-04,76.26664984544186
2075-04-05,68.15908921222074
2075-04-06,61.88540315512099
2075-04-07,56.98465484723716
2075-04-08,53.11962654548393
2075-04-09,50.11845187487412
2075-04-10,48.48269021024232
2075-04-11,52.257105057053934
2075-04-12,74.92337030001498
2075-04-13,87.9126433924548
2075-04-14,85.22197543009092
2075-04-15,76.87285818670954
2075-04-16,68.40175289824847
2075-04-17,63.431455363684364
2075-04-18,62.84284472269713
2075-04-19,61.06301020967266
2075-04-20,59.70702026681712
2075-04-21,57.673496696786
2075-04-22,53.77600045043936
2075-04-23,50.27615066882691
2075-04-24,47.48168209289003
2075-04-25,45.22880862365411
2075-04-26,43.39416635387257
2075-04-27,41.88452360333264
2075-04-28,40.62893857230009
2075-04-29,39.573084579132676
2075-04-30,38.675108862071944
2075-05-01,38.46473180423192
2075-05-02,39.43211318317321
2075-05-03,38.751008829239844
2075-05-04,37.84326536252174
2075-05-05,37.19691102534516
2075-05-06,36.948151971054
2075-05-07,37.28508269900373
2075-05-08,37.127456605495155
2075-05-09,36.344677487802734
2075-05-10,35.658430680023066
2075-05-11,35.05842603037302
2075-05-12,34.53585723066491
2075-05-13,34.66471251241041
2075-05-14,35.6577000752891
2075-05-15,35.46955215951717
2075-05-16,34.73073012654874
2075-05-17,34.08392172572399
2075-05-18,33.518035811218766
2075-05-19,33.022379848896314
2075-05-20,35.96622365875509
2075-05-21,43.88384728182577
2075-05-22,42.72099316409231
2075-05-23,41.732344077791666
2075-05-24,40.14678868885376
2075-05-25,44.4233067595628
2075-05-26,54.32002455092251
2075-05-27,50.94955037056979
2075-05-28,47.30632064512863
2075-05-29,44.28262212701679
2075-05-30,41.44198912140858
2075-05-31,39.47127457860045
2075-06-01,39.394829553689114
2075-06-02,39.93731541235737
2075-06-03,38.491037791632436
2075-06-04,37.487218765701236
2075-06-05,37.86066958578918
2075-06-06,36.47919114886534
2075-06-07,35.01259326308878
2075-06-08,33.80356855508531
2075-06-09,32.79676381918715
2075-06-10,31.949502443675488
2075-06-11,31.22876632420095
2075-06-12,30.60887275279143
2075-06-13,30.069743534102233
2075-06-14,29.595606772221277
2075-06-15,29.174017062989197
2075-06-16,28.796250511318107
2075-06-17,28.471914606985546
2075-06-18,29.59674171860524
2075-06-19,40.214499647374176
2075-06-20,52.13406023219746
2075-06-21,59.573171094666016
2075-06-22,64.94737891248245
2075-06-23,62.24625993017114
2075-06-24,55.91555919624788
2075-06-25,49.90128315236155
2075-06-26,45.20995829024803
2075-06-27,41.52980529361234
2075-06-28,38.617718923996954
2075-06-29,36.29942088722125
2075-06-30,34.50838217251313
2075-07-01,33.099138102359994
2075-07-02,31.8177295473062
2075-07-03,30.754375399677656
2075-07-04,29.912090765263258
2075-07-05,29.165489909147272
2075-07-06,28.515941150895355
2075-07-07,27.96153772160481
2075-07-08,28.051963555752852
2075-07-09,28.75045628638181
2075-07-10,28.455435562154936
2075-07-11,27.816961679017613
2075-07-12,28.812808663962343
2075-07-13,32.278669788040936
2075-07-14,31.07010033031609
2075-07-15,30.015429511261903
2075-07-16,29.115085244954784
2075-07-17,28.839708281024286
2075-07-18,30.006322899371693
2075-07-19,29.972721929259496
2075-07-20,29.148622304930203
2075-07-21,28.684722067791437
2075-07-22,29.3176547653634
2075-07-23,30.06453224962887
2075-07-24,29.254742862072586
2075-07-25,28.16004938348488
2075-07-26,27.6297439521951
2075-07-27,28.00527258138922
2075-07-28,27.731156343729356
2075-07-29,26.89826780563823
2075-07-30,26.143891061382106
2075-07-31,25.506293573202083
2075-08-01,24.96172234671326
2075-08-02,24.491601975437646
2075-08-03,24.081350921103603
2075-08-04,23.721952670469236
2075-08-05,23.41094537552857
2075-08-06,23.118141009403317
2075-08-07,23.20507111913525
2075-08-08,23.718499155719034
2075-08-09,23.493670186685875
2075-08-10,23.211091266626365
2075-08-11,23.16468852000293
2075-08-12,23.19157139366555
2075-08-13,22.89669386459514
2075-08-14,22.525933057075424
2075-08-15,22.19833298604476
2075-08-16,21.90925385872251
2075-08-17,21.650541479394956
2075-08-18,22.715237387214838
2075-08-19,26.65763728447241
2075-08-20,26.49325679708404
2075-08-21,27.698413605092167
2075-08-22,27.798621816534915
2075-08-23,26.594988092590835
2075-08-24,25.392973507884715
2075-08-25,24.461326274103016
2075-08-26,24.587079750879948
2075-08-27,23.87807167503183
2075-08-28,23.097347424174476
2075-08-29,22.45871348315177
2075-08-30,21.923887966506083
2075-08-31,21.457588467290133
2075-09-01,21.985159000125478
2075-09-02,25.922757542553168
2075-09-03,28.63379629523794
2075-09-04,30.394122507092167
2075-09-05,30.20561057092677
2075-09-06,28.350196133686136
2075-09-07,26.569966831730977
2075-09-08,25.135389433740766
2075-09-09,25.037168688521316
2075-09-10,32.25073222434266
2075-09-11,36.191241040329665
2075-09-12,35.524848181582165
2075-09-13,32.84141669977827
2075-09-14,30.124032548380015
2075-09-15,27.936802272331423
2075-09-16,26.184598257549027
2075-09-17,24.769746485649282
2075-09-18,23.617993714218503
2075-09-19,22.6725462167889
2075-09-20,21.88970535021349
2075-09-21,21.235659504251085
2075-09-22,20.69257041576371
2075-09-23,20.275828803460133
2075-09-24,20.024950861757503
2075-09-25,19.815170392939354
2075-09-26,19.899713570940296
2075-09-27,21.36422569945533
2075-09-28,21.800461254401593
2075-09-29,21.729105860311734
2075-09-30,21.28901672853254
2075-10-01,21.186038625556392
2075-10-02,20.87701842788402
2075-10-03,21.33497368150407
2075-10-04,23.062133791119635
2075-10-05,25.34629072838426
2075-10-06,24.950702360354978
2075-10-07,25.04958279701515
2075-10-08,24.516670397984083
2075-10-09,23.30204806752973
2075-10-10,22.852823288833147
2075-10-11,24.78645449424256
2075-10-12,23.92900663590268
2075-10-13,24.257781369600508
2075-10-14,27.222438553974026
2075-10-15,32.90294876011441
2075-10-16,30.705576916031912
2075-10-17,30.416044932234243
2075-10-18,30.30455994388093
2075-10-19,28.29354538899473
2075-10-20,26.146703863052355
2075-10-21,24.373616315287208
2075-10-22,22.945209979903712
2075-10-23,21.785528514601882
2075-10-24,20.83648807768949
2075-10-25,20.471084908957298
2075-10-26,22.267745460835215
2075-10-27,28.070792671033043
2075-10-28,36.62755936458101
2075-10-29,42.03256523062316
2075-10-30,37.951892481852106
2075-10-31,37.80267368726354
2075-11-01,42.64114357004993
2075-11-02,38.592829267880425
2075-11-03,34.191169215213
2075-11-04,33.91332286028602
2075-11-05,37.78157110643503
2075-11-06,34.251445244476
2075-11-07,30.806957698691775
2075-11-08,28.09115343482398
2075-11-09,26.202149836583615
2075-11-10,28.474661582565563
2075-11-11,37.04211878502951
2075-11-12,35.852489402004245
2075-11-13,32.13038538990431
2075-11-14,29.70598268880538
2075-11-15,29.03534709444945
2075-11-16,29.584948083076302
2075-11-17,35.16955588693844
2075-11-18,40.118764849941805
2075-11-19,42.919614006522046
2075-11-20,66.57747814516344
2075-11-21,95.11421111098467
2075-11-22,85.8411167190841
2075-11-23,71.0200079796851
2075-11-24,59.395131286321536
2075-11-25,50.55161941035917
2075-11-26,43.77338796393459
2075-11-27,38.534330400613634
2075-11-28,40.553386614899104
2075-11-29,57.680322000168395
2075-11-30,83.94807797010002
2075-12-01,154.37811578745067
2075-12-02,146.82025468011793
2075-12-03,124.93431283079343
2075-12-04,101.61186827361894
2075-12-05,100.49646082660973
2075-12-06,140.7400375961816
2075-12-07,124.37406071386958
2075-12-08,100.40442772411588
2075-12-09,82.39136660079814
2075-12-10,68.90288624218879
2075-12-11,58.70103874975811
2075-12-12,58.64090471449234
2075-12-13,75.0082531512388
2075-12-14,67.46390623053537
2075-12-15,57.69695259067388
2075-12-16,50.63542231430037
2075-12-17,53.871682998627
2075-12-18,85.11884638620978
2075-12-19,141.514440738585
2075-12-20,156.7448200100587
2075-12-21,129.81272322260213
2075-12-22,105.90147891892913
2075-12-23,105.55236448674437
2075-12-24,168.15511227158422
2075-12-25,202.39492310791215
2075-12-26,182.28172103837537
2075-12-27,145.57073665685888
2075-12-28,116.58374438218432
2075-12-29,100.22064183477322
2075-12-30,100.25688990674392
2075-12-31,91.21013855498596
2076-01-01,89.30635161997826
2076-01-02,77.74292725849762
2076-01-03,68.19345710758172
2076-01-04,70.32148697437133
2076-01-05,87.37751775365051
2076-01-06,106.68422326894738
2076-01-07,103.05111007454273
2076-01-08,93.09735665198453
2076-01-09,93.23183163721768
2076-01-10,82.11402553723593
2076-01-11,84.95277346818536
2076-01-12,104.10345130002729
2076-01-13,103.62937600408755
2076-01-14,94.52984542443606
2076-01-15,94.2383990272153
2076-01-16,95.94040679474334
2076-01-17,85.67472265833015
2076-01-18,88.72873346653256
2076-01-19,96.30631032210353
2076-01-20,90.95470548623321
2076-01-21,77.59656972053767
2076-01-22,90.29251366811862
2076-01-23,197.2722710375043
2076-01-24,352.1960653376116
2076-01-25,376.88987984838815
2076-01-26,319.4363819350784
2076-01-27,305.7157443044456
2076-01-28,268.68541369149347
2076-01-29,233.84652052035472
2076-01-30,221.29917973280018
2076-01-31,207.18958818006718
2076-02-01,262.3007904165576
2076-02-02,232.08597469620713
2076-02-03,254.41985763879924
2076-02-04,325.1625385268629
2076-02-05,270.92259556353343
2076-02-06,258.08168175911504
2076-02-07,216.8641182253289
2076-02-08,181.17310105376157
2076-02-09,147.74792914510388
2076-02-10,135.5369532401343
2076-02-11,166.7509442210926
2076-02-12,148.40805370618625
2076-02-13,123.82297413631767
2076-02-14,105.04466035564162
2076-02-15,90.74235534752948
2076-02-16,79.95784659866634
2076-02-17,73.85712786354706
2076-02-18,70.46694772441472
2076-02-19,68.55923136157368
2076-02-20,85.46339567208001
2076-02-21,115.51971209070416
2076-02-22,139.9789312722996
2076-02-23,180.34767439179595
2076-02-24,220.98016461017107
2076-02-25,231.66601756637988
2076-02-26,272.3281277320274
2076-02-27,277.0112624340778
2076-02-28,223.56207037656574
2076-02-29,178.66693285934375
2076-03-01,146.2371492770891
2076-03-02,122.41335240428144
2076-03-03,112.32821711223654
2076-03-04,123.656171748573
2076-03-05,144.86563627523583
2076-03-06,158.43362974549825
2076-03-07,137.58614819443565
2076-03-08,116.26307521410025
2076-03-09,100.30169648312666
2076-03-10,92.98437425444996
2076-03-11,109.41587666225224
2076-03-12,140.27934569314036
2076-03-13,137.40368634256146
2076-03-14,129.57118585301527
2076-03-15,127.40350177476107
2076-03-16,132.53470892752165
2076-03-17,153.3310545786812
2076-03-18,142.05160900598725
2076-03-19,121.79965742851016
2076-03-20,104.62795025974721
2076-03-21,91.69355094724803
2076-03-22,81.84590616028241
2076-03-23,74.26905908927516
2076-03-24,68.37897789546508
2076-03-25,63.753048071266925
2076-03-26,60.086496538762134
2076-03-27,59.91321871580151
2076-03-28,73.19751943450736
2076-03-29,71.97567700620668
2076-03-30,74.19326799783606
2076-03-31,99.24372727817094
2076-04-01,101.5899198846151
2076-04-02,102.97214103151964
2076-04-03,92.6706047624936
2076-04-04,89.23255114241572
2076-04-05,107.22645440968937
2076-04-06,98.91967016908323
2076-04-07,90.31926666544383
2076-04-08,102.38447276409111
2076-04-09,127.4162055348513
2076-04-10,141.59624777612325
2076-04-11,135.86013467528602
2076-04-12,128.08154348681052
2076-04-13,120.01608942582708
2076-04-14,119.2856857856625
2076-04-15,104.92246398595343
2076-04-16,92.20886385351439
2076-04-17,89.18879222070846
2076-04-18,95.75743801122336
2076-04-19,89.98708764307888
2076-04-20,89.10835857573444
2076-04-21,88.67246983145161
2076-04-22,82.07037244593057
2076-04-23,74.44506385863907
2076-04-24,69.64158953484876
2076-04-25,65.31576475438764
2076-04-26,60.94919578753678
2076-04-27,57.48055287078504
2076-04-28,54.69684167816828
2076-04-29,52.44007405654048
2076-04-30,50.59439878124591
2076-05-01,52.50490279784004
2076-05-02,63.56655692687653
2076-05-03,65.31280628508617
2076-05-04,64.13758310965692
2076-05-05,63.97087765407204
2076-05-06,61.82100319518606
2076-05-07,58.926747607306574
2076-05-08,57.129830521117015
2076-05-09,55.274172814170235
2076-05-10,52.78971191746484
2076-05-11,50.44922302434728
2076-05-12,48.519806867526846
2076-05-13,46.93188932632513
2076-05-14,45.609794124707456
2076-05-15,44.495860960267485
2076-05-16,43.545913305272485
2076-05-17,42.725893726434435
2076-05-18,42.009392516239025
2076-05-19,41.37581806921133
2076-05-20,40.80903233343786
2076-05-21,40.29632606912592
2076-05-22,39.82764429280866
2076-05-23,39.39499724887607
2076-05-24,39.060862835115216
2076-05-25,39.063019604312764
2076-05-26,38.92660134229816
2076-05-27,39.40525788693472
2076-05-28,40.49089847897892
2076-05-29,39.788295567855755
2076-05-30,39.06417650066957
2076-05-31,38.431314411393096
2076-06-01,37.87136843083473
2076-06-02,37.37000536932546
2076-06-03,39.76545086563231
2076-06-04,50.00778111088898
2076-06-05,53.3660328454358
2076-06-06,52.243261186316545
2076-06-07,49.64605829603938
2076-06-08,46.90739341194998
2076-06-09,49.87774409685756
2076-06-10,61.308816068504434
2076-06-11,67.02299906121475
2076-06-12,76.14596815791882
2076-06-13,70.27055766020813
2076-06-14,65.70211244549553
2076-06-15,67.80385339961154
2076-06-16,64.5238028889586
2076-06-17,64.09628988996168
2076-06-18,91.18642815568836
2076-06-19,125.75020830372871
2076-06-20,111.73636505396752
2076-06-21,94.18092861901307
2076-06-22,81.05959735389905
2076-06-23,71.36563707239362
2076-06-24,63.90274357172021
2076-06-25,57.8177256268584
2076-06-26,53.06654445860693
2076-06-27,49.32310916923632
2076-06-28,46.346219989843924
2076-06-29,43.95654176609748
2076-06-30,42.01968711552808
2076-07-01,40.65334483188294
2076-07-02,40.20301700654419
2076-07-03,40.223439388046785
2076-07-04,40.150037114984755
2076-07-05,39.00495343988877
2076-07-06,37.83304907253779
2076-07-07,36.84795401648812
2076-07-08,36.011056292101955
2076-07-09,35.292018869053656
2076-07-10,34.66718275028299
2076-07-11,34.28725475824472
2076-07-12,34.374730896373414
2076-07-13,33.97034995984268
2076-07-14,33.43978840372098
2076-07-15,33.14479914267119
2076-07-16,33.298051421058446
2076-07-17,33.00382597285949
2076-07-18,32.51004218037382
2076-07-19,32.06805135128536
2076-07-20,31.669064429020494
2076-07-21,31.305169717321732
2076-07-22,30.97005506471994
2076-07-23,30.65866509210097
2076-07-24,30.36693606627726
2076-07-25,30.091589860088305
2076-07-26,29.829973110575406
2076-07-27,29.600459066746478
2076-07-28,29.391304745554823
2076-07-29,29.158089682735433
2076-07-30,28.926342795539558
2076-07-31,28.70201511515693
2076-08-01,28.61815333743589
2076-08-02,28.926421310449115
2076-08-03,28.92382854547219
2076-08-04,28.666081294498557
2076-08-05,28.34748418160773
2076-08-06,28.052710887941032
2076-08-07,27.77843747273958
2076-08-08,27.521165381567837
2076-08-09,27.396169791803825
2076-08-10,31.061105773801312
2076-08-11,36.164750217064615
2076-08-12,36.4478143788511
2076-08-13,36.162458487568145
2076-08-14,34.568077161976525
2076-08-15,33.20188455587114
2076-08-16,31.788404452938575
2076-08-17,30.612615587092435
2076-08-18,29.63876144591366
2076-08-19,28.823988559130964
2076-08-20,28.135185345880174
2076-08-21,27.5466283336642
2076-08-22,27.03823116039292
2076-08-23,27.500655645190292
2076-08-24,28.52485718834646
2076-08-25,27.850568534974006
2076-08-26,27.192978174392138
2076-08-27,29.760628051166716
2076-08-28,36.04799113470668
2076-08-29,34.03096842228302
2076-08-30,32.8665820278914
2076-08-31,34.38567892646238
2076-09-01,33.349685895546735
2076-09-02,31.664495509424118
2076-09-03,30.470725153828756
2076-09-04,30.4246306433561
2076-09-05,32.09704442117931
2076-09-06,41.83180274512673
2076-09-07,47.706928717740546
2076-09-08,47.824870629537486
2076-09-09,49.277188876971614
2076-09-10,51.84144996348986
2076-09-11,47.88326583017263
2076-09-12,43.7468397438228
2076-09-13,43.08721257216299
2076-09-14,40.279953680930454
2076-09-15,37.03860725356993
2076-09-16,34.364255223650524
2076-09-17,32.22882333923685
2076-09-18,30.509357143098764
2076-09-19,29.11282953120502
2076-09-20,27.97346111521463
2076-09-21,27.05883196057601
2076-09-22,26.27283723920421
2076-09-23,25.923488705884925
2076-09-24,26.21721751381592
2076-09-25,25.692882595037506
2076-09-26,25.062159011414664
2076-09-27,24.523559212372096
2076-09-28,24.058957303364735
2076-09-29,23.763089940311783
2076-09-30,24.548666748557014
2076-10-01,25.30982985740627
2076-10-02,25.025802560091247
2076-10-03,24.93900657602455
2076-10-04,24.333995332987175
2076-10-05,23.766389420798216
2076-10-06,23.280215729615946
2076-10-07,22.859409966612443
2076-10-08,22.49130775635335
2076-10-09,22.16588396910488
2076-10-10,21.875170155145426
2076-10-11,21.612807892121555
2076-10-12,21.373704602208964
2076-10-13,21.153767053812604
2076-10-14,20.94969406848193
2076-10-15,20.75881457633528
2076-10-16,20.57896057283051
2076-10-17,20.408367059307256
2076-10-18,20.24559293698937
2076-10-19,20.08945823972167
2076-10-20,19.938994157947338
2076-10-21,19.79340311498116
2076-10-22,19.65202677207805
2076-10-23,19.514320309365498
2076-10-24,19.37983169106003
2076-10-25,19.248184902023503
2076-10-26,19.12644291396052
2076-10-27,19.034546776052554
2076-10-28,18.913532770539398
2076-10-29,18.78467143839033
2076-10-30,18.808917868046816
2076-10-31,19.316087707068803
2076-11-01,19.209243183056582
2076-11-02,18.972012684358543
2076-11-03,21.40001622153407
2076-11-04,26.189387882352435
2076-11-05,25.54002014109176
2076-11-06,24.30995112325454
2076-11-07,23.101673725535903
2076-11-08,22.500874208529765
2076-11-09,22.98565934918847
2076-11-10,24.06680577605735
2076-11-11,23.446000646117934
2076-11-12,37.170038624788155
2076-11-13,71.07539725701315
2076-11-14,65.48618567439358
2076-11-15,64.71870289404147
2076-11-16,71.07889263920828
2076-11-17,63.67362098858746
2076-11-18,58.15853196435635
2076-11-19,63.886905686998865
2076-11-20,63.39780221833194
2076-11-21,55.00459032402011
2076-11-22,49.17637613014548
2076-11-23,46.07375971911684
2076-11-24,49.563261940701494
2076-11-25,53.41387414196291
2076-11-26,49.50192473283341
2076-11-27,56.99750178587403
2076-11-28,70.11529469535463
2076-11-29,61.50819559241785
2076-11-30,57.30947911343488
2076-12-01,62.57596466054491
2076-12-02,55.27637634373306
2076-12-03,47.85891158618198
2076-12-04,42.181160484316564
2076-12-05,37.7127455959161
2076-12-06,34.45382392533904
2076-12-07,34.28479147054078
2076-12-08,45.2560160539766
2076-12-09,73.43658511207006
2076-12-10,115.87909778382372
2076-12-11,113.30226988777032
2076-12-12,93.9663049006375
2076-12-13,77.42991359441999
2076-12-14,65.04665075752241
2076-12-15,55.903747714806684
2076-12-16,48.74286397894971
2076-12-17,43.12658436819677
2076-12-18,38.75678282168513
2076-12-19,35.32845343158676
2076-12-20,40.4282701899293
2076-12-21,66.88362250472494
2076-12-22,78.56317681013931
2076-12-23,75.14491642973827
2076-12-24,64.33009677803246
2076-12-25,55.22248913061577
2076-12-26,48.195957321040225
2076-12-27,42.77909750408174
2076-12-28,38.565992269695634
2076-12-29,35.260731693824454
2076-12-30,32.645548972573145
2076-12-31,30.55874955278789
2077-01-01,29.625349029920326
2077-01-02,30.28291533470342
2077-01-03,28.88999762726478
2077-01-04,27.49972339512237
2077-01-05,27.617295788776005
2077-01-06,32.58363087215498
2077-01-07,43.334779328206075
2077-01-08,65.46669225856384
2077-01-09,106.55045281581668
2077-01-10,107.55589007424301
2077-01-11,91.10524574670141
2077-01-12,75.47741804399864
2077-01-13,63.672717461081724
2077-01-14,54.736494787406265
2077-01-15,51.899673295939486
2077-01-16,59.88623529638327
2077-01-17,60.950175832142406
2077-01-18,89.28876829007692
2077-01-19,161.46948608585578
2077-01-20,206.06649236736436
2077-01-21,248.80838592647228
2077-01-22,203.20980221856416
2077-01-23,158.8088365468862
2077-01-24,126.69169451040095
2077-01-25,103.12386340877492
2077-01-26,85.62759417102706
2077-01-27,72.49844706190174
2077-01-28,62.54970062674007
2077-01-29,54.93891755846425
2077-01-30,49.05650531902759
2077-01-31,44.47351858649989
2077-02-01,40.87171865569454
2077-02-02,41.49635764368493
2077-02-03,52.30392498780255
2077-02-04,49.38801006453958
2077-02-05,44.65345630919261
2077-02-06,40.94156032327454
2077-02-07,40.62077443205856
2077-02-08,66.65812720761538
2077-02-09,157.41556047197523
2077-02-10,264.75608985058915
2077-02-11,354.7193456887953
2077-02-12,271.07941026434304
2077-02-13,201.92233957118387
2077-02-14,174.78329668865004
2077-02-15,183.595312014289
2077-02-16,170.73949355037146
2077-02-17,153.43835613242715
2077-02-18,143.8793045292047
2077-02-19,120.15505379351033
2077-02-20,122.2533488320323
2077-02-21,176.45129926662102
2077-02-22,190.11861610264813
2077-02-23,211.04419018194753
2077-02-24,178.8107517321745
2077-02-25,143.77951163997784
2077-02-26,118.0754867420702
2077-02-27,100.36498067090615
2077-02-28,87.61590878105068
2077-03-01,82.3551749091007
2077-03-02,78.77644961540601
2077-03-03,88.03114255295894
2077-03-04,116.34187469143383
2077-03-05,106.9728012468441
2077-03-06,97.04552156603246
2077-03-07,84.7650290325944
2077-03-08,73.81285071737723
2077-03-09,65.45736523264608
2077-03-10,59.1196139438174
2077-03-11,54.421793007215
2077-03-12,50.59980428003767
2077-03-13,50.55671725133097
2077-03-14,57.93527452445715
2077-03-15,55.27790499164644
2077-03-16,51.63959324751352
2077-03-17,50.18398677415971
2077-03-18,47.329421206246344
2077-03-19,44.6038129815985
2077-03-20,42.414189120220115
2077-03-21,41.65017892980482
2077-03-22,47.39948300647266
2077-03-23,63.563798598373715
2077-03-24,105.25616933882851
2077-03-25,141.69442210934028
2077-03-26,124.42931005944757
2077-03-27,103.16823914515783
2077-03-28,87.40349332796576
2077-03-29,75.89164510696433
2077-03-30,66.86805394729309
2077-03-31,60.798916837354845
2077-04-01,58.29916475301254
2077-04-02,54.00983394446346
2077-04-03,49.826356536214774
2077-04-04,46.51935201566089
2077-04-05,43.8806899815393
2077-04-06,41.75467202509029
2077-04-07,40.76181188930408
2077-04-08,41.756398803079165
2077-04-09,40.711741587262956
2077-04-10,43.597897324071965
2077-04-11,66.4347128772988
2077-04-12,80.90105206044926
2077-04-13,75.2365142862874
2077-04-14,66.01687621534998
2077-04-15,58.83281125372105
2077-04-16,53.27855674049457
2077-04-17,48.942969422892425
2077-04-18,45.526271959502544
2077-04-19,42.80794377953467
2077-04-20,41.59042931710841
2077-04-21,42.14611125955627
2077-04-22,42.72001697710703
2077-04-23,47.97471011136289
2077-04-24,51.171308314680935
2077-04-25,51.307613780710824
2077-04-26,53.454865367597556
2077-04-27,60.49208379532521
2077-04-28,66.24438725644163
2077-04-29,94.02268029618214
2077-04-30,132.08263631642032
2077-05-01,156.09562943918476
2077-05-02,158.6139236359032
2077-05-03,133.00286475521588
2077-05-04,109.4525231495582
2077-05-05,91.94646858302764
2077-05-06,78.79333407868606
2077-05-07,68.809180675711
2077-05-08,61.48286639041896
2077-05-09,61.95494285918801
2077-05-10,70.81650379587802
2077-05-11,66.76951566342454
2077-05-12,59.87768962336734
2077-05-13,73.62360604681955
2077-05-14,131.05816047864667
2077-05-15,121.22762829056938
2077-05-16,100.8664936178033
2077-05-17,90.80638269994365
2077-05-18,94.57493682359289
2077-05-19,85.47193236648404
2077-05-20,74.18937548303033
2077-05-21,65.4731793666085
2077-05-22,58.75581833773368
2077-05-23,53.530651237931835
2077-05-24,49.666783795969536
2077-05-25,46.61343526006482
2077-05-26,43.93809749665365
2077-05-27,41.76971042559817
2077-05-28,40.0051672239265
2077-05-29,38.55480894316744
2077-05-30,37.35039623776524
2077-05-31,36.339561021527864
2077-06-01,35.48188465270106
2077-06-02,34.74600784571547
2077-06-03,34.1074740463959
2077-06-04,33.547116589067095
2077-06-05,33.049844817319446
2077-06-06,32.99920973694628
2077-06-07,33.44394230251246
2077-06-08,33.02175432777634
2077-06-09,32.482603178685174
2077-06-10,32.00414992125466
2077-06-11,31.574931029125533
2077-06-12,31.185813745855068
2077-06-13,30.829518603251515
2077-06-14,30.500221219084526
2077-06-15,30.193244441415843
2077-06-16,29.904819234855278
2077-06-17,29.631898137070284
2077-06-18,29.372009113615416
2077-06-19,29.123140601274113
2077-06-20,28.883650736269576
2077-06-21,28.65219541575543
2077-06-22,28.427671084532264
2077-06-23,28.220090221787004
2077-06-24,28.046036325686405
2077-06-25,27.88961494891598
2077-06-26,27.717047558190657
2077-06-27,27.499829093646337
2077-06-28,27.30688681740571
2077-06-29,27.160386417505396
2077-06-30,27.136508781707246
2077-07-01,28.73974800611734
2077-07-02,39.64928146407637
2077-07-03,52.85602012928671
2077-07-04,48.96456145268149
2077-07-05,44.27267254279192
2077-07-06,40.59473165140277
2077-07-07,37.68580965250188
2077-07-08,35.36525447470496
2077-07-09,33.49782813829018
2077-07-10,31.982805011723524
2077-07-11,30.740511057285755
2077-07-12,29.712210262633064
2077-07-13,28.853025299126553
2077-07-14,28.127779161799776
2077-07-15,27.50913159045909
2077-07-16,26.975726072832884
2077-07-17,26.51080067340354
2077-07-18,26.101140117107008
2077-07-19,25.73628065257225
2077-07-20,25.422278709838228
2077-07-21,25.140830817597887
2077-07-22,24.864810529549757
2077-07-23,24.621921370417187
2077-07-24,24.48678117246023
2077-07-25,24.39013140781746
2077-07-26,24.15518389372811
2077-07-27,23.954493858855816
2077-07-28,23.83532216334463
2077-07-29,23.633894674365308
2077-07-30,23.411730737564948
2077-07-31,23.2020127445961
2077-08-01,23.00294884710983
2077-08-02,22.812877234974547
2077-08-03,22.637623791239395
2077-08-04,22.46740874370848
2077-08-05,22.366810489832115
2077-08-06,22.373929133169526
2077-08-07,22.23004644778337
2077-08-08,22.03437585301727
2077-08-09,21.848162631026906
2077-08-10,21.670272476425705
2077-08-11,21.49944661193913
2077-08-12,21.334654081277133
2077-08-13,21.23454801816433
2077-08-14,21.233509840448885
2077-08-15,21.089910411851637
2077-08-16,20.910481318401505
2077-08-17,20.740031237692836
2077-08-18,20.57658486735982
2077-08-19,20.419131451297964
2077-08-20,20.266771376069936
2077-08-21,20.11883790045628
2077-08-22,19.97475678213807
2077-08-23,19.834051477221884
2077-08-24,19.69632634130838
2077-08-25,19.56125201854559
2077-08-26,19.428553596006356
2077-08-27,19.30327920333209
2077-08-28,22.715757950079404
2077-08-29,23.771930948760584
2077-08-30,21.376977713339937
2077-08-31,20.854045066753056
2077-09-01,20.410881663422767
2077-09-02,20.031288206460633
2077-09-03,19.697798165906033
2077-09-04,19.403726102352227
2077-09-05,19.181790291340274
2077-09-06,19.072623146191336
2077-09-07,18.86582437770504
2077-09-08,18.66303043192681
2077-09-09,18.567279013537824
2077-09-10,18.61572295343053
2077-09-11,18.731450006499518
2077-09-12,18.688271442074456
2077-09-13,18.40802515882819
2077-09-14,18.174669467750565
2077-09-15,18.02482132395259
2077-09-16,17.909385891093766
2077-09-17,17.71912597553713
2077-09-18,17.637774087345345
2077-09-19,17.771565145201574
2077-09-20,17.58800488090564
2077-09-21,17.37455170967534
2077-09-22,17.18038480686783
2077-09-23,17.00245234204183
2077-09-24,16.83795711355771
2077-09-25,16.684632790126802
2077-09-26,16.54063758753485
2077-09-27,16.40447036518389
2077-09-28,16.274904170921502
2077-09-29,16.150933419767856
2077-09-30,16.031731767465843
2077-10-01,15.916618404631757
2077-10-02,15.805031004588116
2077-10-03,15.69650394674808
2077-10-04,16.627604298542465
2077-10-05,17.40435214472873
2077-10-06,16.47391260950784
2077-10-07,16.207508324202603
2077-10-08,15.974206202948766
2077-10-09,15.766473618790025
2077-10-10,16.095235220916965
2077-10-11,23.617304589427164
2077-10-12,28.422295973609693
2077-10-13,27.115925028298378
2077-10-14,24.691518363702603
2077-10-15,22.803267134624225
2077-10-16,21.29173754806914
2077-10-17,20.071374980597426
2077-10-18,19.078713505149526
2077-10-19,18.26504860993103
2077-10-20,18.602201084528783
2077-10-21,22.041068448461413
2077-10-22,21.97349444223941
2077-10-23,20.63312447137528
2077-10-24,19.756933482448694
2077-10-25,18.777500417986012
2077-10-26,17.97002260777365
2077-10-27,17.303167267946673
2077-10-28,16.747889129149787
2077-10-29,16.2815446661977
2077-10-30,15.886395046672456
2077-10-31,15.731977811176629
2077-11-01,16.305684043890178
2077-11-02,16.09064453520092
2077-11-03,15.686838612838011
2077-11-04,15.341534081343502
2077-11-05,15.044189193847224
2077-11-06,14.78568257287386
2077-11-07,14.558749799671775
2077-11-08,14.357583593365367
2077-11-09,14.177524880545578
2077-11-10,14.014822980823864
2077-11-11,13.866448618782096
2077-11-12,13.729947508519112
2077-11-13,13.603325244189051
2077-11-14,13.484956453558775
2077-11-15,13.37351283584791
2077-11-16,13.267905957150136
2077-11-17,16.10184798005591
2077-11-18,23.318586110618913
2077-11-19,23.15844590548443
2077-11-20,21.305069957525056
2077-11-21,19.70068667954399
2077-11-22,18.413608538794584
2077-11-23,17.372949497242196
2077-11-24,16.537299515204484
2077-11-25,16.56183714070446
2077-11-26,23.980465561053695
2077-11-27,39.92634378032499
2077-11-28,44.82433588326777
2077-11-29,49.00550930397882
2077-11-30,51.79587913705967
2077-12-01,48.421830500974096
2077-12-02,50.26152672779588
2077-12-03,58.679405644809655
2077-12-04,51.85832732308862
2077-12-05,49.39902037171915
2077-12-06,53.42625878962726
2077-12-07,46.857893556438945
2077-12-08,46.772708207533704
2077-12-09,59.48172627420402
2077-12-10,60.224387783038935
2077-12-11,62.6316572528252
2077-12-12,55.81682984581703
2077-12-13,60.50677080823218
2077-12-14,81.43643788496259
2077-12-15,71.48708712923808
2077-12-16,59.590692979504844
2077-12-17,61.35113981232009
2077-12-18,96.03158246815131
2077-12-19,148.92531108714027
2077-12-20,130.5426435720785
2077-12-21,107.87412414113975
2077-12-22,113.2965063100226
2077-12-23,131.71513632356647
2077-12-24,158.44834928126252
2077-12-25,145.765267502853
2077-12-26,120.6582747241751
2077-12-27,104.52803672917071
2077-12-28,110.1428664727236
2077-12-29,94.13501522841732
2077-12-30,78.65261214058886
2077-12-31,70.52890444208597
2078-01-01,61.66589650885992
2078-01-02,53.238497527908656
2078-01-03,46.500490687871455
2078-01-04,42.931314255201066
2078-01-05,40.49262626137906
2078-01-06,42.36050844728068
2078-01-07,62.875729370525015
2078-01-08,97.02810186631909
2078-01-09,116.59164150987141
2078-01-10,170.76173764081682
2078-01-11,149.23573727454337
2078-01-12,124.34456560935007
2078-01-13,126.6014069639558
2078-01-14,117.21770109938161
2078-01-15,102.22616864373246
2078-01-16,101.41096153404214
2078-01-17,93.68202206967199
2078-01-18,79.75425677512013
2078-01-19,68.59693203245227
2078-01-20,74.39670730798719
2078-01-21,121.26115489749118
2078-01-22,124.3242721293653
2078-01-23,148.01627741471054
2078-01-24,155.48034131093445
2078-01-25,181.82376282396226
2078-01-26,315.693748687912
2078-01-27,284.97994368277494
2078-01-28,213.9361610059143
2078-01-29,167.44908465837074
2078-01-30,137.1271379877786
2078-01-31,123.30880484470839
2078-02-01,116.83471296165509
2078-02-02,152.10854700544567
2078-02-03,180.5546526590375
2078-02-04,166.82398832661713
2078-02-05,160.5890844742266
2078-02-06,139.96687167393836
2078-02-07,116.73849294312147
2078-02-08,103.60625709789731
2078-02-09,91.47251257094972
2078-02-10,81.62442978846549
2078-02-11,84.28816713083206
2078-02-12,102.14888663885306
2078-02-13,153.52770563969042
2078-02-14,214.5581530581679
2078-02-15,288.90563410242675
2078-02-16,453.9346212292624
2078-02-17,448.0353429989546
2078-02-18,371.0927357512334
2078-02-19,404.70011422959533
2078-02-20,361.9486825576567
2078-02-21,420.1472531054012
2078-02-22,358.7295982522705
2078-02-23,260.75800708359634
2078-02-24,209.37601304641592
2078-02-25,185.29654480943978
2078-02-26,164.57792940228504
2078-02-27,169.69873533752562
2078-02-28,145.20067634251347
2078-03-01,123.98703403073362
2078-03-02,111.71999283331081
2078-03-03,97.02587534315616
2078-03-04,85.16945014837715
2078-03-05,86.90337804437667
2078-03-06,117.14249113405187
2078-03-07,108.50316347968324
2078-03-08,93.78604352889327
2078-03-09,84.39281786836752
2078-03-10,81.69298733610337
2078-03-11,79.0772484638087
2078-03-12,79.83621833252398
2078-03-13,77.36592381902328
2078-03-14,71.68878022044923
2078-03-15,65.77792980486419
2078-03-16,60.94593214949646
2078-03-17,57.114045558181715
2078-03-18,54.05488594720015
2078-03-19,51.58716936546303
2078-03-20,49.575212459879346
2078-03-21,47.96178937918154
2078-03-22,46.880791464693864
2078-03-23,45.94579731822941
2078-03-24,45.11175946431441
2078-03-25,44.24126284595804
2078-03-26,55.04807154126871
2078-03-27,94.84510219715605
2078-03-28,93.60916147931789
2078-03-29,88.1550078374893
2078-03-30,105.07316413732059
2078-03-31,126.89361411829879
2078-04-01,139.29582371633896
2078-04-02,162.9843759086519
2078-04-03,152.43764815538916
2078-04-04,137.56224832368605
2078-04-05,118.12830658447145
2078-04-06,100.64674018868355
2078-04-07,87.24643605650665
2078-04-08,77.08538397000048
2078-04-09,69.30480124440929
2078-04-10,63.28499834454137
2078-04-11,58.579886134464516
2078-04-12,54.86491305889131
2078-04-13,51.90164099982383
2078-04-14,66.16430894052807
2078-04-15,125.78553654894891
2078-04-16,127.91528100345738
2078-04-17,110.44361932280223
2078-04-18,94.40994981481718
2078-04-19,82.53166704621908
2078-04-20,74.23563536855845
2078-04-21,67.30383179201081
2078-04-22,61.56738046015435
2078-04-23,57.075565068135916
2078-04-24,53.52339438068697
2078-04-25,50.68576376380014
2078-04-26,53.69239750785388
2078-04-27,68.49206589440008
2078-04-28,72.45786516363518
2078-04-29,86.76817313739706
2078-04-30,99.49008166002686
2078-05-01,93.49365083651419
2078-05-02,82.34782866994006
2078-05-03,72.92903624349601
2078-05-04,65.68826958844046
2078-05-05,60.06842221406615
2078-05-06,55.67896300472987
2078-05-07,52.268144577600246
2078-05-08,49.462124412615246
2078-05-09,51.443678914520696
2078-05-10,65.4428248465425
2078-05-11,72.7091511855944
2078-05-12,72.81619195208934
2078-05-13,74.29340828266413
2078-05-14,67.6847035520951
2078-05-15,61.39089393432218
2078-05-16,58.38155985648183
2078-05-17,61.1991043381735
2078-05-18,63.02197564917933
2078-05-19,58.800718278644695
2078-05-20,54.35786933782915
2078-05-21,50.84150349950638
2078-05-22,48.372707101004146
2078-05-23,50.73051314526435
2078-05-24,60.85627636129027
2078-05-25,65.07657310079661
2078-05-26,60.625192184014054
2078-05-27,57.40191536887824
2078-05-28,54.297238702566325
2078-05-29,51.12705246291039
2078-05-30,48.06516876634041
2078-05-31,45.59660709874649
2078-06-01,44.42453148626268
2078-06-02,47.74065226825406
2078-06-03,54.430208076937994
2078-06-04,54.85081142924787
2078-06-05,53.10748211049789
2078-06-06,49.99602115158473
2078-06-07,47.14719268630099
2078-06-08,45.23394549168469
2078-06-09,43.515519892707964
2078-06-10,43.124563002977204
2078-06-11,42.71123307743932
2078-06-12,43.02457096365535
2078-06-13,47.58582809136672
2078-06-14,57.215923953663356
2078-06-15,89.79318108771817
2078-06-16,96.44194528027121
2078-06-17,86.38281311811801
2078-06-18,79.1514130356158
2078-06-19,70.82976907027596
2078-06-20,63.522633966795105
2078-06-21,59.38042427933062
2078-06-22,57.33987272708848
2078-06-23,75.37958265734576
2078-06-24,112.04261322961058
2078-06-25,103.45065703503263
2078-06-26,96.35513282640325
2078-06-27,95.56112351140537
2078-06-28,94.735150840927
2078-06-29,106.35221916441282
2078-06-30,107.14398080301477
2078-07-01,114.43245072292386
2078-07-02,106.3045769687176
2078-07-03,106.55945056856456
2078-07-04,102.52261690814919
2078-07-05,108.46525962308776
2078-07-06,100.87618166118818
2078-07-07,91.96093223439026
2078-07-08,80.37994554620583
2078-07-09,70.64395373632978
2078-07-10,63.71647809174488
2078-07-11,60.52865293752169
2078-07-12,59.09167392937808
2078-07-13,54.42588568008088
2078-07-14,51.41382781617656
2078-07-15,59.26042235699896
2078-07-16,82.52427670694567
2078-07-17,83.47849338538582
2078-07-18,94.5800762365184
2078-07-19,107.10255368341633
2078-07-20,106.77243396696781
2078-07-21,98.02870280316007
2078-07-22,89.06390535351129
2078-07-23,100.60360440116047
2078-07-24,135.19169944182636
2078-07-25,147.592009859451
2078-07-26,135.92324707852868
2078-07-27,116.90326213675786
2078-07-28,98.57848280423794
2078-07-29,84.75203013356195
2078-07-30,76.6131619189339
2078-07-31,82.73664056938738
2078-08-01,104.66039694847952
2078-08-02,117.3649358158796
2078-08-03,122.41230554861079
2078-08-04,111.35566103254592
2078-08-05,95.3913582202145
2078-08-06,82.3875222735815
2078-08-07,72.92427843130163
2078-08-08,67.05928231776353
2078-08-09,62.439232924201924
2078-08-10,57.242083834243715
2078-08-11,53.030571991283615
2078-08-12,49.698323594594974
2078-08-13,47.03550681724249
2078-08-14,45.72318848605348
2078-08-15,46.96230017468884
2078-08-16,51.167337938980175
2078-08-17,55.436566870682356
2078-08-18,69.22297758213499
2078-08-19,128.56899749318174
2078-08-20,190.22685829528186
2078-08-21,173.92284201493385
2078-08-22,146.36945302205768
2078-08-23,124.82508883274198
2078-08-24,108.01180301530336
2078-08-25,93.93588127761275
2078-08-26,82.06707207580648
2078-08-27,72.77142212935728
2078-08-28,67.78476900532254
2078-08-29,62.306315981964936
2078-08-30,57.10540276164892
2078-08-31,53.07307741836221
2078-09-01,49.79255037146982
2078-09-02,47.16595634064479
2078-09-03,53.129111981731114
2078-09-04,76.68836178503919
2078-09-05,73.71125020895617
2078-09-06,65.7243654317242
2078-09-07,59.535525143656145
2078-09-08,54.705384949862896
2078-09-09,50.900014592664824
2078-09-10,47.87349931465675
2078-09-11,45.44318652408009
2078-09-12,47.36511812374653
2078-09-13,62.578702093722
2078-09-14,60.82716462328529
2078-09-15,58.73389280220453
2078-09-16,62.91286650209023
2078-09-17,59.15958947108669
2078-09-18,54.13889557117766
2078-09-19,53.112475514218595
2078-09-20,71.03492197920562
2078-09-21,70.06366574782012
2078-09-22,62.3964256991876
2078-09-23,61.12056634870529
2078-09-24,80.16248308863887
2078-09-25,80.70917085030177
2078-09-26,93.77579665214394
2078-09-27,122.63691337389112
2078-09-28,111.4974197489156
2078-09-29,95.62303504396588
2078-09-30,83.39563274869816
2078-10-01,72.84892546255669
2078-10-02,64.65968201804768
2078-10-03,58.35546344150297
2078-10-04,53.4545036597394
2078-10-05,49.60731193612862
2078-10-06,46.55793417074412
2078-10-07,44.117187240527365
2078-10-08,43.12486188311818
2078-10-09,46.799799645333586
2078-10-10,48.96657744011822
2078-10-11,46.64658943705763
2078-10-12,44.04131999970709
2078-10-13,41.941393124994256
2078-10-14,40.2324586268083
2078-10-15,38.82789815027717
2078-10-16,39.263844260696665
2078-10-17,44.102444769980025
2078-10-18,45.194899379455855
2078-10-19,48.266450503835465
2078-10-20,48.768412164324964
2078-10-21,61.08248639337813
2078-10-22,73.4241034803055
2078-10-23,66.99232137568895
2078-10-24,59.6332472569756
2078-10-25,53.946174614156085
2078-10-26,49.489674087049046
2078-10-27,45.975330347922096
2078-10-28,43.17892439768452
2078-10-29,40.93250849257462
2078-10-30,39.11121457077614
2078-10-31,37.62015953409908
2078-11-01,36.38714068213775
2078-11-02,40.091880515220616
2078-11-03,56.80550734120455
2078-11-04,60.565509941596254
2078-11-05,74.1414123074904
2078-11-06,71.11896223982855
2078-11-07,66.59743970252663
2078-11-08,70.05825592039652
2078-11-09,65.88424631893685
2078-11-10,59.21372172517675
2078-11-11,70.76925715704964
2078-11-12,126.6721375681614
2078-11-13,137.33213984066438
2078-11-14,135.2270225937692
2078-11-15,123.97828945676353
2078-11-16,144.22223727900987
2078-11-17,141.98823063985068
2078-11-18,131.07420439131582
2078-11-19,151.7148218003304
2078-11-20,136.65431260242428
2078-11-21,117.83521198438302
2078-11-22,112.0788672100594
2078-11-23,103.56357239901676
2078-11-24,118.948208819024
2078-11-25,108.8173550956944
2078-11-26,92.54346835903412
2078-11-27,79.50622501595966
2078-11-28,69.64086763472362
2078-11-29,62.09822926787816
2078-11-30,56.27350222285005
2078-12-01,59.41132695560736
2078-12-02,88.7485707711998
2078-12-03,90.08217615903591
2078-12-04,82.49640835696135
2078-12-05,105.37097003381028
2078-12-06,182.49699837902187
2078-12-07,164.30247970562846
2078-12-08,139.50773154528923
2078-12-09,146.51458454550414
2078-12-10,176.9370092401191
2078-12-11,219.75343954162997
2078-12-12,204.60143714061408
2078-12-13,186.93479506654901
2078-12-14,216.86294599778716
2078-12-15,221.7099077394694
2078-12-16,335.8807931679453
2078-12-17,275.13529277549145
2078-12-18,207.04565093237514
2078-12-19,165.64513187731782
2078-12-20,138.60340832431677
2078-12-21,125.2563938147566
2078-12-22,112.26540664850289
2078-12-23,104.85459108936489
2078-12-24,120.3742852970159
2078-12-25,134.03117316947666
2078-12-26,214.4871071755817
2078-12-27,211.32059128551919
2078-12-28,176.5986383295129
2078-12-29,184.77553065673604
2078-12-30,350.861552411772
2078-12-31,525.754661801946
2079-01-01,484.2577115710924
2079-01-02,390.8169472478125
2079-01-03,296.06251290411274
2079-01-04,235.10342969213434
2079-01-05,206.17234094890213
2079-01-06,224.80448904294497
2079-01-07,192.1681201979557
2079-01-08,170.52328949351877
2079-01-09,251.0406573472508
2079-01-10,580.1560110527445
2079-01-11,541.5504365639594
2079-01-12,381.79429943599666
2079-01-13,311.1142814506753
2079-01-14,262.0568355128875
2079-01-15,215.88690816192317
2079-01-16,176.38679055251134
2079-01-17,147.3345818038052
2079-01-18,132.35683014164826
2079-01-19,136.73246888188564
2079-01-20,150.37793053217123
2079-01-21,200.95811435266788
2079-01-22,177.63474441167537
2079-01-23,148.32322596904353
2079-01-24,127.19544690834446
2079-01-25,113.89897513018546
2079-01-26,107.84345699883316
2079-01-27,123.46865497659722
2079-01-28,198.3227501945839
2079-01-29,193.8742003392579
2079-01-30,163.38201854709362
2079-01-31,137.7992615768878
2079-02-01,118.8158890633319
2079-02-02,112.27573272007709
2079-02-03,140.94455807217034
2079-02-04,163.82904424014086
2079-02-05,153.34422809104106
2079-02-06,164.68319024980957
2079-02-07,147.6587107606053
2079-02-08,134.65832157701053
2079-02-09,133.26325516545558
2079-02-10,126.61060184156861
2079-02-11,146.22881014131244
2079-02-12,136.55843584842606
2079-02-13,132.2205057532782
2079-02-14,118.65415594681174
2079-02-15,104.6348408406988
2079-02-16,93.77968267726091
2079-02-17,85.45337436259172
2079-02-18,78.99538593178436
2079-02-19,73.93174972199483
2079-02-20,71.5107326761629
2079-02-21,73.96162881733478
2079-02-22,76.76937663265988
2079-02-23,81.28192369067742
2079-02-24,80.24265432596309
2079-02-25,90.4363499603755
2079-02-26,89.56848477586476
2079-02-27,83.63743409228721
2079-02-28,78.81605289634295
2079-03-01,73.74205126063877
2079-03-02,69.3652247426654
2079-03-03,65.93405070334283
2079-03-04,68.07767556100906
2079-03-05,88.91761685708276
2079-03-06,96.867101974305
2079-03-07,89.94399965048957
2079-03-08,81.7882670688019
2079-03-09,75.26262736244131
2079-03-10,70.15369206287728
2079-03-11,66.11214839014912
2079-03-12,84.55471672652321
2079-03-13,175.9163779617478
2079-03-14,183.11396890369505
2079-03-15,165.1858059767848
2079-03-16,177.8396620216221
2079-03-17,167.8331593244791
2079-03-18,152.78331632074864
2079-03-19,135.60525612534119
2079-03-20,121.64943831796695
2079-03-21,137.27530719357074
2079-03-22,163.79116887201084
2079-03-23,146.95877913412417
2079-03-24,130.22605890179634
2079-03-25,116.0510005505913
2079-03-26,111.84422193228856
2079-03-27,101.41365668238119
2079-03-28,120.1091266719193
2079-03-29,217.91001994581393
2079-03-30,244.22661191306497
2079-03-31,296.80906107873676
2079-04-01,357.57958806247643
2079-04-02,283.01975770911145
2079-04-03,277.8838055390748
2079-04-04,485.582048274854
2079-04-05,413.73521358536397
2079-04-06,295.65635414273316
2079-04-07,229.77304301019208
2079-04-08,186.97039067157243
2079-04-09,155.8318512213541
2079-04-10,132.87538202375575
2079-04-11,115.74312808459621
2079-04-12,102.80889073922646
2079-04-13,92.93506634926699
2079-04-14,85.3155643712454
2079-04-15,79.37248723013379
2079-04-16,74.68708092586782
2079-04-17,70.95291575315315
2079-04-18,67.94371719784947
2079-04-19,65.49099252105664
2079-04-20,63.46829481855295
2079-04-21,61.78004006008526
2079-04-22,60.3534828815777
2079-04-23,59.132907052458286
2079-04-24,58.64998825995977
2079-04-25,61.548314066405055
2079-04-26,65.80477793992502
2079-04-27,70.3507691713276
2079-04-28,74.2653681323683
2079-04-29,71.1993149584054
2079-04-30,67.35396091644385
2079-05-01,64.26214749257981
2079-05-02,61.754753284448725
2079-05-03,59.69810685146003
2079-05-04,57.99135862789595
2079-05-05,56.56546814104025
2079-05-06,55.43004297456387
2079-05-07,54.380582051909926
2079-05-08,53.4673554847004
2079-05-09,52.687588249990135
2079-05-10,53.22800844364486
2079-05-11,55.796746678128294
2079-05-12,55.167735405699965
2079-05-13,53.80118546288826
2079-05-14,52.639483437074716
2079-05-15,52.2503870377383
2079-05-16,54.15949267200856
2079-05-17,54.843376981330756
2079-05-18,54.949855716354456
2079-05-19,60.819905509325174
2079-05-20,75.5810628059736
2079-05-21,73.2787636930263
2079-05-22,68.86244287841684
2079-05-23,64.2976727530964
2079-05-24,60.54434583521564
2079-05-25,57.541642840377506
2079-05-26,55.11459746777666
2079-05-27,53.131765457584635
2079-05-28,51.4938845586635
2079-05-29,52.36489900016841
2079-05-30,61.57395627271678
2079-05-31,60.305148551479384
2079-06-01,57.60212363135312
2079-06-02,56.77101541780697
2079-06-03,54.616966726634665
2079-06-04,52.36103913664336
2079-06-05,50.51756460313903
2079-06-06,48.994573399020624
2079-06-07,47.721640636713396
2079-06-08,46.64498760533854
2079-06-09,45.72328772757254
2079-06-10,44.92459546919548
2079-06-11,44.22407969101889
2079-06-12,43.6023383175792
2079-06-13,43.0441365216121
2079-06-14,42.7578810125953
2079-06-15,44.18433711121164
2079-06-16,49.0139388502275
2079-06-17,54.219601905228735
2079-06-18,60.84659767256176
2079-06-19,75.83577138201312
2079-06-20,92.16311264261653
2079-06-21,86.12943253179589
2079-06-22,76.63187250321953
2079-06-23,68.78774006649213
2079-06-24,63.4451037181041
2079-06-25,60.99308608696651
2079-06-26,57.443251777298286
2079-06-27,53.79022992557588
2079-06-28,50.871642073138084
2079-06-29,48.52146580896787
2079-06-30,46.60988914086829
2079-07-01,45.038859042566514
2079-07-02,43.7338094534713
2079-07-03,42.6376752830423
2079-07-04,41.82477266002806
2079-07-05,41.34498661641843
2079-07-06,40.63813007485626
2079-07-07,39.95071726343887
2079-07-08,39.3457458883094
2079-07-09,38.80737069876279
2079-07-10,38.322917129768584
2079-07-11,37.88234115669906
2079-07-12,37.47765040867869
2079-07-13,37.10804577881405
2079-07-14,36.75990652293536
2079-07-15,36.428121333615245
2079-07-16,36.113478797750616
2079-07-17,35.81324956731139
2079-07-18,35.56962485033335
2079-07-19,35.3551688436716
2079-07-20,35.07840797969764
2079-07-21,34.87580619103769
2079-07-22,35.069751115933876
2079-07-23,34.85441589567082
2079-07-24,34.50949628329624
2079-07-25,34.19116066790381
2079-07-26,33.97561869356605
2079-07-27,33.91476358602615
2079-07-28,33.65641723962238
2079-07-29,33.346173786415484
2079-07-30,33.05360237650863
2079-07-31,32.77587716751517
2079-08-01,32.51062412542326
2079-08-02,32.26609588804195
2079-08-03,32.05983364823172
2079-08-04,31.820412936484555
2079-08-05,31.583165476098873
2079-08-06,31.35664790630179
2079-08-07,31.130644993424898
2079-08-08,30.9099138375484
2079-08-09,30.707863537454898
2079-08-10,30.547671404834222
2079-08-11,30.409730720224868
2079-08-12,30.276917414075797
2079-08-13,30.098922833332523
2079-08-14,30.109909202905197
2079-08-15,31.20360735144081
2079-08-16,31.8386199513736
2079-08-17,32.475366458457444
2079-08-18,32.59353984974568
2079-08-19,32.02071902708824
2079-08-20,31.720396477248258
2079-08-21,30.96836720779228
2079-08-22,30.383012921482088
2079-08-23,29.87609659213639
2079-08-24,29.431093903944884
2079-08-25,29.036082848084963
2079-08-26,28.681623960821884
2079-08-27,28.360212743098746
2079-08-28,30.87821646907987
2079-08-29,34.832854805062375
2079-08-30,33.77905551159989
2079-08-31,35.923071206884515
2079-09-01,38.012698406473234
2079-09-02,38.64145191097965
2079-09-03,40.17328041883251
2079-09-04,39.744240192683286
2079-09-05,37.46834183786555
2079-09-06,35.29780252316253
2079-09-07,33.738908848925924
2079-09-08,33.84431267852403
2079-09-09,32.754270400897106
2079-09-10,31.4185795729454
2079-09-11,30.324096952975946
2079-09-12,29.417465695558196
2079-09-13,28.65865207925164
2079-09-14,28.01677741253963
2079-09-15,27.468165261093045
2079-09-16,27.012448307914685
2079-09-17,26.603375833122495
2079-09-18,26.23206765908093
2079-09-19,25.900606061781357
2079-09-20,25.60203261800578
2079-09-21,25.363362998162966
2079-09-22,25.32105418151495
2079-09-23,25.609252873547742
2079-09-24,27.81172306654774
2079-09-25,30.352189027106988
2079-09-26,29.350008942501137
2079-09-27,28.27217775981146
2079-09-28,27.377447038118728
2079-09-29,26.630674077638176
2079-09-30,26.001074727758944
2079-10-01,25.464716474693606
2079-10-02,25.0029062216106
2079-10-03,24.600972735566625
2079-10-04,24.247348706151936
2079-10-05,23.93287454713411
2079-10-06,23.650267385935717
2079-10-07,23.393713873588922
2079-10-08,23.15855635324907
2079-10-09,22.941049812613713
2079-10-10,22.738172789203798
2079-10-11,22.560696223612766
2079-10-12,22.41976181387982
2079-10-13,22.251866614752828
2079-10-14,22.0791194771944
2079-10-15,21.91393646458884
2079-10-16,21.755185296396462
2079-10-17,21.601927823650655
2079-10-18,21.45339234282876
2079-10-19,21.308942363646256
2079-10-20,21.168051531591022
2079-10-21,21.030283432147097
2079-10-22,20.895275279787118
2079-10-23,20.76272470822153
2079-10-24,20.632480077242786
2079-10-25,20.504976682306864
2079-10-26,20.378614251997643
2079-10-27,20.253616331111647
2079-10-28,20.130166673669503
2079-10-29,20.008166117121863
2079-10-30,19.887520592302447
2079-10-31,19.76814989219983
2079-11-01,19.649985388724666
2079-11-02,19.532968142400808
2079-11-03,19.41828130755729
2079-11-04,19.307634686856844
2079-11-05,19.193978711921503
2079-11-06,19.147804448256426
2079-11-07,24.661892845714892
2079-11-08,30.262200319611186
2079-11-09,27.8866226894542
2079-11-10,26.12723914347997
2079-11-11,24.71132302721521
2079-11-12,23.561408855199648
2079-11-13,22.619974118895552
2079-11-14,21.842773242330296
2079-11-15,22.107882788488315
2079-11-16,24.944841014138493
2079-11-17,24.289845899159463
2079-11-18,23.1808825891903
2079-11-19,22.235796754421816
2079-11-20,27.0706240900103
2079-11-21,46.79996280927631
2079-11-22,74.36463135848469
2079-11-23,68.27592807599224
2079-11-24,57.33650544006719
2079-11-25,49.03235989554907
2079-11-26,42.67232955296556
2079-11-27,37.759266938204085
2079-11-28,33.93260580848696
2079-11-29,35.13302596937105
2079-11-30,44.57802943514232
2079-12-01,47.894489761042905
2079-12-02,67.91134150055105
2079-12-03,77.57875232735547
2079-12-04,80.21177948867323
2079-12-05,70.70344412316194
2079-12-06,66.51749035645237
2079-12-07,70.00555990715041
2079-12-08,73.54317866685359
2079-12-09,64.12540056103235
2079-12-10,55.577461103774425
2079-12-11,56.504538725921435
2079-12-12,69.84078922793255
2079-12-13,71.13533009092896
2079-12-14,91.44383329854168
2079-12-15,106.27829548170861
2079-12-16,107.63098633575716
2079-12-17,106.34818365286361
2079-12-18,99.20872087850302
2079-12-19,90.36993978438552
2079-12-20,77.15270896619917
2079-12-21,66.03541942276966
2079-12-22,58.98020796591905
2079-12-23,54.615284554249094
2079-12-24,60.62189132280755
2079-12-25,56.97566771124471
2079-12-26,65.94185971835422
2079-12-27,99.57970854258605
2079-12-28,91.87954444031946
2079-12-29,76.3855783648995
2079-12-30,64.6951641355245
2079-12-31,55.84158557712353
2080-01-01,51.08227895186821
2080-01-02,53.96543215497653
2080-01-03,72.54209131613506
2080-01-04,151.26795893162242
2080-01-05,188.99440183109508
2080-01-06,195.6426955740969
2080-01-07,182.40612465772242
2080-01-08,218.46375419238873
2080-01-09,278.2069017522996
2080-01-10,231.14878229426964
2080-01-11,245.4013539098532
2080-01-12,388.45644727480027
2080-01-13,355.76640152397084
2080-01-14,328.49047833358685
2080-01-15,248.72021101856396
2080-01-16,210.251461788043
2080-01-17,201.28502490283196
2080-01-18,201.51431330598857
2080-01-19,174.11085159013348
2080-01-20,162.4718229905033
2080-01-21,204.21334962681124
2080-01-22,175.4970327357994
2080-01-23,141.36574934623533
2080-01-24,116.3712808327313
2080-01-25,98.07469253213368
2080-01-26,86.30318939583417
2080-01-27,78.27868623688732
2080-01-28,69.4394973841455
2080-01-29,62.32869309744527
2080-01-30,56.80776396971399
2080-01-31,52.480816955568095
2080-02-01,49.05771252292567
2080-02-02,49.632509254388424
2080-02-03,62.840768101208816
2080-02-04,81.85080104803367
2080-02-05,78.94619581508061
2080-02-06,103.10269378052881
2080-02-07,232.44511756991025
2080-02-08,426.74120768781586
2080-02-09,339.31948754812447
2080-02-10,239.28648746639087
2080-02-11,186.88609186499835
2080-02-12,150.62116584502925
2080-02-13,124.12633134002088
2080-02-14,105.09480995171594
2080-02-15,93.48338165935212
2080-02-16,92.91838212422151
2080-02-17,103.69212545682046
2080-02-18,129.80230710739212
2080-02-19,141.2958922783208
2080-02-20,146.68400288284656
2080-02-21,128.48901015973007
2080-02-22,111.01087620495672
2080-02-23,99.59444026364385
2080-02-24,99.19816857767997
2080-02-25,87.96035585349121
2080-02-26,77.51185693236238
2080-02-27,77.09144803335111
2080-02-28,98.02245603944583
2080-02-29,90.77078564324056
2080-03-01,79.55884751966688
2080-03-02,71.00984138115673
2080-03-03,64.42506474602477
2080-03-04,64.24462469641166
2080-03-05,77.95581923499417
2080-03-06,74.49206410766831
2080-03-07,67.59300413313144
2080-03-08,61.73608389245276
2080-03-09,57.133469304906555
2080-03-10,53.495638977819304
2080-03-11,50.74494676892973
2080-03-12,49.484534361765405
2080-03-13,49.03704249846833
2080-03-14,47.62411357961232
2080-03-15,45.834520216388164
2080-03-16,44.287240628630364
2080-03-17,42.99927289371388
2080-03-18,41.91517140535712
2080-03-19,40.992178526053074
2080-03-20,40.19717896706262
2080-03-21,40.282213650129414
2080-03-22,41.84102565420691
2080-03-23,42.863251488718305
2080-03-24,46.374641343830746
2080-03-25,55.844323279740955
2080-03-26,54.01498909542702
2080-03-27,50.45117802562908
2080-03-28,48.329335915948555
2080-03-29,46.10804694334356
2080-03-30,54.363191347631435
2080-03-31,119.12406472976299
2080-04-01,210.162776537933
2080-04-02,194.35577953726613
2080-04-03,196.48136350758045
2080-04-04,261.45177391728276
2080-04-05,220.83408107615006
2080-04-06,175.04401431168571
2080-04-07,141.87818244351087
2080-04-08,117.78097361490332
2080-04-09,99.97116688746475
2080-04-10,86.33271445325948
2080-04-11,76.48471102208312
2080-04-12,69.54341790284307
2080-04-13,64.37601143841077
2080-04-14,65.33706636532399
2080-04-15,67.5719958976832
2080-04-16,62.47436260526024
2080-04-17,64.1930292772243
2080-04-18,78.71886979184112
2080-04-19,72.74282297101931
2080-04-20,70.8597426992071
2080-04-21,80.17120807432637
2080-04-22,74.41885542838277
2080-04-23,66.66925643013332
2080-04-24,60.65920344273863
2080-04-25,56.585330465850234
2080-04-26,54.61612736090937
2080-04-27,51.924486765607504
2080-04-28,49.021440327139366
2080-04-29,46.91143277880895
2080-04-30,49.383775657146224
2080-05-01,56.68292237174054
2080-05-02,55.48686101311717
2080-05-03,57.244770661285735
2080-05-04,62.32416681795428
2080-05-05,80.030795475093
2080-05-06,83.1083472171248
2080-05-07,85.31676681010482
2080-05-08,79.08628893603414
2080-05-09,70.2455824263851
2080-05-10,63.10192115041871
2080-05-11,57.55450350198392
2080-05-12,53.20704589362878
2080-05-13,49.76738282800785
2080-05-14,47.02012514428437
2080-05-15,44.804774378035795
2080-05-16,43.00057877130461
2080-05-17,41.51727847037858
2080-05-18,40.28321583163528
2080-05-19,39.245500986353946
2080-05-20,38.363486371153506
2080-05-21,38.188786075270784
2080-05-22,40.24555783810418
2080-05-23,40.74896927565346
2080-05-24,39.47150131398542
2080-05-25,38.366653267474845
2080-05-26,37.43409367001856
2080-05-27,36.69858936647028
2080-05-28,36.25343655198457
2080-05-29,35.64007011529133
2080-05-30,35.06005608044194
2080-05-31,34.54620999626459
2080-06-01,34.08608359323867
2080-06-02,33.669647370040536
2080-06-03,33.28891925716941
2080-06-04,32.93752168152755
2080-06-05,32.65226584725951
2080-06-06,32.412697588843834
2080-06-07,32.109039074280055
2080-06-08,31.818413502330163
2080-06-09,31.542232380640268
2080-06-10,31.27843425600841
2080-06-11,31.11969149754699
2080-06-12,31.141587517289167
2080-06-13,31.053386523547776
2080-06-14,30.81321979759832
2080-06-15,30.514598488134393
2080-06-16,30.233623951785564
2080-06-17,29.967691601266782
2080-06-18,29.71438576006285
2080-06-19,29.47174379910602
2080-06-20,29.238166127135987
2080-06-21,29.012349267722772
2080-06-22,29.60291512176033
2080-06-23,32.40780351583961
2080-06-24,31.657585084571068
2080-06-25,30.98255413412353
2080-06-26,30.321116940464766
2080-06-27,30.79957164561982
2080-06-28,33.723240258786774
2080-06-29,32.95955277398586
2080-06-30,31.970879821007316
2080-07-01,31.002788598281416
2080-07-02,32.1720995295316
2080-07-03,37.51801790218462
2080-07-04,35.83538673642327
2080-07-05,34.033390095764226
2080-07-06,32.56064984853314
2080-07-07,31.987089823407526
2080-07-08,32.79914459214601
2080-07-09,31.81627909705122
2080-07-10,30.691573320294555
2080-07-11,29.752148148963233
2080-07-12,32.93414458625334
2080-07-13,41.03851970389061
2080-07-14,38.76616685045098
2080-07-15,36.13508871775254
2080-07-16,34.03354966821756
2080-07-17,32.411496765704534
2080-07-18,32.806200585022864
2080-07-19,35.53277342718026
2080-07-20,33.71671411344835
2080-07-21,32.01001926145802
2080-07-22,30.67532434210157
2080-07-23,30.35175712917076
2080-07-24,30.540686802204096
2080-07-25,31.53154470714202
2080-07-26,34.81598197610566
2080-07-27,34.63814040838929
2080-07-28,32.957805925505234
2080-07-29,31.278313807047386
2080-07-30,29.896124357955113
2080-07-31,28.762231202484205
2080-08-01,27.82335877128445
2080-08-02,27.038450907248187
2080-08-03,26.377876369679928
2080-08-04,25.950165687429376
2080-08-05,25.639977827297187
2080-08-06,25.177189254309827
2080-08-07,24.75651160238907
2080-08-08,24.38598672622304
2080-08-09,24.056159868429887
2080-08-10,23.759503348240518
2080-08-11,23.490000899627407
2080-08-12,23.242826652303577
2080-08-13,23.01409608296594
2080-08-14,22.800671935077844
2080-08-15,22.600012328473657
2080-08-16,22.44474563138269
2080-08-17,22.563027544178283
2080-08-18,24.590862786635373
2080-08-19,29.112690093726744
2080-08-20,32.608470786117074
2080-08-21,30.43896205460082
2080-08-22,28.723098868188185
2080-08-23,27.29818224825486
2080-08-24,26.136285500578357
2080-08-25,31.135626157508565
2080-08-26,37.986117696003056
2080-08-27,34.47086862012535
2080-08-28,31.817731375895676
2080-08-29,29.6945707966958
2080-08-30,28.020478134360904
2080-08-31,26.77846167051348
2080-09-01,25.720457457679345
2080-09-02,24.991489603618064
2080-09-03,25.578870507209484
2080-09-04,26.590392623617053
2080-09-05,27.85137158545866
2080-09-06,26.974534221304
2080-09-07,29.04157404414391
2080-09-08,32.81281536949762
2080-09-09,32.851989378651474
2080-09-10,30.618465032632916
2080-09-11,29.542230481141615
2080-09-12,29.716436643032083
2080-09-13,29.06350822796166
2080-09-14,27.43826420497943
2080-09-15,26.012923194007154
2080-09-16,24.852028018235917
2080-09-17,23.89848516562009
2080-09-18,23.10832426796237
2080-09-19,22.447535443062424
2080-09-20,21.889672796791174
2080-09-21,21.414063589222952
2080-09-22,21.00448430576074
2080-09-23,20.648136770432377
2080-09-24,24.233242252638018
2080-09-25,34.59364043496402
2080-09-26,34.61381193142915
2080-09-27,31.830655328779272
2080-09-28,29.332796851997003
2080-09-29,27.341978045102834
2080-09-30,25.741982287913995
2080-10-01,24.451267911026907
2080-10-02,23.493041539864723
2080-10-03,22.686394346992184
2080-10-04,22.266239608418232
2080-10-05,22.836935064170476
2080-10-06,22.331597355980794
2080-10-07,21.599877536516384
2080-10-08,20.989984284682468
2080-10-09,20.48658389845826
2080-10-10,20.04550774665103
2080-10-11,19.664006734513332
2080-10-12,19.438205328647722
2080-10-13,19.509779287438406
2080-10-14,19.279582579830862
2080-10-15,18.985660885622
2080-10-16,20.038592453470454
2080-10-17,24.264185847274817
2080-10-18,23.640996182253307
2080-10-19,23.777006755948154
2080-10-20,24.505755828078488
2080-10-21,23.359269466970627
2080-10-22,23.648963503698653
2080-10-23,24.53475467576169
2080-10-24,26.247265922812975
2080-10-25,34.16709922498733
2080-10-26,42.16832979454525
2080-10-27,53.5907447428113
2080-10-28,60.275490773556015
2080-10-29,93.62159839961731
2080-10-30,141.5590274423647
2080-10-31,122.57344893381149
2080-11-01,98.11660204777597
2080-11-02,80.01161892268182
2080-11-03,75.43531537241299
2080-11-04,100.88856185236945
2080-11-05,90.31903370297265
2080-11-06,82.85751506037494
2080-11-07,96.92132531421838
2080-11-08,84.3543324320549
2080-11-09,78.59262542417062
2080-11-10,100.04865796508672
2080-11-11,130.2171468524028
2080-11-12,114.99195421054264
2080-11-13,97.40202104021999
2080-11-14,91.17586716598828
2080-11-15,85.11289974503089
2080-11-16,94.64674473100632
2080-11-17,83.13040785476045
2080-11-18,69.66853430000286
2080-11-19,59.560015438423854
2080-11-20,55.28572765951278
2080-11-21,56.30153352252943
2080-11-22,54.53444827698471
2080-11-23,59.791064446756614
2080-11-24,60.982297843525735
2080-11-25,68.33799494036536
2080-11-26,61.93617935833314
2080-11-27,57.62814121437645
2080-11-28,65.31093820142162
2080-11-29,72.81841841097028
2080-11-30,104.11451166727893
2080-12-01,95.28188152415878
2080-12-02,78.99704265023631
2080-12-03,66.80300366160454
2080-12-04,57.876693899048526
2080-12-05,84.16901670554073
2080-12-06,181.616899729641
2080-12-07,202.56697658073958
2080-12-08,296.7551274732243
2080-12-09,261.64357095135455
2080-12-10,225.29275086916758
2080-12-11,300.33982606023864
2080-12-12,351.4846969334498
2080-12-13,301.79482037466687
2080-12-14,345.38802938338176
2080-12-15,263.6736239845231
2080-12-16,206.06536802322003
2080-12-17,224.43189293743322
2080-12-18,312.32405835135995
2080-12-19,259.4108654812186
2080-12-20,198.31443571312855
2080-12-21,170.72513024908923
2080-12-22,200.9420401624916
2080-12-23,314.9249040271801
2080-12-24,338.23104660361355
2080-12-25,539.2694829967085
2080-12-26,494.1935883553944
2080-12-27,520.551562923774
2080-12-28,413.6035235356405
2080-12-29,438.4006919427588
2080-12-30,412.47512448102367
2080-12-31,323.9085186368182
2081-01-01,308.14675739063426
2081-01-02,376.6797113246069
2081-01-03,288.923201731756
2081-01-04,221.767155760135
2081-01-05,178.40385143012796
2081-01-06,146.8773033962724
2081-01-07,123.65774910488011
2081-01-08,106.35031283201464
2081-01-09,93.30343477211552
2081-01-10,83.36191105445377
2081-01-11,75.7072908531777
2081-01-12,69.75290070803221
2081-01-13,65.07369235355692
2081-01-14,61.3586791968794
2081-01-15,65.32795436953509
2081-01-16,90.83195188498932
2081-01-17,87.29806789652173
2081-01-18,79.39823043009412
2081-01-19,77.83650415623725
2081-01-20,86.78984987995973
2081-01-21,104.74568512425408
2081-01-22,113.44648549952284
2081-01-23,204.6466957872153
2081-01-24,418.6511478392486
2081-01-25,355.03330539144935
2081-01-26,254.24540143161542
2081-01-27,246.69171580398577
2081-01-28,408.87335878972044
2081-01-29,419.8710829780634
2081-01-30,327.0298769511298
2081-01-31,254.57702261930206
2081-02-01,207.91359045054125
2081-02-02,171.2824678372074
2081-02-03,143.50876661863254
2081-02-04,124.96446561554876
2081-02-05,133.76807950646423
2081-02-06,188.13250435188453
2081-02-07,224.15384805128463
2081-02-08,312.30653549608076
2081-02-09,413.5050143884446
2081-02-10,317.0492559545783
2081-02-11,243.3172805758726
2081-02-12,229.66648648972736
2081-02-13,290.52125053754645
2081-02-14,281.5509215446396
2081-02-15,264.0328054071222
2081-02-16,219.1238848858079
2081-02-17,179.18411344849707
2081-02-18,152.07037241301302
2081-02-19,137.73620037941407
2081-02-20,131.12000811885113
2081-02-21,138.81333861431187
2081-02-22,126.11239648888098
2081-02-23,110.8212671690424
2081-02-24,99.07027996657546
2081-02-25,90.30904587207708
2081-02-26,124.36516926065048
2081-02-27,281.5222378183554
2081-02-28,296.3874521416066
2081-03-01,246.10678646005678
2081-03-02,201.98310616885337
2081-03-03,194.15839619728274
2081-03-04,238.98492944020032
2081-03-05,284.1957333513642
2081-03-06,272.2250789617355
2081-03-07,224.2751736329
2081-03-08,183.73013208140563
2081-03-09,154.17537657210593
2081-03-10,132.5434856392421
2081-03-11,141.29762364608555
2081-03-12,268.71892107989447
2081-03-13,296.9783188821683
2081-03-14,238.15315875379244
2081-03-15,201.50528463824708
2081-03-16,191.14626141314372
2081-03-17,191.13954614637365
2081-03-18,167.66796344739012
2081-03-19,144.86794058281535
2081-03-20,141.2272022451057
2081-03-21,187.88874002946673
2081-03-22,174.55388517073084
2081-03-23,147.88053265917262
2081-03-24,131.30607545525214
2081-03-25,172.9496072018976
2081-03-26,355.9438026886294
2081-03-27,392.0787757103815
2081-03-28,323.42741581552144
2081-03-29,268.11667967827344
2081-03-30,241.61290020211857
2081-03-31,204.76277687719153
2081-04-01,183.1119654234727
2081-04-02,215.69645278285716
2081-04-03,247.47338901440946
2081-04-04,273.4877925356693
2081-04-05,418.55863942870315
2081-04-06,466.3627674286613
2081-04-07,349.4556739861509
2081-04-08,271.0745438306085
2081-04-09,263.23066013655995
2081-04-10,259.1265703751579
2081-04-11,258.4390419559709
2081-04-12,272.13251402580653
2081-04-13,236.42408470218092
2081-04-14,197.9853647827716
2081-04-15,167.21613239660928
2081-04-16,144.45851353504588
2081-04-17,129.84271872969404
2081-04-18,123.0260825646882
2081-04-19,112.38476833958714
2081-04-20,103.1968189236738
2081-04-21,102.81571568881886
2081-04-22,123.84988033474116
2081-04-23,119.29151561547411
2081-04-24,114.16521094560987
2081-04-25,115.67657047620357
2081-04-26,117.36513644685465
2081-04-27,144.05687811789127
2081-04-28,165.43559837703893
2081-04-29,153.4268554269752
2081-04-30,142.95051357024187
2081-05-01,151.1113615770864
2081-05-02,150.80008666395688
2081-05-03,148.27751679847253
2081-05-04,138.29297409197645
2081-05-05,147.47883116659474
2081-05-06,157.81820792472823
2081-05-07,169.65813604064456
2081-05-08,211.35442636044888
2081-05-09,189.3231289345862
2081-05-10,160.38217825885502
2081-05-11,138.5889632857023
2081-05-12,122.27326307493986
2081-05-13,109.91542507899528
2081-05-14,100.44774435675356
2081-05-15,93.11234490854588
2081-05-16,87.36512375539404
2081-05-17,82.81095792101482
2081-05-18,79.16044927428989
2081-05-19,76.27550957618408
2081-05-20,78.35308551914461
2081-05-21,96.24880151855102
2081-05-22,110.85165794415741
2081-05-23,110.66304235371376
2081-05-24,130.91550068425477
2081-05-25,143.390456412864
2081-05-26,131.39451669765063
2081-05-27,116.54610352794458
2081-05-28,104.66076889763154
2081-05-29,95.54797626075822
2081-05-30,88.48834531215755
2081-05-31,82.95827651908262
2081-06-01,78.57772597543355
2081-06-02,76.45811013634928
2081-06-03,80.09611004649767
2081-06-04,85.57199265978693
2081-06-05,91.40718203624799
2081-06-06,86.4665743150684
2081-06-07,80.98573352931088
2081-06-08,86.34043393043639
2081-06-09,118.83679346561608
2081-06-10,121.13887112915995
2081-06-11,107.99297946818352
2081-06-12,97.23100439949006
2081-06-13,94.34077648585316
2081-06-14,104.68609802828082
2081-06-15,104.59652666031411
2081-06-16,100.04868766802889
2081-06-17,92.13638590069074
2081-06-18,84.86434215740582
2081-06-19,80.82312645091407
2081-06-20,80.43028048032383
2081-06-21,76.74627834044206
2081-06-22,72.68055406736059
2081-06-23,69.41914385591204
2081-06-24,66.77437852458014
2081-06-25,64.60454510329517
2081-06-26,64.41374170949553
2081-06-27,72.60197990564409
2081-06-28,85.86978117074914
2081-06-29,101.29445143981974
2081-06-30,116.33380393771449
2081-07-01,110.04781353076201
2081-07-02,103.8021201510053
2081-07-03,105.49287879308251
2081-07-04,97.4432765833513
2081-07-05,88.11590864919698
2081-07-06,80.90110299236879
2081-07-07,75.27135031385325
2081-07-08,70.83184422205217
2081-07-09,67.29337938925178
2081-07-10,64.44218878901458
2081-07-11,62.11894316169886
2081-07-12,60.20396515615564
2081-07-13,58.606710836462845
2081-07-14,57.258214806238044
2081-07-15,56.10561526706578
2081-07-16,55.10815317192552
2081-07-17,54.23422568497665
2081-07-18,53.459200176577845
2081-07-19,52.76378125441443
2081-07-20,52.13278298696363
2081-07-21,51.55420011460782
2081-07-22,51.01856454399567
2081-07-23,50.52616431802684
2081-07-24,52.65326522025587
2081-07-25,59.048834124367325
2081-07-26,57.48187732180448
2081-07-27,55.55687728357804
2081-07-28,58.72946708944705
2081-07-29,69.83748971841909
2081-07-30,69.99759980652406
2081-07-31,73.62050043054066
2081-08-01,70.87632291150547
2081-08-02,66.09547150665331
2081-08-03,62.09858652453747
2081-08-04,58.91214944387901
2081-08-05,56.345326207696466
2081-08-06,54.25542210706076
2081-08-07,52.534978445245265
2081-08-08,51.10250555168084
2081-08-09,49.89580249440831
2081-08-10,58.92636137108429
2081-08-11,84.28620823717158
2081-08-12,91.18435574410931
2081-08-13,83.7922168076267
2081-08-14,79.05887189408432
2081-08-15,73.08101548561234
2081-08-16,67.16338331335089
2081-08-17,62.42949657874063
2081-08-18,58.68696523732327
2081-08-19,55.69855070602577
2081-08-20,62.3659148820768
2081-08-21,86.53950350709687
2081-08-22,92.59708046010864
2081-08-23,92.57520752845245
2081-08-24,91.59187186940765
2081-08-25,85.123005978364
2081-08-26,84.3303739645422
2081-08-27,84.58900739456607
2081-08-28,76.03276276744312
2081-08-29,69.07190541860359
2081-08-30,63.6604468704086
2081-08-31,59.41159130381691
2081-09-01,56.04215980833598
2081-09-02,53.342961144913225
2081-09-03,51.15816815217007
2081-09-04,49.3708027421213
2081-09-05,47.892414653447275
2081-09-06,46.65599840133723
2081-09-07,45.60982840941213
2081-09-08,44.71348884458413
2081-09-09,43.93647853784714
2081-09-10,43.25501790536074
2081-09-11,42.650312517955065
2081-09-12,42.107578801900694
2081-09-13,41.615135995202166
2081-09-14,41.16371560387433
2081-09-15,40.74593337049098
2081-09-16,40.35588340173398
2081-09-17,40.13469059261119
2081-09-18,40.06344760795364
2081-09-19,39.68903687790642
2081-09-20,39.30976982178441
2081-09-21,38.95347557271994
2081-09-22,38.616218430269974
2081-09-23,38.337348290241245
2081-09-24,38.91780369711354
2081-09-25,40.249704234618946
2081-09-26,39.77308973442092
2081-09-27,39.1045840491871
2081-09-28,38.51768508474943
2081-09-29,37.99644051749433
2081-09-30,37.528182497785544
2081-10-01,37.1029074564124
2081-10-02,36.712681754482716
2081-10-03,36.35118759477035
2081-10-04,37.316273415070945
2081-10-05,42.444476022770196
2081-10-06,44.33880228076427
2081-10-07,42.604455218878584
2081-10-08,40.9875288262853
2081-10-09,45.03874252487915
2081-10-10,53.19470320260865
2081-10-11,49.69890519386928
2081-10-12,46.51730507332535
2081-10-13,43.9827491943573
2081-10-14,49.135583318186754
2081-10-15,72.09751104573225
2081-10-16,87.75399690569782
2081-10-17,80.94772437476463
2081-10-18,83.04238471575165
2081-10-19,105.93072750662292
2081-10-20,104.81602333763088
2081-10-21,121.40935394907734
2081-10-22,107.78177043696742
2081-10-23,113.78818360495414
2081-10-24,158.99144021944392
2081-10-25,156.6753758541247
2081-10-26,176.0483476731478
2081-10-27,261.4038744018019
2081-10-28,249.45130311661092
2081-10-29,273.92843563691855
2081-10-30,226.14536698074505
2081-10-31,185.49505045342235
2081-11-01,174.82309428293277
2081-11-02,147.89564847808018
2081-11-03,128.50881577075765
2081-11-04,128.3001022550857
2081-11-05,146.8344884233304
2081-11-06,209.10940725829585
2081-11-07,218.77054577713093
2081-11-08,385.13110184683455
2081-11-09,321.45937964659646
2081-11-10,234.66171610091706
2081-11-11,216.96761063855445
2081-11-12,223.0197626753526
2081-11-13,263.142902400208
2081-11-14,235.71053273943528
2081-11-15,239.16613589134093
2081-11-16,313.85343005470054
2081-11-17,263.21644351938033
2081-11-18,211.76286365980255
2081-11-19,175.65786586342517
2081-11-20,154.2904835124602
2081-11-21,176.79987492959768
2081-11-22,217.4586969755126
2081-11-23,239.16285514174595
2081-11-24,335.8434303729661
2081-11-25,276.33779723129743
2081-11-26,235.22112269222484
2081-11-27,256.57710441089307
2081-11-28,217.9770795214895
2081-11-29,176.72872438136346
2081-11-30,147.00680718545004
2081-12-01,125.13479137471387
2081-12-02,173.38596733977047
2081-12-03,472.7078377718144
2081-12-04,531.5036809126528
2081-12-05,599.9950107915564
2081-12-06,623.370903966599
2081-12-07,505.58742644680336
2081-12-08,666.9158438354167
2081-12-09,805.1025703896672
2081-12-10,581.702636713154
2081-12-11,396.89471235110335
2081-12-12,290.5485901171152
2081-12-13,231.8436218289281
2081-12-14,190.3522135442812
2081-12-15,160.00388034984624
2081-12-16,137.4833731163009
2081-12-17,120.62810638314926
2081-12-18,107.86798731463517
2081-12-19,98.10060172274244
2081-12-20,90.54239803790489
2081-12-21,89.81160210992037
2081-12-22,105.65557921540004
2081-12-23,109.73120666792899
2081-12-24,136.18921756645008
2081-12-25,224.54071867043626
2081-12-26,247.3871335231739
2081-12-27,287.690368483194
2081-12-28,335.1238579276122
2081-12-29,349.13715317535383
2081-12-30,306.50070245748765
2081-12-31,300.9371813617055
2082-01-01,247.40561728365356
2082-01-02,208.2708882755534
2082-01-03,194.68596056221114
2082-01-04,179.74059069172475
2082-01-05,194.98141079636522
2082-01-06,187.07045177565112
2082-01-07,170.27803046577324
2082-01-08,202.51901202884963
2082-01-09,301.4919253711086
2082-01-10,272.6729237375698
2082-01-11,220.94498831292887
2082-01-12,186.22166564024394
2082-01-13,188.58202966709075
2082-01-14,250.844325172273
2082-01-15,326.7417794565184
2082-01-16,310.7124025847469
2082-01-17,266.33095720476473
2082-01-18,232.48633119423275
2082-01-19,256.99702324302507
2082-01-20,274.4829356749134
2082-01-21,276.2259534917798
2082-01-22,232.7686752437377
2082-01-23,195.57751041094696
2082-01-24,174.21905993992266
2082-01-25,168.78295941991468
2082-01-26,149.59279154867446
2082-01-27,131.38881633409395
2082-01-28,117.6556647917548
2082-01-29,107.2335963824189
2082-01-30,99.48001436770359
2082-01-31,95.93762680354705
2082-02-01,101.13072805259542
2082-02-02,96.44680947355435
2082-02-03,90.50759574712367
2082-02-04,85.8053010650025
2082-02-05,82.03968605188312
2082-02-06,78.98809364476377
2082-02-07,76.48473870244692
2082-02-08,74.405213374065
2082-02-09,72.6554781126658
2082-02-10,71.39600302377522
2082-02-11,81.39351230151267
2082-02-12,117.6198041454909
2082-02-13,124.02902391150104
2082-02-14,124.05849749911742
2082-02-15,153.67115887538543
2082-02-16,143.51996745457873
2082-02-17,125.64334589663036
2082-02-18,112.95461306661475
2082-02-19,104.49973991612084
2082-02-20,125.01394877144197
2082-02-21,215.84837047372397
2082-02-22,353.7478925509311
2082-02-23,446.6796122309097
2082-02-24,391.7729667916296
2082-02-25,337.76770486867844
2082-02-26,488.09365666336663
2082-02-27,541.993710641708
2082-02-28,457.349666948941
2082-03-01,354.9260870543098
2082-03-02,298.97038142374134
2082-03-03,256.02266206028276
2082-03-04,243.92235606998682
2082-03-05,229.40333274728997
2082-03-06,197.50708564788457
2082-03-07,179.61374686416846
2082-03-08,182.81424227259626
2082-03-09,167.2857129187812
2082-03-10,146.39222839945606
2082-03-11,147.93105358861803
2082-03-12,189.13519311805052
2082-03-13,187.122832503201
2082-03-14,181.01838543848132
2082-03-15,183.94233692573053
2082-03-16,162.99973855560066
2082-03-17,141.55633347287065
2082-03-18,125.45930105096905
2082-03-19,113.25431032685856
2082-03-20,103.89321154544866
2082-03-21,96.63148292621666
2082-03-22,118.17003250794511
2082-03-23,209.9261814423986
2082-03-24,239.53596295660532
2082-03-25,258.9034066906609
2082-03-26,223.52427978757362
2082-03-27,185.5780233985603
2082-03-28,157.89337054585638
2082-03-29,137.4222959773434
2082-03-30,122.09047943331679
2082-03-31,116.02353316456485
2082-04-01,126.34023025841532
2082-04-02,118.15099110451821
2082-04-03,108.43789220866717
2082-04-04,100.4724789455368
2082-04-05,93.67434634820874
2082-04-06,88.34435242813292
2082-04-07,84.08651750489712
2082-04-08,80.65933915256132
2082-04-09,77.86958736744707
2082-04-10,75.57043128156884
2082-04-11,73.65142519542927
2082-04-12,73.32801003656444
2082-04-13,75.41039686706144
2082-04-14,73.893933035033
2082-04-15,71.9931676645411
2082-04-16,70.38788367652843
2082-04-17,69.03046353814734
2082-04-18,67.98703883017627
2082-04-19,66.93911563680611
2082-04-20,65.98248323196847
2082-04-21,65.12435244968565
2082-04-22,64.34586194629735
2082-04-23,63.6319654769695
2082-04-24,65.44279482958981
2082-04-25,72.61499817578523
2082-04-26,79.64665941331766
2082-04-27,102.45279418455407
2082-04-28,108.4715973800583
2082-04-29,103.05989864074331
2082-04-30,99.89239516227461
2082-05-01,93.91680599301192
2082-05-02,86.81246800430894
2082-05-03,81.26725581716663
2082-05-04,76.62599226589819
2082-05-05,74.98346977818579
2082-05-06,81.94782434385029
2082-05-07,111.65282287871212
2082-05-08,192.89372472292789
2082-05-09,182.05528606580722
2082-05-10,158.6941259915079
2082-05-11,146.42763297682185
2082-05-12,127.64792840232575
2082-05-13,111.86207321457005
2082-05-14,99.93108144019072
2082-05-15,90.81216427843299
2082-05-16,83.76552455024456
2082-05-17,78.47149960937473
2082-05-18,75.31131044013755
2082-05-19,72.56362835600444
2082-05-20,69.35399498542556
2082-05-21,66.7175652533014
2082-05-22,64.55742083511917
2082-05-23,62.76629743391705
2082-05-24,61.262886981593766
2082-05-25,59.98623624565664
2082-05-26,60.5061178145491
2082-05-27,65.83523963852501
2082-05-28,67.61688509751211
2082-05-29,69.94632715502422
2082-05-30,70.44848826103745
2082-05-31,78.0025255252359
2082-06-01,84.58622356989028
2082-06-02,86.68529854765204
2082-06-03,83.7365566620188
2082-06-04,78.36582418757
2082-06-05,73.2713346617751
2082-06-06,68.94746655705957
2082-06-07,65.58203459305146
2082-06-08,62.806375782059796
2082-06-09,60.53025146761228
2082-06-10,58.65692905069545
2082-06-11,57.09713094051853
2082-06-12,55.78278376709232
2082-06-13,54.66170312381823
2082-06-14,53.85560579042013
2082-06-15,53.27849080987562
2082-06-16,52.480522896259686
2082-06-17,51.74548316541344
2082-06-18,51.08462734939707
2082-06-19,50.51846191575792
2082-06-20,50.05209457401338
2082-06-21,49.53463201024176
2082-06-22,49.04489756357964
2082-06-23,48.58644963488705
2082-06-24,48.153927693951694
2082-06-25,47.743021934482634
2082-06-26,47.35025489692972
2082-06-27,46.972810992965606
2082-06-28,46.608402866359576
2082-06-29,46.25516620492039
2082-06-30,45.91157662553859
2082-07-01,45.57638375740904
2082-07-02,45.248558779929986
2082-07-03,44.92725252775471
2082-07-04,44.61176192620682
2082-07-05,44.30150301726412
2082-07-06,43.99598921757536
2082-07-07,43.694813743694475
2082-07-08,43.39763536692152
2082-07-09,43.10416683657811
2082-07-10,42.814165448080416
2082-07-11,42.528961257906474
2082-07-12,42.251817649021696
2082-07-13,41.970211650926515
2082-07-14,41.82111680270125
2082-07-15,41.95506267394162
2082-07-16,41.845466416293384
2082-07-17,41.58385714898214
2082-07-18,41.27348680381032
2082-07-19,40.91297349876114
2082-07-20,42.73250427692071
2082-07-21,49.464639491068105
2082-07-22,50.7814751316043
2082-07-23,48.953325125746574
2082-07-24,47.0101970494701
2082-07-25,45.53247008853064
2082-07-26,44.65984857391692
2082-07-27,43.5168825602912
2082-07-28,42.44497024610208
2082-07-29,41.537439478769976
2082-07-30,40.78192505373655
2082-07-31,40.225574494240256
2082-08-01,39.60509042728167
2082-08-02,39.06210934352051
2082-08-03,38.57643752396626
2082-08-04,38.13726869448271
2082-08-05,37.735992999365216
2082-08-06,37.36575067774938
2082-08-07,37.02105537863692
2082-08-08,36.865153715727196
2082-08-09,37.144801395398076
2082-08-10,37.162816140906955
2082-08-11,36.93073356958213
2082-08-12,36.60731609730056
2082-08-13,36.427595472626976
2082-08-14,37.28591137499579
2082-08-15,38.60409200773602
2082-08-16,37.7317024839046
2082-08-17,36.977768192439015
2082-08-18,36.33180125390036
2082-08-19,35.768982614003555
2082-08-20,35.27500143135814
2082-08-21,34.8630991048147
2082-08-22,34.46709383314584
2082-08-23,34.169639912359806
2082-08-24,34.33087996300859
2082-08-25,34.93055467619698
2082-08-26,34.509697432668716
2082-08-27,34.00614902782274
2082-08-28,35.315949204921615
2082-08-29,39.71612924678376
2082-08-30,38.64187493812315
2082-08-31,37.41176427169737
2082-09-01,36.61814480896068
2082-09-02,37.873804714873366
2082-09-03,40.845033732798335
2082-09-04,45.941988178613464
2082-09-05,59.34802529899525
2082-09-06,67.28713883054904
2082-09-07,63.889185731801696
2082-09-08,57.579146203208005
2082-09-09,52.70759884637484
2082-09-10,50.496655514948685
2082-09-11,47.949860218393034
2082-09-12,44.905277469043604
2082-09-13,42.12111667462707
2082-09-14,39.8765629039601
2082-09-15,38.601450746853594
2082-09-16,38.60268555801312
2082-09-17,37.78546685669176
2082-09-18,36.494725440150106
2082-09-19,36.07758177706038
2082-09-20,35.9639874957672
2082-09-21,35.61241276489914
2082-09-22,34.587270790990125
2082-09-23,33.612093118094805
2082-09-24,35.22626474428715
2082-09-25,39.07007332624604
2082-09-26,37.36060222978997
2082-09-27,35.74291314181883
2082-09-28,34.42388491703782
2082-09-29,33.337718604262086
2082-09-30,32.434042679475034
2082-10-01,31.674163793126286
2082-10-02,31.028185767411543
2082-10-03,30.472882765311354
2082-10-04,30.077432191793047
2082-10-05,30.240485578018326
2082-10-06,29.987311439318745
2082-10-07,31.36260633358535
2082-10-08,36.792860295212485
2082-10-09,35.966254598224026
2082-10-10,37.87038746789889
2082-10-11,39.96366652952603
2082-10-12,38.81683393698558
2082-10-13,37.36538491508057
2082-10-14,36.15038505879534
2082-10-15,35.118651339182925
2082-10-16,34.11495950462843
2082-10-17,32.72783614892301
2082-10-18,31.56895075855377
2082-10-19,30.608881548647076
2082-10-20,29.80581003666086
2082-10-21,29.128756693946983
2082-10-22,28.54960807505131
2082-10-23,28.049244589162345
2082-10-24,27.612834345668904
2082-10-25,27.228086656687875
2082-10-26,26.88525505832405
2082-10-27,26.576579721683842
2082-10-28,26.295858964005294
2082-10-29,27.247634118492584
2082-10-30,32.9929979069012
2082-10-31,34.339679205802135
2082-11-01,32.84414002562537
2082-11-02,31.308576259243754
2082-11-03,30.056918251994006
2082-11-04,29.02921588407006
2082-11-05,28.287061097353085
2082-11-06,28.180671022541137
2082-11-07,28.310337423515424
2082-11-08,28.75311080276681
2082-11-09,32.19240844494988
2082-11-10,52.48005513153726
2082-11-11,78.57100360961812
2082-11-12,86.67260203083192
2082-11-13,111.28158004838247
2082-11-14,133.15691921964705
2082-11-15,171.32934803510886
2082-11-16,149.58050706638906
2082-11-17,132.18623432731832
2082-11-18,147.99184628157846
2082-11-19,139.76415993405902
2082-11-20,116.23941304478727
2082-11-21,97.7228632707159
2082-11-22,88.3855888306003
2082-11-23,78.90867189330432
2082-11-24,69.73071436796808
2082-11-25,61.07254462420315
2082-11-26,54.21656040914926
2082-11-27,48.90076579328127
2082-11-28,44.67384821667971
2082-11-29,41.34825252317233
2082-11-30,38.70847021660742
2082-12-01,36.59377883760264
2082-12-02,34.884621626182884
2082-12-03,33.49058714917361
2082-12-04,32.342840166497936
2082-12-05,31.73961524486982
2082-12-06,31.767674255776384
2082-12-07,30.968577962706004
2082-12-08,57.52619929023825
2082-12-09,172.49200102578257
2082-12-10,208.0993849025085
2082-12-11,377.3156461634987
2082-12-12,413.94392988780766
2082-12-13,321.63882215556333
2082-12-14,249.40918221536162
2082-12-15,276.29424822391206
2082-12-16,322.4593015445841
2082-12-17,360.13070529378166
2082-12-18,592.8733953985005
2082-12-19,449.13953924183966
2082-12-20,305.5349238071388
2082-12-21,280.9960453349841
2082-12-22,261.74870634042793
2082-12-23,292.41119950621083
2082-12-24,235.03236845185097
2082-12-25,183.94327236712272
2082-12-26,155.17511883021706
2082-12-27,149.8243043853725
2082-12-28,128.0776539393729
2082-12-29,115.35512616856109
2082-12-30,133.69279553967763
2082-12-31,201.8447566148433
2083-01-01,322.06806499911426
2083-01-02,482.3269447087796
2083-01-03,355.66994883600086
2083-01-04,254.33476871350197
2083-01-05,203.08170701645977
2083-01-06,165.44386120496895
2083-01-07,152.95048998144907
2083-01-08,172.75941716481248
2083-01-09,181.1031094134187
2083-01-10,156.50582127432168
2083-01-11,172.8653445339888
2083-01-12,353.51476524093687
2083-01-13,509.36692245102466
2083-01-14,444.48329953159174
2083-01-15,378.6827994555885
2083-01-16,327.4728820678684
2083-01-17,423.9337693653728
2083-01-18,378.8867338350521
2083-01-19,278.2908641453105
2083-01-20,231.64029991090868
2083-01-21,237.29414494003163
2083-01-22,205.61228281042733
2083-01-23,188.38010378587978
2083-01-24,200.32060286726087
2083-01-25,178.5206330773932
2083-01-26,179.55397239979519
2083-01-27,188.2210707251198
2083-01-28,163.09237877785438
2083-01-29,137.71089379432615
2083-01-30,118.86453127078308
2083-01-31,104.70621252173726
2083-02-01,93.94863719359027
2083-02-02,85.71281165741048
2083-02-03,92.27203928511041
2083-02-04,128.60925365316623
2083-02-05,122.29280361888442
2083-02-06,109.02910175249775
2083-02-07,113.368453542153
2083-02-08,161.98600528567061
2083-02-09,163.12425297775343
2083-02-10,151.2314342316711
2083-02-11,158.38583457456534
2083-02-12,141.85549272036369
2083-02-13,129.91478893345183
2083-02-14,134.76548229220188
2083-02-15,126.71531895179885
2083-02-16,114.1770363861652
2083-02-17,108.65581554835468
2083-02-18,98.3455784822744
2083-02-19,88.98733300757306
2083-02-20,81.75222233996753
2083-02-21,76.10018116561827
2083-02-22,71.63806172094907
2083-02-23,68.07751156878403
2083-02-24,65.20516281269775
2083-02-25,62.861833720011
2083-02-26,60.92785915239596
2083-02-27,59.31263872730904
2083-02-28,57.94711974636467
2083-03-01,56.907295122967334
2083-03-02,56.361313761579176
2083-03-03,55.48973581039689
2083-03-04,54.592259327911826
2083-03-05,53.79664585699087
2083-03-06,53.08302527204106
2083-03-07,52.44393701098745
2083-03-08,56.81843463573296
2083-03-09,76.14354689232032
2083-03-10,74.96095875962054
2083-03-11,69.57974268599051
2083-03-12,69.01584420904206
2083-03-13,78.70785839904327
2083-03-14,77.66208966585583
2083-03-15,86.56827876379401
2083-03-16,102.41202093556889
2083-03-17,95.10111022377124
2083-03-18,84.86692012819928
2083-03-19,77.0067730231255
2083-03-20,70.90930681652358
2083-03-21,66.13035592238295
2083-03-22,62.34601390872632
2083-03-23,59.31793974275101
2083-03-24,56.8688773631842
2083-03-25,54.866299953893986
2083-03-26,53.21028468713438
2083-03-27,51.82489266160289
2083-03-28,50.65206819461029
2083-03-29,49.83441447766125
2083-03-30,49.39487314198178
2083-03-31,48.6057819973067
2083-04-01,47.85154863309388
2083-04-02,47.20569094838484
2083-04-03,46.67943285351884
2083-04-04,46.663585385481404
2083-04-05,46.368678640517736
2083-04-06,45.88105052790339
2083-04-07,45.291732694659004
2083-04-08,44.748438474610914
2083-04-09,44.2511875244449
2083-04-10,43.79157318871103
2083-04-11,43.36289695558305
2083-04-12,42.95980060171246
2083-04-13,42.57798199847395
2083-04-14,42.21397452895878
2083-04-15,41.864975113715914
2083-04-16,41.52870956315021
2083-04-17,41.20332672691799
2083-04-18,40.88731495888397
2083-04-19,40.57943594871351
2083-04-20,40.27867212381096
2083-04-21,39.98418469656915
2083-04-22,39.75733401380035
2083-04-23,39.749626433237175
2083-04-24,40.14294555835897
2083-04-25,41.133470717575655
2083-04-26,44.865800310655004
2083-04-27,44.384794859295475
2083-04-28,43.06807446515635
2083-04-29,42.36451795385921
2083-04-30,52.47869749452236
2083-05-01,78.23143406847086
2083-05-02,77.12356665927278
2083-05-03,69.45236169561052
2083-05-04,62.62702082956835
2083-05-05,58.58786064492066
2083-05-06,58.84649898221134
2083-05-07,55.57605591469468
2083-05-08,51.74161910063092
2083-05-09,48.698444080645054
2083-05-10,46.25995313416282
2083-05-11,44.286585863565136
2083-05-12,42.67333381276026
2083-05-13,41.34061662946825
2083-05-14,40.22775473418876
2083-05-15,39.35085092686409
2083-05-16,38.58260070154825
2083-05-17,38.40180426178665
2083-05-18,39.492123554151554
2083-05-19,39.044804871220634
2083-05-20,38.14033779850909
2083-05-21,37.368213608294695
2083-05-22,36.70120916126245
2083-05-23,36.11827818885783
2083-05-24,35.60292757165751
2083-05-25,35.142170465393114
2083-05-26,34.72573462355502
2083-05-27,34.34546011523497
2083-05-28,33.99483853569033
2083-05-29,33.66865858397124
2083-05-30,33.36273207451028
2083-05-31,33.073681112521335
2083-06-01,32.798772026419016
2083-06-02,32.535785223897655
2083-06-03,32.2936906026323
2083-06-04,32.070391125796206
2083-06-05,31.850224490237853
2083-06-06,31.640419584992134
2083-06-07,31.419503240221445
2083-06-08,31.189864007324303
2083-06-09,30.966225267476887
2083-06-10,30.747838264880926
2083-06-11,30.534078439718602
2083-06-12,30.324427776804047
2083-06-13,30.118455375969276
2083-06-14,29.915801741845602
2083-06-15,29.71616604623893
2083-06-16,29.519295773480817
2083-06-17,29.336206848318472
2083-06-18,29.19463203786196
2083-06-19,29.010708875407946
2083-06-20,28.814320362387704
2083-06-21,28.62127456272337
2083-06-22,28.431283244354884
2083-06-23,28.244070266526748
2083-06-24,28.059404198345774
2083-06-25,27.87709043194209
2083-06-26,27.696964755384816
2083-06-27,27.51888810227585
2083-06-28,27.342742252447906
2083-06-29,27.168426303468994
2083-06-30,27.026245481149076
2083-07-01,26.976304586708693
2083-07-02,26.865258251013696
2083-07-03,26.699609320298748
2083-07-04,26.539361125773652
2083-07-05,26.38224576329692
2083-07-06,26.209505561714195
2083-07-07,26.127005486477895
2083-07-08,26.069325277875226
2083-07-09,25.877229201635018
2083-07-10,25.673572293928007
2083-07-11,25.483352255806466
2083-07-12,25.29563714478599
2083-07-13,25.11354128051816
2083-07-14,24.941429739553996
2083-07-15,24.770637643262294
2083-07-16,24.70279234654338
2083-07-17,25.440181106684715
2083-07-18,26.297021375470816
2083-07-19,25.84603716962252
2083-07-20,25.019183625149754
2083-07-21,24.70676854983327
2083-07-22,24.42673678783588
2083-07-23,24.196083242700524
2083-07-24,24.012913286860908
2083-07-25,23.800340383188555
2083-07-26,23.5844623998599
2083-07-27,23.38245039548546
2083-07-28,23.192000734881365
2083-07-29,23.011234079180397
2083-07-30,22.83862105149325
2083-07-31,22.672913373386734
2083-08-01,22.513089262754047
2083-08-02,22.358309987614494
2083-08-03,22.20788518040761
2083-08-04,22.06124505722487
2083-08-05,21.91791809880218
2083-08-06,21.784181764427785
2083-08-07,21.67231300238076
2083-08-08,21.541177102396148
2083-08-09,21.403103575310684
2083-08-10,21.26782982599654
2083-08-11,21.13466946780152
2083-08-12,21.00365322945732
2083-08-13,20.874580391484006
2083-08-14,20.747281573370845
2083-08-15,20.621613971853865
2083-08-16,20.501294728334866
2083-08-17,20.385614446476662
2083-08-18,20.281489043897306
2083-08-19,20.18229857847042
2083-08-20,20.05359240062836
2083-08-21,19.931033153540096
2083-08-22,19.810284717204272
2083-08-23,19.691187411658948
2083-08-24,19.573605619517018
2083-08-25,19.47231292234892
2083-08-26,19.729328648256466
2083-08-27,19.87445512414946
2083-08-28,19.32179256473776
2083-08-29,19.179236069662533
2083-08-30,19.04695481007398
2083-08-31,18.919198599886737
2083-09-01,18.7954077352033
2083-09-02,18.674911115578624
2083-09-03,18.557321248723586
2083-09-04,18.459698175612555
2083-09-05,19.311567179533167
2083-09-06,19.752128148021377
2083-09-07,19.01250749729616
2083-09-08,18.556770634871032
2083-09-09,18.368526535172897
2083-09-10,18.198285657417717
2083-09-11,18.040529919558463
2083-09-12,17.89314125775799
2083-09-13,17.75715151731968
2083-09-14,17.637703253790022
2083-09-15,18.2997820385503
2083-09-16,18.5823270488235
2083-09-17,17.774867625838816
2083-09-18,17.586204859621578
2083-09-19,17.415540681480582
2083-09-20,17.25832361781256
2083-09-21,17.11226665981884
2083-09-22,16.97551110057417
2083-09-23,16.874123865996662
2083-09-24,16.847732155692537
2083-09-25,16.731752116796425
2083-09-26,16.60205138916992
2083-09-27,16.479319974075292
2083-09-28,16.387013027508562
2083-09-29,16.921379692600734
2083-09-30,20.70380016529567
2083-10-01,22.103064801371943
2083-10-02,21.915309674975536
2083-10-03,22.02394849385315
2083-10-04,21.73352878379174
2083-10-05,22.702212538565806
2083-10-06,21.339156612784567
2083-10-07,20.268896052598603
2083-10-08,19.392726285628513
2083-10-09,18.67254329505243
2083-10-10,18.076255064845743
2083-10-11,17.636612023970013
2083-10-12,18.006256703023176
2083-10-13,20.104436321560446
2083-10-14,20.446732198108894
2083-10-15,21.435502496963935
2083-10-16,27.989746549876163
2083-10-17,35.35456354027839
2083-10-18,35.53640579370503
2083-10-19,32.25390199193043
2083-10-20,28.912363004578964
2083-10-21,26.25753719512339
2083-10-22,24.40288253843119
2083-10-23,23.175110150185997
2083-10-24,21.700695600423387
2083-10-25,20.49917584983949
2083-10-26,19.906460185782663
2083-10-27,24.00523320539404
2083-10-28,29.68314326281379
2083-10-29,31.997946487493923
2083-10-30,33.75180411641676
2083-10-31,30.37740917269493
2083-11-01,27.401712529900887
2083-11-02,25.053222937583172
2083-11-03,31.576072523669282
2083-11-04,54.342947887624824
2083-11-05,70.74250888379952
2083-11-06,81.68080598298637
2083-11-07,75.80551901596203
2083-11-08,63.6464817046398
2083-11-09,59.4756041574386
2083-11-10,66.15385941296118
2083-11-11,76.27775793323947
2083-11-12,81.8118012158371
2083-11-13,83.41062169726223
2083-11-14,71.50724384074852
2083-11-15,61.14477896943294
2083-11-16,55.06793127974319
2083-11-17,60.08546394002716
2083-11-18,53.81582918488431
2083-11-19,46.188633637008536
2083-11-20,40.3356768638223
2083-11-21,35.805814025166846
2083-11-22,32.27072680195544
2083-11-23,29.805002774096796
2083-11-24,28.837502055567267
2083-11-25,28.457954296225783
2083-11-26,26.73798224012478
2083-11-27,25.078174117018595
2083-11-28,28.809509691126973
2083-11-29,42.86038596979131
2083-11-30,43.11752710119591
2083-12-01,43.589603420596546
2083-12-02,40.70364105628893
2083-12-03,37.26966442199289
2083-12-04,37.85125634480284
2083-12-05,41.45696189291095
2083-12-06,37.995275657745594
2083-12-07,36.11860876639051
2083-12-08,33.194880695437966
2083-12-09,44.027879862508286
2083-12-10,89.46083646481475
2083-12-11,94.34124369102902
2083-12-12,87.58398071202744
2083-12-13,96.91202186101096
2083-12-14,148.13158527043328
2083-12-15,142.1670210977924
2083-12-16,130.5392834708412
2083-12-17,167.75059900517155
2083-12-18,145.8496663421406
2083-12-19,115.34723265405698
2083-12-20,93.18147246761613
2083-12-21,77.11998390993416
2083-12-22,74.05791397883563
2083-12-23,94.40658424944115
2083-12-24,98.75378242481656
2083-12-25,115.5585809709328
2083-12-26,164.1848383900308
2083-12-27,173.9184753084173
2083-12-28,166.535857755734
2083-12-29,205.31943787350448
2083-12-30,197.9429146442934
2083-12-31,163.3981585615896
2084-01-01,140.6535057327877
2084-01-02,148.23896211460314
2084-01-03,137.48955306444023
2084-01-04,154.10380359856438
2084-01-05,226.11822416280015
2084-01-06,215.4510591538171
2084-01-07,233.87430348787043
2084-01-08,237.43812743955064
2084-01-09,195.01763679239176
2084-01-10,154.3420554643994
2084-01-11,133.3308399490849
2084-01-12,144.68106234303244
2084-01-13,127.8469831874303
2084-01-14,115.9788496462395
2084-01-15,101.7936898997183
2084-01-16,97.39546888864817
2084-01-17,102.04228899416778
2084-01-18,94.14473817199884
2084-01-19,100.29933985383525
2084-01-20,108.44271758710731
2084-01-21,149.45250161884636
2084-01-22,159.67544691551382
2084-01-23,141.26916535840232
2084-01-24,117.88293944813331
2084-01-25,98.56354905320012
2084-01-26,84.13292212698865
2084-01-27,74.49482291742399
2084-01-28,71.10393035544242
2084-01-29,64.38787813451174
2084-01-30,58.19102773741102
2084-01-31,54.571064984889496
2084-02-01,50.76054688601238
2084-02-02,47.42092737488016
2084-02-03,44.89257794271546
2084-02-04,43.232184720483794
2084-02-05,59.17467594989713
2084-02-06,108.75569286375621
2084-02-07,107.21148377627567
2084-02-08,91.49884223483512
2084-02-09,85.22436772056619
2084-02-10,91.39447271416202
2084-02-11,81.15854070106123
2084-02-12,70.86330255537553
2084-02-13,62.980583500925725
2084-02-14,56.91081509595642
2084-02-15,63.388408905859755
2084-02-16,124.24850935449467
2084-02-17,158.6569535545859
2084-02-18,136.17254424307512
2084-02-19,112.06484497364475
2084-02-20,94.22280677788972
2084-02-21,80.86644838268434
2084-02-22,85.8170072723014
2084-02-23,125.5595264531671
2084-02-24,114.35890656063874
2084-02-25,96.15439028995627
2084-02-26,82.49042048222043
2084-02-27,72.14529953920277
2084-02-28,64.23260826016259
2084-02-29,58.120658872563986
2084-03-01,53.54951321631915
2084-03-02,57.386526190528116
2084-03-03,76.38374571194116
2084-03-04,74.00028789650084
2084-03-05,66.2233066958426
2084-03-06,70.20305045366419
2084-03-07,130.11454872347284
2084-03-08,211.05948775326178
2084-03-09,208.37947954361516
2084-03-10,194.09102816148527
2084-03-11,188.21163680114077
2084-03-12,230.5422253678448
2084-03-13,237.1563563665003
2084-03-14,196.55781159344426
2084-03-15,161.03958669161707
2084-03-16,152.65848870071676
2084-03-17,203.3985387633743
2084-03-18,190.83768787252674
2084-03-19,156.45359360001052
2084-03-20,128.44546890893696
2084-03-21,107.82029985181741
2084-03-22,93.06313083307919
2084-03-23,85.3686927743994
2084-03-24,80.89244601014671
2084-03-25,76.93623405112066
2084-03-26,71.19315126243124
2084-03-27,64.77030597916709
2084-03-28,59.575130348014795
2084-03-29,55.490246874076824
2084-03-30,52.24641579457927
2084-03-31,49.644472515457814
2084-04-01,47.53588318603331
2084-04-02,45.80900586695541
2084-04-03,44.37931636080325
2084-04-04,43.182401500185364
2084-04-05,42.188499987525965
2084-04-06,41.61306330328203
2084-04-07,41.03715132578051
2084-04-08,40.34570062992231
2084-04-09,39.6806066571947
2084-04-10,42.20020950427422
2084-04-11,52.742311060976846
2084-04-12,51.94593234318892
2084-04-13,48.96160037516969
2084-04-14,56.874354981689315
2084-04-15,93.55774993527605
2084-04-16,90.01635311698686
2084-04-17,78.04970645220776
2084-04-18,68.9583573025628
2084-04-19,63.31545810564567
2084-04-20,62.79674008577566
2084-04-21,64.41931358649688
2084-04-22,68.6508883641742
2084-04-23,75.9601859732747
2084-04-24,103.42206659882014
2084-04-25,95.9073604584576
2084-04-26,83.09747122496225
2084-04-27,72.85444094292015
2084-04-28,65.1413821241984
2084-04-29,62.57434496219076
2084-04-30,64.30319748771699
2084-05-01,59.279231856088046
2084-05-02,57.85507194955698
2084-05-03,70.0899334338036
2084-05-04,76.05460355088007
2084-05-05,71.89082030304029
2084-05-06,65.46775062542524
2084-05-07,63.433241831729596
2084-05-08,75.12114054184802
2084-05-09,78.3527081738243
2084-05-10,75.19266940607258
2084-05-11,67.19082228905717
2084-05-12,60.470141139684976
2084-05-13,55.75173460183154
2084-05-14,52.997730721368846
2084-05-15,49.71581044333996
2084-05-16,46.754067627161525
2084-05-17,44.37881146378604
2084-05-18,42.45496311899635
2084-05-19,47.253988802811925
2084-05-20,67.88926641587953
2084-05-21,67.17386211046856
2084-05-22,71.64299309261041
2084-05-23,101.48440034531325
2084-05-24,93.60050122569368
2084-05-25,80.37361785436758
2084-05-26,70.43810589098997
2084-05-27,62.8024495550518
2084-05-28,56.85378977102757
2084-05-29,52.21348876963955
2084-05-30,48.5598412613692
2084-05-31,45.6556562806367
2084-06-01,43.3249577350156
2084-06-02,41.43719480233597
2084-06-03,39.89126191229966
2084-06-04,38.61209131135124
2084-06-05,37.54272877709215
2084-06-06,36.63890823665748
2084-06-07,35.86639632351959
2084-06-08,35.19857376804314
2084-06-09,34.614635281140984
2084-06-10,39.55036690966273
2084-06-11,50.22908953206326
2084-06-12,47.184233553815496
2084-06-13,44.06925441874125
2084-06-14,41.588557191742304
2084-06-15,39.596156280103976
2084-06-16,37.97949374892173
2084-06-17,39.503064883425616
2084-06-18,64.48103956713672
2084-06-19,112.87355218066709
2084-06-20,158.90594378597197
2084-06-21,144.76451422324448
2084-06-22,132.34035237244737
2084-06-23,113.97424566357363
2084-06-24,96.00846098654137
2084-06-25,81.74490051644626
2084-06-26,70.97054136401495
2084-06-27,63.54849891074784
2084-06-28,60.480672933847295
2084-06-29,55.71742310185513
2084-06-30,50.925890016895245
2084-07-01,47.164249359282394
2084-07-02,44.18409710186751
2084-07-03,41.80044311665029
2084-07-04,39.87532538955437
2084-07-05,38.305035689394785
2084-07-06,37.01103964948805
2084-07-07,35.93345793678168
2084-07-08,35.026342571380894
2084-07-09,34.25422445868519
2084-07-10,33.589569705355984
2084-07-11,33.010891395854934
2084-07-12,32.50133804583026
2084-07-13,32.047631409922715
2084-07-14,31.639262216394712
2084-07-15,31.267877570408942
2084-07-16,30.926811724002857
2084-07-17,30.610725109318157
2084-07-18,30.31532469019786
2084-07-19,30.037146774912745
2084-07-20,29.773387381054977
2084-07-21,29.521769209621556
2084-07-22,29.28043690352851
2084-07-23,29.04787425693694
2084-07-24,28.82283853300781
2084-07-25,28.727544879107697
2084-07-26,28.866228227206296
2084-07-27,28.81373805038773
2084-07-28,30.670963290565535
2084-07-29,37.15793068880641
2084-07-30,39.54739977375926
2084-07-31,37.95514655517972
2084-08-01,35.98268726383623
2084-08-02,34.465380042942705
2084-08-03,33.02940495020602
2084-08-04,31.871539771807793
2084-08-05,31.151637888555015
2084-08-06,30.68081955954757
2084-08-07,31.886596104739553
2084-08-08,35.38509361086493
2084-08-09,35.79946875755337
2084-08-10,36.172912813587416
2084-08-11,41.15637205672673
2084-08-12,49.81486274092833
2084-08-13,57.472832090795315
2084-08-14,62.95296249524113
2084-08-15,61.08082060762292
2084-08-16,59.23080266957907
2084-08-17,59.20621631991799
2084-08-18,54.82801835388549
2084-08-19,49.0924847319026
2084-08-20,44.400359567465465
2084-08-21,40.71030640782802
2084-08-22,37.79195677703577
2084-08-23,35.465167039117
2084-08-24,35.185703434003464
2084-08-25,52.09854917047284
2084-08-26,78.67144143609961
2084-08-27,73.86751693539395
2084-08-28,84.25862237229033
2084-08-29,92.0388912401494
2084-08-30,82.02153616856152
2084-08-31,71.08050531065494
2084-09-01,61.52585333632891
2084-09-02,54.185548056120105
2084-09-03,48.517938509789566
2084-09-04,44.06982572791822
2084-09-05,40.564929430115846
2084-09-06,37.785562374161515
2084-09-07,35.562496873866095
2084-09-08,33.76876274618404
2084-09-09,32.3084047408616
2084-09-10,31.108415537065344
2084-09-11,30.11289551351847
2084-09-12,29.27878925778244
2084-09-13,28.572748744841533
2084-09-14,27.968808479858932
2084-09-15,27.446650510017918
2084-09-16,26.990301201827307
2084-09-17,26.587146311226476
2084-09-18,26.227182276259196
2084-09-19,25.902443940656553
2084-09-20,25.60656484648202
2084-09-21,25.3344377089745
2084-09-22,25.08205311813226
2084-09-23,24.85031829519329
2084-09-24,24.628679769665297
2084-09-25,24.416766465014238
2084-09-26,24.214641231682208
2084-09-27,24.020831055681892
2084-09-28,23.834119199142794
2084-09-29,23.653505620752128
2084-09-30,23.478210427874036
2084-10-01,23.307460506243814
2084-10-02,23.483099997125596
2084-10-03,24.64330909328538
2084-10-04,24.540287106830466
2084-10-05,24.27341494214237
2084-10-06,34.28296933857876
2084-10-07,58.45990376024775
2084-10-08,55.41192859918306
2084-10-09,48.45784052221898
2084-10-10,43.08620097278722
2084-10-11,38.90077331805599
2084-10-12,35.61261853926252
2084-10-13,33.008173044951896
2084-10-14,30.928303929399828
2084-10-15,29.253518745658514
2084-10-16,27.893444258902292
2084-10-17,26.779270290926828
2084-10-18,25.8582746146003
2084-10-19,36.994046321866705
2084-10-20,69.16868109820408
2084-10-21,65.08967370303493
2084-10-22,55.831400448005105
2084-10-23,48.74048248858441
2084-10-24,43.263062229454825
2084-10-25,38.99652032158718
2084-10-26,35.645880539606566
2084-10-27,33.27038539392303
2084-10-28,32.47405494605915
2084-10-29,31.198377174802378
2084-10-30,29.812397528066025
2084-10-31,28.334751341783413
2084-11-01,27.089734685206547
2084-11-02,28.67250874036381
2084-11-03,47.53514149122961
2084-11-04,95.19899823410226
2084-11-05,92.16243478760269
2084-11-06,76.55011385577325
2084-11-07,64.44383076437077
2084-11-08,55.29346939052016
2084-11-09,48.30812652253153
2084-11-10,42.92379722524879
2084-11-11,38.7379846686647
2084-11-12,35.45560263769306
2084-11-13,41.60030951070765
2084-11-14,68.81432064283415
2084-11-15,70.10416913561433
2084-11-16,68.70604087408773
2084-11-17,64.18831917858203
2084-11-18,71.17569845409061
2084-11-19,79.88403998152104
2084-11-20,103.57447139453741
2084-11-21,94.71749149143989
2084-11-22,85.88707614644318
2084-11-23,95.02077148641997
2084-11-24,83.53918572992937
2084-11-25,70.38150906762152
2084-11-26,60.31026831833224
2084-11-27,52.63661719919065
2084-11-28,46.86304190104226
2084-11-29,42.551771777050966
2084-11-30,42.22621283790129
2084-12-01,42.17722941920163
2084-12-02,39.83581248687707
2084-12-03,44.830280518391056
2084-12-04,62.414516599979265
2084-12-05,58.844987639420914
2084-12-06,63.12796597621818
2084-12-07,107.69807376982106
2084-12-08,114.75383499402596
2084-12-09,95.55753963418884
2084-12-10,79.53260671781683
2084-12-11,80.42922927412998
2084-12-12,111.56470006781092
2084-12-13,99.30988859527666
2084-12-14,82.51155022754018
2084-12-15,69.912479750808
2084-12-16,60.36782059796937
2084-12-17,53.06675764447732
2084-12-18,47.4300276503191
2084-12-19,43.039126901054196
2084-12-20,39.58858023524878
2084-12-21,55.95514390935427
2084-12-22,126.30544242642772
2084-12-23,177.48717087854257
2084-12-24,154.20202686568987
2084-12-25,123.45537993204182
2084-12-26,100.89701484839723
2084-12-27,84.15344440198307
2084-12-28,71.58850291563432
2084-12-29,62.06204124852797
2084-12-30,54.76878954797221
2084-12-31,49.13303908911441
2085-01-01,44.74901143860359
2085-01-02,42.837167219633706
2085-01-03,54.98575716795795
2085-01-04,96.22055880887245
2085-01-05,148.6861160318949
2085-01-06,157.6622330532195
2085-01-07,144.83584317584794
2085-01-08,119.65057889237723
2085-01-09,99.34728279380676
2085-01-10,85.75899018420898
2085-01-11,75.28878213622036
2085-01-12,71.05245319242634
2085-01-13,63.593145410889605
2085-01-14,60.27808626979734
2085-01-15,63.16978626776582
2085-01-16,63.57302986764309
2085-01-17,85.46395144839191
2085-01-18,93.15829184653084
2085-01-19,137.5378954063048
2085-01-20,199.8106158652562
2085-01-21,275.25798323268504
2085-01-22,320.02250735621016
2085-01-23,253.59701327960457
2085-01-24,198.93208829186696
2085-01-25,174.18350472983062
2085-01-26,151.82238902686893
2085-01-27,126.07205837590904
2085-01-28,104.71303696964183
2085-01-29,88.76752207291253
2085-01-30,88.14317165652797
2085-01-31,125.13467574637552
2085-02-01,140.39391695944275
2085-02-02,120.39183581343677
2085-02-03,100.70136708302793
2085-02-04,85.97819757961037
2085-02-05,74.85175953085506
2085-02-06,66.35710107255753
2085-02-07,59.80771253804166
2085-02-08,54.70955373313
2085-02-09,50.70334887248554
2085-02-10,47.525298599311746
2085-02-11,44.97998019415786
2085-02-12,42.9214298177823
2085-02-13,52.18635402763107
2085-02-14,106.20570151004596
2085-02-15,149.64162744851743
2085-02-16,140.35257405459416
2085-02-17,126.86041764137515
2085-02-18,130.1226371522861
2085-02-19,114.9869059247174
2085-02-20,101.37998392453862
2085-02-21,97.71660231276418
2085-02-22,85.46731021491878
2085-02-23,74.57448264266122
2085-02-24,66.24796249422478
2085-02-25,62.89830191067232
2085-02-26,68.47073790615238
2085-02-27,67.03129081199532
2085-02-28,61.32640602692579
2085-03-01,64.47779307634877
2085-03-02,90.83741175215316
2085-03-03,97.65406443031775
2085-03-04,86.78095226728094
2085-03-05,75.70169219462014
2085-03-06,67.04412141763474
2085-03-07,61.84358774985278
2085-03-08,60.36936573736571
2085-03-09,55.869252500370955
2085-03-10,51.63072994361509
2085-03-11,48.27429298814962
2085-03-12,45.593224424950925
2085-03-13,51.594188799743584
2085-03-14,72.95905575526798
2085-03-15,73.47426881750603
2085-03-16,99.11397708885319
2085-03-17,144.37344047181674
2085-03-18,145.57871329233265
2085-03-19,169.24446115473367
2085-03-20,155.10087759390646
2085-03-21,130.70515387486626
2085-03-22,116.16776839065413
2085-03-23,126.90734918330452
2085-03-24,163.87683064124033
2085-03-25,303.1008641839983
2085-03-26,269.6421226810253
2085-03-27,208.1341114169425
2085-03-28,166.05208500101574
2085-03-29,135.48623994322017
2085-03-30,112.99191935234667
2085-03-31,96.24024335833143
2085-04-01,83.62611437906226
2085-04-02,74.02730177483163
2085-04-03,66.64941230885398
2085-04-04,60.92718053733419
2085-04-05,56.43701370378394
2085-04-06,55.61459366306068
2085-04-07,63.88639068522539
2085-04-08,74.4055411777496
2085-04-09,82.98240637196682
2085-04-10,77.40483399247681
2085-04-11,79.95513032010035
2085-04-12,100.77071581529027
2085-04-13,110.37903642638975
2085-04-14,159.73176807799868
2085-04-15,162.06741736854653
2085-04-16,149.5081895437726
2085-04-17,129.01063587085625
2085-04-18,109.81915681142095
2085-04-19,93.96906417818066
2085-04-20,81.98630407035775
2085-04-21,72.85341999251415
2085-04-22,65.82191160085526
2085-04-23,60.97706416784039
2085-04-24,59.149121663028495
2085-04-25,79.24994713025349
2085-04-26,128.8704023623211
2085-04-27,122.95280248647397
2085-04-28,134.5975555549438
2085-04-29,119.84752375085678
2085-04-30,101.49141784045598
2085-05-01,87.7148561851743
2085-05-02,77.26761750536276
2085-05-03,69.26340441183679
2085-05-04,63.06959789558104
2085-05-05,58.89431261134431
2085-05-06,58.41465210658029
2085-05-07,56.010842444832754
2085-05-08,53.77205731448691
2085-05-09,52.508121796109066
2085-05-10,50.12093674941895
2085-05-11,47.81632822309971
2085-05-12,45.938847594698494
2085-05-13,44.39342707244799
2085-05-14,43.10715783530693
2085-05-15,42.02432776410766
2085-05-16,41.10210111063072
2085-05-17,40.30735069982728
2085-05-18,39.614317238009555
2085-05-19,39.00286723057916
2085-05-20,38.45718760744613
2085-05-21,38.184013365178494
2085-05-22,38.61260127433899
2085-05-23,38.25673624798569
2085-05-24,37.67625992560777
2085-05-25,37.15771033447311
2085-05-26,36.68957690101291
2085-05-27,36.262886363560526
2085-05-28,35.870126789655345
2085-05-29,35.503798703733274
2085-05-30,35.160279436247194
2085-05-31,34.8357307743308
2085-06-01,34.52705825853371
2085-06-02,34.23187959239814
2085-06-03,33.95204239132503
2085-06-04,33.67799666182524
2085-06-05,33.45961067786288
2085-06-06,33.29546652513336
2085-06-07,36.53464545518122
2085-06-08,48.10913604817119
2085-06-09,53.898296539922
2085-06-10,50.32278308402428
2085-06-11,46.599514115374866
2085-06-12,43.911973046676245
2085-06-13,42.99952817359087
2085-06-14,43.86390342376085
2085-06-15,43.89262594551718
2085-06-16,43.37131711131763
2085-06-17,48.72319136739495
2085-06-18,51.61616725305672
2085-06-19,52.58870615585272
2085-06-20,50.82685956555792
2085-06-21,47.213677068071014
2085-06-22,44.20975363906367
2085-06-23,41.70684979037214
2085-06-24,40.078808034224444
2085-06-25,38.748093189132526
2085-06-26,37.118651100601966
2085-06-27,35.762249621690216
2085-06-28,34.63779505029522
2085-06-29,33.69589252656979
2085-06-30,33.103973743989734
2085-07-01,33.27795670661778
2085-07-02,33.04598145318301
2085-07-03,32.29170480368779
2085-07-04,31.62747587043948
2085-07-05,31.052457221025943
2085-07-06,30.549028366397994
2085-07-07,30.103295033067266
2085-07-08,29.70428452201352
2085-07-09,29.34329380936741
2085-07-10,29.01339164002781
2085-07-11,28.709036185347347
2085-07-12,28.4430221763092
2085-07-13,28.453914713976403
2085-07-14,29.100926119795194
2085-07-15,29.55490633051137
2085-07-16,29.123379664399135
2085-07-17,28.636811289571664
2085-07-18,28.206207869565635
2085-07-19,27.82235799194332
2085-07-20,27.476515171418686
2085-07-21,27.326019088595263
2085-07-22,27.3202502752634
2085-07-23,27.021390381991214
2085-07-24,26.922818108267943
2085-07-25,27.836706545254987
2085-07-26,30.16696542539111
2085-07-27,31.488549395492452
2085-07-28,31.844994364547148
2085-07-29,32.7732157361174
2085-07-30,31.830147764481396
2085-07-31,30.467280437728366
2085-08-01,29.3504929859803
2085-08-02,28.425120508292988
2085-08-03,27.650574246142142
2085-08-04,26.995492136902442
2085-08-05,26.435502295686813
2085-08-06,31.915629661987367
2085-08-07,40.952418915611155
2085-08-08,38.997131728911434
2085-08-09,41.58696820555108
2085-08-10,45.7645596833847
2085-08-11,45.16749917878246
2085-08-12,41.085640891765955
2085-08-13,38.66816692459271
2085-08-14,38.05314244133504
2085-08-15,35.419620371608346
2085-08-16,33.115461370411325
2085-08-17,31.266989124847715
2085-08-18,29.771149559470402
2085-08-19,28.54979430303344
2085-08-20,27.54330297148269
2085-08-21,26.70590956476279
2085-08-22,26.002279296563746
2085-08-23,25.40498216376363
2085-08-24,24.892614972420002
2085-08-25,24.448395957206145
2085-08-26,24.12156855433736
2085-08-27,23.91043449437467
2085-08-28,23.589525974010343
2085-08-29,23.280816359523353
2085-08-30,23.001818558764928
2085-08-31,22.754271766365218
2085-09-01,22.7567811044763
2085-09-02,23.435337843162245
2085-09-03,23.744888220085674
2085-09-04,24.179135934979456
2085-09-05,23.70854422913142
2085-09-06,23.222608393109848
2085-09-07,22.800999005422213
2085-09-08,22.42528733851812
2085-09-09,22.09378786579019
2085-09-10,21.79836958309275
2085-09-11,21.532376674044983
2085-09-12,21.290486588250474
2085-09-13,21.06842753860884
2085-09-14,20.862759178494848
2085-09-15,20.67070157067405
2085-09-16,20.490001248623297
2085-09-17,20.318825901013753
2085-09-18,20.848097173328448
2085-09-19,23.339746138302598
2085-09-20,23.116005947242517
2085-09-21,22.566578576245266
2085-09-22,21.970502525185655
2085-09-23,21.452421970597143
2085-09-24,21.009293894625312
2085-09-25,20.626379242801402
2085-09-26,20.29202428916919
2085-09-27,19.996997895318604
2085-09-28,19.782509327341973
2085-09-29,19.822713149858146
2085-09-30,19.929089863497918
2085-10-01,19.696392707478267
2085-10-02,19.41628564264836
2085-10-03,19.196513696388568
2085-10-04,19.13006056331255
2085-10-05,19.03241701416537
2085-10-06,18.826463599399386
2085-10-07,25.67099720945353
2085-10-08,37.763581010554226
2085-10-09,35.30422057335687
2085-10-10,32.22903441962089
2085-10-11,30.587557083278394
2085-10-12,29.433230577907285
2085-10-13,28.784905973486257
2085-10-14,27.17821147910372
2085-10-15,31.360690270122703
2085-10-16,40.609390403282866
2085-10-17,37.12802429020294
2085-10-18,33.2419310454087
2085-10-19,30.19181135983602
2085-10-20,31.539994701918733
2085-10-21,38.80052247492127
2085-10-22,36.414155504686335
2085-10-23,32.93292787541073
2085-10-24,29.959156763472564
2085-10-25,27.589249535091085
2085-10-26,25.702674429114538
2085-10-27,24.186071173297048
2085-10-28,22.95709381885506
2085-10-29,21.95306802508226
2085-10-30,21.125925140014935
2085-10-31,20.497996512892474
2085-11-01,21.9129790903267
2085-11-02,30.088547300329935
2085-11-03,35.243817375631785
2085-11-04,37.71787347304706
2085-11-05,43.35894602993614
2085-11-06,40.57730906389589
2085-11-07,36.28778830653569
2085-11-08,35.64806077514574
2085-11-09,38.0118658392662
2085-11-10,35.13943701642487
2085-11-11,31.73497243798434
2085-11-12,28.952515300658202
2085-11-13,26.775186478643448
2085-11-14,25.086076668594448
2085-11-15,25.30350883319669
2085-11-16,30.538082850399878
2085-11-17,41.35518126466753
2085-11-18,77.43828714273084
2085-11-19,114.89649741820129
2085-11-20,122.21475485052531
2085-11-21,102.14129001166334
2085-11-22,85.89419324136652
2085-11-23,74.59476717099719
2085-11-24,65.2328116370898
2085-11-25,72.86258864571236
2085-11-26,110.22659952718993
2085-11-27,115.71343923183497
2085-11-28,108.39793955283112
2085-11-29,106.74768762147069
2085-11-30,96.63491614759188
2085-12-01,81.73819946823961
2085-12-02,70.54135466939294
2085-12-03,60.195111309700756
2085-12-04,51.906226119208604
2085-12-05,45.540313667136815
2085-12-06,40.6085899672072
2085-12-07,36.755590035813825
2085-12-08,33.72037997287131
2085-12-09,31.309701707733808
2085-12-10,29.379234714439907
2085-12-11,27.86610978572628
2085-12-12,28.654318565459764
2085-12-13,35.40980235608776
2085-12-14,39.43190143209795
2085-12-15,56.96890636705862
2085-12-16,71.38488675996997
2085-12-17,76.39800387881947
2085-12-18,71.45080101280654
2085-12-19,63.32655218343683
2085-12-20,65.77347244546628
2085-12-21,70.42155671917264
2085-12-22,66.81103314603645
2085-12-23,68.36793548804864
2085-12-24,103.86910803048498
2085-12-25,163.01911481338226
2085-12-26,227.55234295849039
2085-12-27,192.3309346893839
2085-12-28,150.73303168369299
2085-12-29,120.74026076160254
2085-12-30,103.7368956421319
2085-12-31,112.43133073294844
2086-01-01,121.90671713919954
2086-01-02,135.16074013389962
2086-01-03,127.64812459402246
2086-01-04,167.49454959099594
2086-01-05,225.31973966326908
2086-01-06,201.474529586922
2086-01-07,213.90848103778782
2086-01-08,280.9439746014772
2086-01-09,332.44177064431096
2086-01-10,283.4136145469706
2086-01-11,216.8148610133384
2086-01-12,171.05689723126355
2086-01-13,137.7021340084659
2086-01-14,112.91585004628347
2086-01-15,94.51754472953354
2086-01-16,80.71153945486982
2086-01-17,70.24480060982752
2086-01-18,62.630778026486695
2086-01-19,59.491454878763314
2086-01-20,82.89677923841099
2086-01-21,160.02872103971316
2086-01-22,190.44219614054248
2086-01-23,297.6802021554719
2086-01-24,318.72980531005163
2086-01-25,264.8863900762157
2086-01-26,211.63092981258112
2086-01-27,180.26247211821075
2086-01-28,146.61653042210642
2086-01-29,120.62940538441866
2086-01-30,101.37985490035864
2086-01-31,86.9593251540864
2086-02-01,76.04080475657376
2086-02-02,67.68952581405001
2086-02-03,70.90936279868801
2086-02-04,115.94687451122887
2086-02-05,162.15101833998514
2086-02-06,190.8437714572398
2086-02-07,288.8085260175145
2086-02-08,257.2841464652505
2086-02-09,240.26304399186336
2086-02-10,209.28814875136763
2086-02-11,170.78194049969588
2086-02-12,139.49583578660005
2086-02-13,116.2850870694554
2086-02-14,99.02427764819782
2086-02-15,94.26670083830278
2086-02-16,105.80016606131983
2086-02-17,104.45867638949699
2086-02-18,94.73634877693543
2086-02-19,85.45587257977496
2086-02-20,76.48049052792318
2086-02-21,68.97597750534457
2086-02-22,63.05940776802459
2086-02-23,58.41892739632954
2086-02-24,54.74621099156221
2086-02-25,51.81056173932754
2086-02-26,49.44025235683619
2086-02-27,47.50645326750691
2086-02-28,45.91181348922165
2086-03-01,44.58226905343428
2086-03-02,43.46111392118186
2086-03-03,42.504672483045034
2086-03-04,41.679116195576725
2086-03-05,40.95810458731042
2086-03-06,40.321025028380724
2086-03-07,39.751670699906946
2086-03-08,39.23724154981813
2086-03-09,40.79560276636341
2086-03-10,48.12441954188694
2086-03-11,47.799188624769755
2086-03-12,45.64822340666634
2086-03-13,44.31783049418282
2086-03-14,42.89451231226448
2086-03-15,42.90932571427604
2086-03-16,46.482368146897464
2086-03-17,51.023694290567526
2086-03-18,62.328838769341985
2086-03-19,59.36048377653024
2086-03-20,54.47087812912694
2086-03-21,50.67437239923711
2086-03-22,47.61267394461498
2086-03-23,45.09326157424642
2086-03-24,43.053969693269316
2086-03-25,41.3870840826924
2086-03-26,40.01042329708712
2086-03-27,41.20462496378046
2086-03-28,49.32897083816207
2086-03-29,55.82084840849135
2086-03-30,80.40885831717732
2086-03-31,103.66600424572117
2086-04-01,155.40270309414606
2086-04-02,185.70858062488207
2086-04-03,166.55009040527668
2086-04-04,137.61184373741514
2086-04-05,113.5090737841656
2086-04-06,95.62858512053532
2086-04-07,82.21574273231427
2086-04-08,72.04764539229814
2086-04-09,64.26006874045105
2086-04-10,58.2377177867823
2086-04-11,53.535791943170324
2086-04-12,49.82984680222727
2086-04-13,46.881000199700146
2086-04-14,44.51193082384515
2086-04-15,42.90214957363045
2086-04-16,42.236724016116426
2086-04-17,41.08049565570164
2086-04-18,39.738773184776576
2086-04-19,38.60967645884942
2086-04-20,37.65609589757276
2086-04-21,36.84165299753634
2086-04-22,36.13807486102521
2086-04-23,35.56693800418311
2086-04-24,38.79970244133356
2086-04-25,51.430527163651824
2086-04-26,50.15009569390679
2086-04-27,46.61105301365321
2086-04-28,43.79440904080614
2086-04-29,41.53214122886275
2086-04-30,39.69762955670217
2086-05-01,38.19524054330393
2086-05-02,36.9522495416824
2086-05-03,35.91299860817267
2086-05-04,35.034635379225044
2086-05-05,34.283980432230855
2086-05-06,33.635207131548256
2086-05-07,33.19108914369847
2086-05-08,33.43560408401388
2086-05-09,41.63763926794126
2086-05-10,65.7424736237124
2086-05-11,63.22920072734314
2086-05-12,56.25905993630166
2086-05-13,50.8656363432601
2086-05-14,46.65431050577241
2086-05-15,43.33536246365201
2086-05-16,41.73283052973755
2086-05-17,41.47227312098557
2086-05-18,40.664498414531685
2086-05-19,42.80157159574063
2086-05-20,41.120331339339245
2086-05-21,38.821937560882624
2086-05-22,36.96564386454289
2086-05-23,35.45273196944376
2086-05-24,34.21481873037046
2086-05-25,33.22422024309491
2086-05-26,32.35018941952582
2086-05-27,31.602123090159566
2086-05-28,30.96008277271315
2086-05-29,30.85781233374668
2086-05-30,32.18090963255649
2086-05-31,32.554669576000755
2086-06-01,32.206832802367536
2086-06-02,32.397374074409015
2086-06-03,33.59694806965734
2086-06-04,32.677176379984
2086-06-05,31.60802153047472
2086-06-06,34.86090475198264
2086-06-07,46.731176879401964
2086-06-08,44.92515347318774
2086-06-09,41.25348505623828
2086-06-10,38.355636791531325
2086-06-11,37.41704223105063
2086-06-12,40.80209970517072
2086-06-13,41.662782411815165
2086-06-14,39.263414306236136
2086-06-15,36.709723516000736
2086-06-16,34.663646177974194
2086-06-17,33.009067329475215
2086-06-18,31.65863066416361
2086-06-19,30.54586269986645
2086-06-20,29.619854437500507
2086-06-21,28.84141768127762
2086-06-22,28.180175829359925
2086-06-23,28.027473478577665
2086-06-24,29.992597130944315
2086-06-25,31.79714467642667
2086-06-26,31.063012481114338
2086-06-27,29.869497609347324
2086-06-28,28.877450617159354
2086-06-29,28.048936509990057
2086-06-30,27.349880706197073
2086-07-01,26.753819792664668
2086-07-02,26.24009505563043
2086-07-03,25.792500441667944
2086-07-04,25.398264120228216
2086-07-05,25.04727667475704
2086-07-06,24.73150284049594
2086-07-07,24.44453070329637
2086-07-08,24.181224459693393
2086-07-09,23.93745564022385
2086-07-10,23.78297350132806
2086-07-11,23.69510392962306
2086-07-12,25.090000568069097
2086-07-13,29.266050779128836
2086-07-14,29.00553177836544
2086-07-15,27.7120394807564
2086-07-16,26.68397210058347
2086-07-17,25.832094162229012
2086-07-18,25.11931963573277
2086-07-19,24.821930298503887
2086-07-20,25.532929961942187
2086-07-21,25.442129757777142
2086-07-22,24.79194692117024
2086-07-23,24.17198329486594
2086-07-24,23.643906984945435
2086-07-25,23.18935581617446
2086-07-26,22.793880150206164
2086-07-27,22.70772595366469
2086-07-28,22.941851539006066
2086-07-29,22.63700129081624
2086-07-30,22.307963507391992
2086-07-31,22.377878158755873
2086-08-01,22.46658591566487
2086-08-02,22.139473396641026
2086-08-03,21.918534389455704
2086-08-04,21.68306620034564
2086-08-05,21.361641609843858
2086-08-06,21.0689990822391
2086-08-07,20.80576435554764
2086-08-08,20.566989780403606
2086-08-09,20.348326565056237
2086-08-10,20.146272960787396
2086-08-11,19.957999969890494
2086-08-12,19.78121485137215
2086-08-13,19.6140537975579
2086-08-14,19.454997223121826
2086-08-15,19.302802656600583
2086-08-16,19.156451389799617
2086-08-17,19.015105921811898
2086-08-18,18.878075904034855
2086-08-19,18.86580170916088
2086-08-20,19.25905338182465
2086-08-21,18.983760037963492
2086-08-22,18.78720871466871
2086-08-23,18.605478877965517
2086-08-24,18.436007452781013
2086-08-25,18.27674716578548
2086-08-26,18.12603554719919
2086-08-27,17.982518558241107
2086-08-28,17.84509017200953
2086-08-29,17.71284440393183
2086-08-30,17.585037095840363
2086-08-31,17.46105537044048
2086-09-01,17.340393139757975
2086-09-02,17.222631408406784
2086-09-03,19.738253410644806
2086-09-04,22.218389081348676
2086-09-05,20.166330304986772
2086-09-06,19.517370963718182
2086-09-07,18.96915487069542
2086-09-08,18.50595568747696
2086-09-09,18.110831140525406
2086-09-10,17.770416088593233
2086-09-11,17.47430520624327
2086-09-12,17.21472070601493
2086-09-13,16.983800322850538
2086-09-14,16.77599863799041
2086-09-15,18.862964834311736
2086-09-16,21.863866457816894
2086-09-17,20.11496853441049
2086-09-18,19.39610180946969
2086-09-19,18.71783471015734
2086-09-20,18.143341785054293
2086-09-21,17.660285977520484
2086-09-22,17.250355764223706
2086-09-23,16.899156162844374
2086-09-24,16.59532273741571
2086-09-25,16.344581448257465
2086-09-26,16.570842205549074
2086-09-27,18.44078230564198
2086-09-28,17.755880111261963
2086-09-29,17.291389293841238
2086-09-30,18.525510229824416
2086-10-01,27.083379619539254
2086-10-02,37.88817835843059
2086-10-03,42.943359732002165
2086-10-04,44.479074821457736
2086-10-05,40.624163848764475
2086-10-06,35.70865311171087
2086-10-07,31.58124573616441
2086-10-08,29.75144269525441
2086-10-09,31.12080237291107
2086-10-10,35.90790341510125
2086-10-11,47.043592545232464
2086-10-12,44.06891479248319
2086-10-13,41.61696471477619
2086-10-14,43.37899624165771
2086-10-15,40.04075315118072
2086-10-16,35.362065249690474
2086-10-17,31.4543460264356
2086-10-18,28.91454145383553
2086-10-19,29.51156564844789
2086-10-20,36.220316358023304
2086-10-21,35.47810421973269
2086-10-22,33.671866904203426
2086-10-23,36.99608005881006
2086-10-24,46.75420939868339
2086-10-25,44.55004572317142
2086-10-26,39.094525036272714
2086-10-27,38.25499024908607
2086-10-28,48.61001774516557
2086-10-29,58.43998385724728
2086-10-30,81.67766493866863
2086-10-31,90.35890483334964
2086-11-01,79.97021045419093
2086-11-02,66.65356327990848
2086-11-03,55.802982874189674
2086-11-04,47.87934468590195
2086-11-05,41.66357609842503
2086-11-06,36.70406915555926
2086-11-07,32.84669706731508
2086-11-08,29.822013097692643
2086-11-09,28.745827082440126
2086-11-10,38.885743043268825
2086-11-11,63.01104521614166
2086-11-12,91.14811975476766
2086-11-13,108.49961126717723
2086-11-14,105.858389274657
2086-11-15,88.63355990521855
2086-11-16,72.80611886296913
2086-11-17,65.66100463921846
2086-11-18,91.64546898740569
2086-11-19,141.58229149111094
2086-11-20,135.69350942308415
2086-11-21,110.80121925330337
2086-11-22,89.7301111048801
2086-11-23,79.31048766909491
2086-11-24,85.34481074248679
2086-11-25,74.83215799710977
2086-11-26,64.3290665498604
2086-11-27,55.88377839411734
2086-11-28,48.68581629121491
2086-11-29,43.67243041610797
2086-11-30,42.70074247787719
2086-12-01,66.9810060014298
2086-12-02,155.05625505714053
2086-12-03,160.4765607762786
2086-12-04,148.6492790573971
2086-12-05,177.1273298759111
2086-12-06,163.38065387608478
2086-12-07,133.06437839322507
2086-12-08,113.25380992728986
2086-12-09,106.38821997832021
2086-12-10,101.32162189718632
2086-12-11,107.44552169414753
2086-12-12,105.02942175735068
2086-12-13,123.30149119881878
2086-12-14,130.16832712488397
2086-12-15,119.32249330203746
2086-12-16,124.16597663436539
2086-12-17,108.16802254911703
2086-12-18,93.50847101011767
2086-12-19,93.75378513039949
2086-12-20,106.12009126367728
2086-12-21,175.5603084358827
2086-12-22,199.20068110316922
2086-12-23,187.40365871629032
2086-12-24,217.21677535537597
2086-12-25,249.7955132014511
2086-12-26,208.00631330812564
2086-12-27,172.74264989891424
2086-12-28,171.53676289298969
2086-12-29,144.14362027186374
2086-12-30,117.42029128105241
2086-12-31,110.94135665680336
2087-01-01,142.22386301339145
2087-01-02,195.13801427705587
2087-01-03,272.5883990023713
2087-01-04,295.4895875485997
2087-01-05,285.4862404020451
2087-01-06,244.75638386117814
2087-01-07,273.3903132849559
2087-01-08,244.1937621037077
2087-01-09,242.80826101845096
2087-01-10,200.02241323750852
2087-01-11,159.53379250117268
2087-01-12,130.36610330112507
2087-01-13,108.91277826268242
2087-01-14,92.94073812853162
2087-01-15,80.91401994994179
2087-01-16,71.7609975118615
2087-01-17,64.81448001150375
2087-01-18,60.27923243004548
2087-01-19,62.44156302427035
2087-01-20,75.62516948817229
2087-01-21,83.59635718554327
2087-01-22,83.67091399637319
2087-01-23,86.8362578170903
2087-01-24,119.9080853609215
2087-01-25,133.8453142898957
2087-01-26,122.83977955751102
2087-01-27,133.4914241719297
2087-01-28,219.11122655186088
2087-01-29,311.54423303649054
2087-01-30,358.44690136717753
2087-01-31,290.67404815464175
2087-02-01,253.61198985890545
2087-02-02,237.97325885757354
2087-02-03,266.0336803297814
2087-02-04,228.68528498523915
2087-02-05,193.85344151116348
2087-02-06,202.54661304767845
2087-02-07,240.14468608307888
2087-02-08,293.23051400425146
2087-02-09,242.88813715912386
2087-02-10,192.098198077585
2087-02-11,160.74048174284243
2087-02-12,149.88780251062508
2087-02-13,132.35947703362174
2087-02-14,149.74757614679302
2087-02-15,203.7683749699296
2087-02-16,200.19858864761127
2087-02-17,206.629173581053
2087-02-18,209.56135527557603
2087-02-19,223.7612168833435
2087-02-20,190.44051797123174
2087-02-21,156.1159805053998
2087-02-22,130.9242283822883
2087-02-23,112.21619374010719
2087-02-24,98.16053927227155
2087-02-25,88.22170818717557
2087-02-26,83.70934701964738
2087-02-27,79.4145718960715
2087-02-28,73.48483209495559
2087-03-01,68.34873984262663
2087-03-02,64.28424737566628
2087-03-03,61.03438041719506
2087-03-04,58.407859498376204
2087-03-05,64.18385445880163
2087-03-06,96.14205613032335
2087-03-07,101.31283355534144
2087-03-08,99.83065723989658
2087-03-09,109.35230882949281
2087-03-10,106.8272727632758
2087-03-11,110.92779982322573
2087-03-12,119.63136101327348
2087-03-13,117.05899906069196
2087-03-14,108.16316349808237
2087-03-15,95.81415398944665
2087-03-16,90.3790333159546
2087-03-17,99.50382973528365
2087-03-18,91.54719990052314
2087-03-19,81.85818031966942
2087-03-20,74.56717069115389
2087-03-21,72.14395381625128
2087-03-22,79.68881599772682
2087-03-23,88.54895140271458
2087-03-24,82.36643659449128
2087-03-25,74.61990424523316
2087-03-26,68.93104909408895
2087-03-27,69.4839408792899
2087-03-28,77.90553354095071
2087-03-29,87.73343942334445
2087-03-30,97.51528236167447
2087-03-31,102.36273051294437
2087-04-01,117.48489270480606
2087-04-02,118.14248007158655
2087-04-03,104.87110868038555
2087-04-04,107.91840246887666
2087-04-05,147.01063184799133
2087-04-06,145.2219529463894
2087-04-07,133.6593209316492
2087-04-08,156.73950161004316
2087-04-09,186.64689621727882
2087-04-10,168.1553230333959
2087-04-11,146.84690248708287
2087-04-12,145.37862964147698
2087-04-13,174.66388145296386
2087-04-14,165.62136763580094
2087-04-15,141.06487546611189
2087-04-16,136.78681991643597
2087-04-17,185.79903522747654
2087-04-18,175.90055618414144
2087-04-19,147.76727840470633
2087-04-20,124.33202998812642
2087-04-21,106.91208479979097
2087-04-22,96.02006902428225
2087-04-23,93.56719959987164
2087-04-24,97.16900242889686
2087-04-25,98.11896684338895
2087-04-26,124.34973705062389
2087-04-27,116.98531855044195
2087-04-28,101.91798833944199
2087-04-29,89.96159248362159
2087-04-30,80.76706973043191
2087-05-01,73.92988059604033
2087-05-02,69.5202604192108
2087-05-03,66.25888985256225
2087-05-04,63.98778071132239
2087-05-05,61.12406490606049
2087-05-06,58.791521839587894
2087-05-07,56.461313417986055
2087-05-08,54.376751792974396
2087-05-09,52.656951878399326
2087-05-10,51.221891428516784
2087-05-11,50.009938307762745
2087-05-12,54.76093941563249
2087-05-13,73.88844181480381
2087-05-14,74.1028167254771
2087-05-15,69.03364392504331
2087-05-16,64.65849665558925
2087-05-17,60.838573101620966
2087-05-18,57.42594639079252
2087-05-19,54.676084022231215
2087-05-20,52.444632643406095
2087-05-21,51.32468450080927
2087-05-22,54.392074885503575
2087-05-23,63.22755222067994
2087-05-24,75.4649647068825
2087-05-25,81.62652555070656
2087-05-26,84.08376901162883
2087-05-27,79.48108664965223
2087-05-28,72.01513608357547
2087-05-29,65.75550604430434
2087-05-30,60.853412987034
2087-05-31,56.98166808072495
2087-06-01,53.8974915234142
2087-06-02,51.41533451489153
2087-06-03,49.396544458737196
2087-06-04,47.7367356445771
2087-06-05,46.356760936105786
2087-06-06,45.38565632352803
2087-06-07,45.12705947243941
2087-06-08,44.37601641138938
2087-06-09,44.428836846196695
2087-06-10,46.649325804507185
2087-06-11,49.03405987407558
2087-06-12,48.9531378587291
2087-06-13,50.679373849305364
2087-06-14,51.9319318437756
2087-06-15,50.863999383889244
2087-06-16,49.711853589379224
2087-06-17,51.06168078716099
2087-06-18,50.332692806711755
2087-06-19,49.43729552224653
2087-06-20,48.46779840683333
2087-06-21,47.15502953776385
2087-06-22,45.338643254032434
2087-06-23,43.736482191431804
2087-06-24,42.44504931960524
2087-06-25,41.508394459062025
2087-06-26,41.94916993396025
2087-06-27,44.78308022542945
2087-06-28,43.85998273200448
2087-06-29,42.316081451913426
2087-06-30,41.03526152552052
2087-07-01,39.96152063515507
2087-07-02,39.05119031131379
2087-07-03,38.2704893968727
2087-07-04,37.593146062730256
2087-07-05,36.99862562644154
2087-07-06,36.470801173919696
2087-07-07,35.996950163531075
2087-07-08,35.71999867662482
2087-07-09,36.64192314422543
2087-07-10,39.694057818992164
2087-07-11,41.66107012970815
2087-07-12,42.04789336587706
2087-07-13,43.20415977645999
2087-07-14,43.04602812697801
2087-07-15,43.093950633170415
2087-07-16,41.710269069040386
2087-07-17,40.68971014027458
2087-07-18,39.569464499614554
2087-07-19,38.40444662988479
2087-07-20,37.19160143368368
2087-07-21,36.17191829579229
2087-07-22,35.31035055023077
2087-07-23,34.574249672415256
2087-07-24,33.9382045831617
2087-07-25,33.38233918179362
2087-07-26,32.91659604497105
2087-07-27,33.10169246768017
2087-07-28,34.09524157544822
2087-07-29,33.70134031520997
2087-07-30,33.035150197292616
2087-07-31,32.449794066321154
2087-08-01,31.936811738830897
2087-08-02,31.482909376184068
2087-08-03,31.229046340027054
2087-08-04,31.645003098605546
2087-08-05,31.513874545349612
2087-08-06,31.012960821580137
2087-08-07,30.567504160072357
2087-08-08,30.169007495044454
2087-08-09,29.808677387299685
2087-08-10,29.47951803675561
2087-08-11,29.17594200015836
2087-08-12,28.893469976673998
2087-08-13,28.62849817168446
2087-08-14,28.37811720408863
2087-08-15,28.18535371511042
2087-08-16,28.068753798042838
2087-08-17,27.964226759908005
2087-08-18,28.526900429263495
2087-08-19,29.312446699457723
2087-08-20,28.76215875981018
2087-08-21,28.29629688363049
2087-08-22,27.88839756695113
2087-08-23,27.5243122973869
2087-08-24,27.323939493945534
2087-08-25,27.645563410807934
2087-08-26,27.456559030169952
2087-08-27,27.061516789515526
2087-08-28,26.71310149754011
2087-08-29,26.41505447293333
2087-08-30,26.132572450451416
2087-08-31,25.86316369346362
2087-09-01,25.613208331590712
2087-09-02,25.380528666288665
2087-09-03,25.168796026914148
2087-09-04,24.958534619102565
2087-09-05,24.757530464364034
2087-09-06,24.78679783752993
2087-09-07,25.835039821866886
2087-09-08,26.316348017608334
2087-09-09,26.482901772285405
2087-09-10,27.007058368582488
2087-09-11,28.2688191491654
2087-09-12,27.760602853776177
2087-09-13,26.906982098292847
2087-09-14,26.178297849893184
2087-09-15,25.563080830606623
2087-09-16,25.053348806088877
2087-09-17,24.698507473531794
2087-09-18,24.425167820089868
2087-09-19,25.372676699099603
2087-09-20,28.457256656490262
2087-09-21,27.535490837521735
2087-09-22,26.569414908922692
2087-09-23,25.721319699854465
2087-09-24,25.013015660963816
2087-09-25,24.415081010906878
2087-09-26,23.90508348571772
2087-09-27,23.46547549933778
2087-09-28,23.082465937990275
2087-09-29,22.745167695610576
2087-09-30,22.44495346350699
2087-10-01,22.17496402261493
2087-10-02,21.929690172551517
2087-10-03,21.70471861469848
2087-10-04,21.496525318166388
2087-10-05,21.420714557461235
2087-10-06,21.709372626545342
2087-10-07,21.559685412000153
2087-10-08,21.338859355600846
2087-10-09,21.243324552943236
2087-10-10,21.03708308172758
2087-10-11,20.808608962293686
2087-10-12,20.5989664452731
2087-10-13,20.40487609156897
2087-10-14,20.22367240728933
2087-10-15,20.220056385028773
2087-10-16,21.868437095559614
2087-10-17,23.514930997349555
2087-10-18,22.783024371097458
2087-10-19,22.133218999622375
2087-10-20,21.562012812079033
2087-10-21,21.077845034893862
2087-10-22,20.78387063248879
2087-10-23,22.702598145372395
2087-10-24,25.909568772835897
2087-10-25,24.913765693487505
2087-10-26,23.766009289499745
2087-10-27,22.792879445853043
2087-10-28,21.991132313790818
2087-10-29,21.3241404583614
2087-10-30,22.132496565174126
2087-10-31,25.68653984323184
2087-11-01,27.27627888360772
2087-11-02,26.15486473948823
2087-11-03,24.782083768483417
2087-11-04,23.526210296108257
2087-11-05,22.49599736597187
2087-11-06,21.650031626700812
2087-11-07,20.94775274948427
2087-11-08,20.360290553570817
2087-11-09,19.864266039342596
2087-11-10,19.44138654403218
2087-11-11,19.077274914177668
2087-11-12,18.760580778494145
2087-11-13,18.482305276641338
2087-11-14,18.235285120515254
2087-11-15,18.01379631391494
2087-11-16,17.813248255403444
2087-11-17,17.62994648666856
2087-11-18,17.461404985885604
2087-11-19,17.30570476205407
2087-11-20,17.161203562783886
2087-11-21,17.05025681078451
2087-11-22,17.114605339508437
2087-11-23,18.17124772517787
2087-11-24,20.871680600152626
2087-11-25,23.132035455081493
2087-11-26,22.582187980742717
2087-11-27,22.57722098855145
2087-11-28,23.467363402363166
2087-11-29,22.52065696103477
2087-11-30,22.37854307013947
2087-12-01,23.57764857696236
2087-12-02,23.048315833035968
2087-12-03,26.519129148633493
2087-12-04,37.93533521419891
2087-12-05,53.87326644386929
2087-12-06,56.22055119218853
2087-12-07,57.690694542086725
2087-12-08,56.631260729634384
2087-12-09,52.2614143931234
2087-12-10,46.441571860208
2087-12-11,41.49385628287509
2087-12-12,36.691608765090976
2087-12-13,32.73703430592797
2087-12-14,29.63353793527982
2087-12-15,27.283385856133403
2087-12-16,25.73808000818902
2087-12-17,24.152191260495567
2087-12-18,22.78767374009882
2087-12-19,21.67833852896086
2087-12-20,20.769288344691393
2087-12-21,20.05886840002376
2087-12-22,19.662202350512764
2087-12-23,19.59098585365496
2087-12-24,19.305357466537426
2087-12-25,18.794692854647376
2087-12-26,18.355986336536652
2087-12-27,18.225771481672783
2087-12-28,18.205717688517947
2087-12-29,17.86218155479124
2087-12-30,17.532882518534112
2087-12-31,17.40437965893608
2088-01-01,17.162726555466424
2088-01-02,16.891642425439922
2088-01-03,17.324524014990264
2088-01-04,22.72874332958487
2088-01-05,38.84442199348523
2088-01-06,80.62067701165678
2088-01-07,118.19011063904293
2088-01-08,141.71257552295222
2088-01-09,130.8796173143175
2088-01-10,122.57858736641067
2088-01-11,123.20525728222005
2088-01-12,102.76281338665417
2088-01-13,83.27436437727489
2088-01-14,69.65254523137698
2088-01-15,60.45867685062435
2088-01-16,51.698842384402234
2088-01-17,44.84085577751129
2088-01-18,39.54637133401503
2088-01-19,36.67645481452043
2088-01-20,39.50704976517246
2088-01-21,36.79255915227639
2088-01-22,33.2912058187226
2088-01-23,42.22956661063946
2088-01-24,80.74024037394433
2088-01-25,100.49768952494014
2088-01-26,144.88582584141605
2088-01-27,145.9569314984852
2088-01-28,141.3715396337796
2088-01-29,162.7211496983298
2088-01-30,136.69951981740886
2088-01-31,109.69750515794466
2088-02-01,99.71178495391291
2088-02-02,111.88049448634949
2088-02-03,108.20109580966056
2088-02-04,128.1579128570256
2088-02-05,205.98694533432732
2088-02-06,249.70225482947748
2088-02-07,211.08049090781512
2088-02-08,184.70280664648396
2088-02-09,149.96820892985252
2088-02-10,130.46719822494364
2088-02-11,132.4827091316292
2088-02-12,113.78226610233907
2088-02-13,108.39340645383156
2088-02-14,160.00464720403576
2088-02-15,279.13450536464495
2088-02-16,241.6157252911777
2088-02-17,177.86452721743456
2088-02-18,141.68503986931924
2088-02-19,116.72719326458173
2088-02-20,96.76311287328616
2088-02-21,81.72361024647229
2088-02-22,70.40061423893995
2088-02-23,61.7868501342725
2088-02-24,55.169009585001135
2088-02-25,53.81179784061732
2088-02-26,67.11629658746438
2088-02-27,88.96101749613932
2088-02-28,145.25520115038907
2088-02-29,188.38865362445407
2088-03-01,165.51227910457683
2088-03-02,133.43177183111166
2088-03-03,110.17132396943866
2088-03-04,95.28674627920964
2088-03-05,83.70606022366097
2088-03-06,72.54472854187752
2088-03-07,71.382534141631
2088-03-08,91.9798478810067
2088-03-09,125.94843640684188
2088-03-10,112.95198652022219
2088-03-11,97.44938432889194
2088-03-12,99.08554699038127
2088-03-13,134.34931521444176
2088-03-14,253.75017774545844
2088-03-15,471.41016204476745
2088-03-16,365.16990275754534
2088-03-17,253.6948140662707
2088-03-18,197.3205780231117
2088-03-19,157.94294241616936
2088-03-20,129.45484233686463
2088-03-21,108.64715276256992
2088-03-22,92.68416334789418
2088-03-23,81.2428040598935
2088-03-24,73.66938879971944
2088-03-25,66.72632755777772
2088-03-26,66.17509537032659
2088-03-27,75.3309334702269
2088-03-28,70.260549615319
2088-03-29,63.328776743700274
2088-03-30,57.93553081596792
2088-03-31,53.746673877449204
2088-04-01,50.79249875308974
2088-04-02,48.155089907763305
2088-04-03,45.87978396929233
2088-04-04,45.86030119729869
2088-04-05,51.00815413225131
2088-04-06,49.75954093554526
2088-04-07,47.514761043188905
2088-04-08,45.38025831248732
2088-04-09,43.45391756805636
2088-04-10,41.87196051655254
2088-04-11,40.55966185853449
2088-04-12,39.45905503738009
2088-04-13,38.5255498321367
2088-04-14,38.69028241475299
2088-04-15,40.47787203519573
2088-04-16,39.905031988254436
2088-04-17,38.74748458055342
2088-04-18,37.76175754516933
2088-04-19,38.24817658911574
2088-04-20,42.358009115957785
2088-04-21,44.168428704433275
2088-04-22,48.885882653136484
2088-04-23,47.156257921179304
2088-04-24,44.29701161599243
2088-04-25,45.008942927388595
2088-04-26,75.76929510175115
2088-04-27,135.2101535766179
2088-04-28,172.8274261020131
2088-04-29,168.1669778485447
2088-04-30,146.15858988508475
2088-05-01,125.90039445451208
2088-05-02,105.3247665161681
2088-05-03,89.22930056282947
2088-05-04,77.10478692373236
2088-05-05,67.87718850093248
2088-05-06,60.78481907441151
2088-05-07,55.28227687601603
2088-05-08,50.97142813136108
2088-05-09,47.56249438743438
2088-05-10,44.84155921783999
2088-05-11,42.64882908051006
2088-05-12,40.86429387618793
2088-05-13,39.39717233386619
2088-05-14,38.17832781529042
2088-05-15,37.15477376842559
2088-05-16,36.28565957597212
2088-05-17,35.53931485331672
2088-05-18,35.11970603919247
2088-05-19,35.18229427480113
2088-05-20,35.510040396583406
2088-05-21,39.920437584732326
2088-05-22,50.14383091337435
2088-05-23,57.179752025290696
2088-05-24,53.5449041025696
2088-05-25,49.15270891367927
2088-05-26,45.56505003499842
2088-05-27,42.71182206025821
2088-05-28,40.422362980713466
2088-05-29,38.56794539965569
2088-05-30,37.05131183031362
2088-05-31,35.79848470315917
2088-06-01,34.75283770835866
2088-06-02,33.87076837263128
2088-06-03,33.11851476258693
2088-06-04,32.47026521483546
2088-06-05,31.919271985649228
2088-06-06,31.41954183840107
2088-06-07,30.972215786708343
2088-06-08,30.569307381435937
2088-06-09,30.249661569973757
2088-06-10,30.052908584352185
2088-06-11,29.901541256612123
2088-06-12,29.668415309934584
2088-06-13,29.332033407536084
2088-06-14,29.0185322617363
2088-06-15,28.726457404645558
2088-06-16,28.452188652422546
2088-06-17,28.19279889634663
2088-06-18,27.945913620103784
2088-06-19,27.709600449333745
2088-06-20,27.48228197059015
2088-06-21,27.262666658380734
2088-06-22,27.04969395242445
2088-06-23,26.84249043629619
2088-06-24,26.640334758655545
2088-06-25,26.442629464512496
2088-06-26,26.248878307151156
2088-06-27,26.058667921541623
2088-06-28,25.87165297974185
2088-06-29,25.68754413470525
2088-06-30,25.506098203673556
2088-07-01,25.327110155471146
2088-07-02,25.150406718830624
2088-07-03,24.976029702287487
2088-07-04,24.803509700365225
2088-07-05,24.632830494586887
2088-07-06,24.46396791593104
2088-07-07,24.296842160288662
2088-07-08,24.131383850234158
2088-07-09,23.96753261775039
2088-07-10,23.807144017137492
2088-07-11,23.714193970099682
2088-07-12,23.7029093475321
2088-07-13,23.55257825781928
2088-07-14,23.3663222659353
2088-07-15,23.186271740492085
2088-07-16,23.011594166757195
2088-07-17,22.841577281721957
2088-07-18,22.675633729094255
2088-07-19,22.51327776691748
2088-07-20,22.35410653618837
2088-07-21,22.1977849533468
2088-07-22,22.061168493904905
2088-07-23,21.956902864924103
2088-07-24,21.81578650415516
2088-07-25,21.659232772535763
2088-07-26,21.50595798186707
2088-07-27,21.355644657631057
2088-07-28,21.207983089717082
2088-07-29,21.062714855516738
2088-07-30,20.919623685478047
2088-07-31,20.77852803274162
2088-08-01,20.639275014174533
2088-08-02,20.50378630039857
2088-08-03,20.369977897874747
2088-08-04,20.23517924886853
2088-08-05,20.101752491778434
2088-08-06,19.96975413586067
2088-08-07,19.839114941644187
2088-08-08,19.70977529961878
2088-08-09,19.581683656507714
2088-08-10,19.454795210879514
2088-08-11,19.329070830091414
2088-08-12,19.20447614947426
2088-08-13,19.080980997333516
2088-08-14,18.958583122466628
2088-08-15,18.837213410705605
2088-08-16,18.716862326325707
2088-08-17,18.597518649245945
2088-08-18,18.47916456216526
2088-08-19,18.36178366778466
2088-08-20,18.24536085387739
2088-08-21,18.130965919540564
2088-08-22,18.02210901077137
2088-08-23,17.91423407231817
2088-08-24,17.803388276358433
2088-08-25,17.6900858507459
2088-08-26,17.577861013959147
2088-08-27,17.466697909676963
2088-08-28,17.3565587711732
2088-08-29,17.247410742512518
2088-08-30,17.139224531772985
2088-08-31,17.03197463834184
2088-09-01,16.9256383216474
2088-09-02,16.820195230045474
2088-09-03,16.715627059216054
2088-09-04,16.61191724385699
2088-09-05,16.50905069874221
2088-09-06,16.407013600945017
2088-09-07,16.30579320644006
2088-09-08,16.205377695458314
2088-09-09,16.10575604192336
2088-09-10,16.006917903083703
2088-09-11,15.908853526104876
2088-09-12,15.811553668921661
2088-09-13,15.715009533095161
2088-09-14,15.619212706788042
2088-09-15,15.524155116277571
2088-09-16,15.429828984680919
2088-09-17,15.336226796779366
2088-09-18,15.243341371822178
2088-09-19,15.15116548277519
2088-09-20,15.05972958470466
2088-09-21,14.972360825770826
2088-09-22,14.895517439948357
2088-09-23,14.809866555928641
2088-09-24,14.719028162483442
2088-09-25,14.629130634119464
2088-09-26,14.553697762837428
2088-09-27,14.716191012636864
2088-09-28,14.42915390561477
2088-09-29,14.333494050160214
2088-09-30,14.24591480050996
2088-10-01,14.17831311563897
2088-10-02,14.086317681806237
2088-10-03,13.99841048510068
2088-10-04,13.90945672160241
2088-10-05,13.82211522767951
2088-10-06,13.736223584384739
2088-10-07,13.6516432088386
2088-10-08,13.568257473798608
2088-10-09,13.485967964248635
2088-10-10,13.404691400692093
2088-10-11,13.325298617212994
2088-10-12,13.248962954142485
2088-10-13,13.170763590974731
2088-10-14,13.092448310298963
2088-10-15,13.01494494948914
2088-10-16,12.938218633701537
2088-10-17,12.862231679684475
2088-10-18,12.786951542291083
2088-10-19,12.71235000039921
2088-10-20,12.638402477436308
2088-10-21,12.565087473389383
2088-10-22,12.492386089309777
2088-10-23,12.420281628684487
2088-10-24,12.348759262788883
2088-10-25,12.27780574937786
2088-10-26,12.207409195909712
2088-10-27,12.13755886000429
2088-10-28,12.068244981076864
2088-10-29,11.999458638110157
2088-10-30,11.931191629369694
2088-10-31,11.86343637056399
2088-11-01,11.796185808527987
2088-11-02,11.72943334798619
2088-11-03,11.663172789349275
2088-11-04,11.597751280378793
2088-11-05,11.535267359502194
2088-11-06,11.47240263329381
2088-11-07,11.407767779707862
2088-11-08,11.343451925907695
2088-11-09,11.279657540959589
2088-11-10,11.216371077563425
2088-11-11,11.153580484802191
2088-11-12,11.33379649197625
2088-11-13,11.594838294680017
2088-11-14,11.04697161172997
2088-11-15,10.975775418540856
2088-11-16,12.007647613686053
2088-11-17,12.21577938990607
2088-11-18,10.994645156593128
2088-11-19,10.895598474829278
2088-11-20,10.808427121620314
2088-11-21,10.726249450631313
2088-11-22,10.698850942038613
2088-11-23,11.051921253584162
2088-11-24,12.746805970019118
2088-11-25,17.101592328078382
2088-11-26,17.77804211358375
2088-11-27,16.666480192813165
2088-11-28,14.918032333507904
2088-11-29,16.802986921176984
2088-11-30,26.802333356430115
2088-12-01,39.563488185415586
2088-12-02,35.012189484542795
2088-12-03,29.93690752396059
2088-12-04,26.01358075670302
2088-12-05,22.954336166812595
2088-12-06,20.551268286737358
2088-12-07,18.65018853203768
2088-12-08,17.135774837166
2088-12-09,15.921251221872007
2088-12-10,16.909085097803057
2088-12-11,25.241784219939728
2088-12-12,37.50556984908783
2088-12-13,34.3658799648824
2088-12-14,29.464745053428643
2088-12-15,25.679685549937293
2088-12-16,22.732223503238476
2088-12-17,20.77553724332053
2088-12-18,21.702426035567097
2088-12-19,22.14509802804564
2088-12-20,25.11102917293579
2088-12-21,36.0395538929052
2088-12-22,33.23532600600577
2088-12-23,28.668597409126146
2088-12-24,25.13249805871445
2088-12-25,22.372585117823263
2088-12-26,20.959196167393753
2088-12-27,21.79161664768098
2088-12-28,20.12367061344722
2088-12-29,18.42409807276243
2088-12-30,17.066561631410632
2088-12-31,16.010372134925326
2089-01-01,15.244484176922539
2089-01-02,14.50040061210409
2089-01-03,18.3159477025275
2089-01-04,28.6129982958342
2089-01-05,36.79046753768933
2089-01-06,37.20114779262179
2089-01-07,34.12192692289338
2089-01-08,51.11648975215031
2089-01-09,121.22361251125794
2089-01-10,186.126415681429
2089-01-11,185.00423263215293
2089-01-12,221.14445102402894
2089-01-13,205.41831706656868
2089-01-14,203.14824114014314
2089-01-15,172.27987853888476
2089-01-16,151.351611251324
2089-01-17,140.91017539284707
2089-01-18,181.1852352730218
2089-01-19,193.5820061990588
2089-01-20,207.5774469129974
2089-01-21,179.57907084937426
2089-01-22,203.44302819096836
2089-01-23,274.12206596094853
2089-01-24,283.0017764274221
2089-01-25,515.1581300948154
2089-01-26,504.43619278959005
2089-01-27,357.2414159701528
2089-01-28,246.1883796948661
2089-01-29,197.56170592091087
2089-01-30,167.8191530805713
2089-01-31,175.3520938412116
2089-02-01,225.95116988776226
2089-02-02,256.7142521891691
2089-02-03,207.03250517502852
2089-02-04,168.61951412778873
2089-02-05,142.47973666476534
2089-02-06,143.2887032290393
2089-02-07,146.5031225232564
2089-02-08,201.5088715276673
2089-02-09,213.44363190232616
2089-02-10,218.50422550787292
2089-02-11,207.30906286343668
2089-02-12,194.9771713806642
2089-02-13,161.7467842465829
2089-02-14,161.11672234641173
2089-02-15,248.44514437995778
2089-02-16,214.38167072480041
2089-02-17,183.82917389639226
2089-02-18,204.9536824038552
2089-02-19,174.00089297721686
2089-02-20,140.26551319325046
2089-02-21,115.61064212098107
2089-02-22,97.36741978906196
2089-02-23,83.70953698251601
2089-02-24,73.37167047187775
2089-02-25,65.46470722171266
2089-02-26,59.35587423541671
2089-02-27,54.58958837045168
2089-02-28,50.83435295616888
2089-03-01,47.84660979660109
2089-03-02,45.44580538133234
2089-03-03,43.496982577738436
2089-03-04,41.898490088765186
2089-03-05,40.57321519758526
2089-03-06,39.46226971252084
2089-03-07,38.52040205758605
2089-03-08,37.712635849019655
2089-03-09,37.011787906011335
2089-03-10,36.3966222413774
2089-03-11,35.850467660873086
2089-03-12,36.742231219192554
2089-03-13,41.695492606490724
2089-03-14,48.19523854273547
2089-03-15,58.23238841567248
2089-03-16,56.43548724103477
2089-03-17,75.3454814951806
2089-03-18,123.95096134594434
2089-03-19,115.79200117544987
2089-03-20,97.40555875564375
2089-03-21,83.03580329588064
2089-03-22,72.17593936813914
2089-03-23,63.88508036799782
2089-03-24,57.493138136124834
2089-03-25,54.29374264561019
2089-03-26,58.511904306639906
2089-03-27,72.51183094634474
2089-03-28,76.05231357938077
2089-03-29,89.69218717853191
2089-03-30,81.18024584978669
2089-03-31,73.94319974459214
2089-04-01,78.62452583148031
2089-04-02,71.89073338923053
2089-04-03,63.578584954261665
2089-04-04,57.180029374786905
2089-04-05,52.2077090202179
2089-04-06,48.38070850197702
2089-04-07,47.04388195825883
2089-04-08,50.44684646344968
2089-04-09,50.95055537607581
2089-04-10,47.901827366505614
2089-04-11,44.79429829208101
2089-04-12,42.3100721658059
2089-04-13,40.30554712346956
2089-04-14,38.67196682811403
2089-04-15,37.32690997019282
2089-04-16,36.20760634864243
2089-04-17,35.265944610820966
2089-04-18,34.46482712096826
2089-04-19,33.77548711410639
2089-04-20,33.175499285801976
2089-04-21,32.64729420055702
2089-04-22,32.21376900364455
2089-04-23,32.2048436164159
2089-04-24,33.03174134174357
2089-04-25,33.55270482830465
2089-04-26,33.145160003153784
2089-04-27,32.554266811125366
2089-04-28,32.295699464011015
2089-04-29,32.118311200410226
2089-04-30,31.789336126642244
2089-05-01,31.193729912086408
2089-05-02,30.73000079312746
2089-05-03,30.333168990812126
2089-05-04,29.891461182114085
2089-05-05,29.494011801737198
2089-05-06,29.13363567174485
2089-05-07,28.803578977815445
2089-05-08,28.498445249774807
2089-05-09,28.21390608090108
2089-05-10,27.946477043971555
2089-05-11,27.694496927435253
2089-05-12,27.460484453109235
2089-05-13,27.22959057889365
2089-05-14,27.005998566384616
2089-05-15,26.82977619660816
2089-05-16,26.80469834519924
2089-05-17,26.72979216989104
2089-05-18,26.481838406760946
2089-05-19,26.245841899619034
2089-05-20,26.02067463444345
2089-05-21,25.803657734340433
2089-05-22,25.647212904825977
2089-05-23,25.571852906556558
2089-05-24,25.371119535619343
2089-05-25,25.15479086297393
2089-05-26,24.94752086812927
2089-05-27,24.747945791604398
2089-05-28,24.55495278055039
2089-05-29,24.36763083175245
2089-05-30,24.185231846867012
2089-05-31,24.00713960871074
2089-06-01,23.83284498170568
2089-06-02,23.661926022034702
2089-06-03,23.49403197497058
2089-06-04,23.38666591417962
2089-06-05,23.37716196063643
2089-06-06,23.227184075551705
2089-06-07,23.038560663235973
2089-06-08,22.87814172988365
2089-06-09,22.78783712605095
2089-06-10,22.834641826411502
2089-06-11,23.284579888164888
2089-06-12,24.3192292855549
2089-06-13,26.5384260243447
2089-06-14,25.79974293491797
2089-06-15,25.85742408683168
2089-06-16,25.223832539528924
2089-06-17,24.483140438618488
2089-06-18,31.897407206579633
2089-06-19,46.895502718555036
2089-06-20,45.741509067394254
2089-06-21,43.00339984138538
2089-06-22,38.82020352244237
2089-06-23,35.30866646506161
2089-06-24,32.53626329223169
2089-06-25,30.324369692538195
2089-06-26,28.548847291351745
2089-06-27,27.136563637320773
2089-06-28,25.985118003151637
2089-06-29,25.01119028768987
2089-06-30,24.201612906887238
2089-07-01,23.522700557823313
2089-07-02,22.94778385326245
2089-07-03,22.456019074737032
2089-07-04,22.031038150954675
2089-07-05,21.6599297533933
2089-07-06,21.33246577344249
2089-07-07,21.04051081572121
2089-07-08,20.77756902540193
2089-07-09,20.538434566256893
2089-07-10,20.32125795173902
2089-07-11,20.205702780507554
2089-07-12,20.405056380763146
2089-07-13,20.56800480493637
2089-07-14,20.315738174152184
2089-07-15,20.24674131735711
2089-07-16,21.00382113308252
2089-07-17,22.786727450595773
2089-07-18,24.350538389617224
2089-07-19,24.925072225935253
2089-07-20,24.07425014556638
2089-07-21,25.17527646065108
2089-07-22,29.430121597303767
2089-07-23,28.049498173825185
2089-07-24,27.48472861634656
2089-07-25,26.29596560159645
2089-07-26,24.84354296062875
2089-07-27,23.62966957834385
2089-07-28,22.832553507285084
2089-07-29,22.358362982854988
2089-07-30,21.62488298427782
2089-07-31,20.930273938573837
2089-08-01,20.34964209161971
2089-08-02,19.858253966744112
2089-08-03,19.43514166825158
2089-08-04,19.069364317764933
2089-08-05,18.79712325251406
2089-08-06,18.631193593587923
2089-08-07,18.375528356472582
2089-08-08,18.124701529688373
2089-08-09,17.89904088512633
2089-08-10,17.694144919058825
2089-08-11,17.506401800884337
2089-08-12,17.33286160750418
2089-08-13,17.171134054644728
2089-08-14,17.0192763509761
2089-08-15,16.87570471920845
2089-08-16,16.73912434464744
2089-08-17,16.608473712386196
2089-08-18,16.482880224533073
2089-08-19,16.36162469435975
2089-08-20,16.244112851840754
2089-08-21,16.129852406564282
2089-08-22,16.01843453036802
2089-08-23,15.909518866300637
2089-08-24,15.802821359831626
2089-08-25,15.698104355543448
2089-08-26,15.595168517589181
2089-08-27,15.49384622236954
2089-08-28,15.393996142799105
2089-08-29,15.295498799487342
2089-08-30,15.198252898452218
2089-08-31,15.102172310152234
2089-09-01,15.007183572627637
2089-09-02,14.913223823907435
2089-09-03,14.866653524053909
2089-09-04,15.057761264812022
2089-09-05,16.214701408641126
2089-09-06,18.21536696036284
2089-09-07,17.414179860277063
2089-09-08,16.99397916896802
2089-09-09,17.355316048063788
2089-09-10,17.52882231907117
2089-09-11,17.25456718466825
2089-09-12,17.17705349719962
2089-09-13,16.4893740782951
2089-09-14,16.025276546576517
2089-09-15,15.627210504104697
2089-09-16,15.287392707797878
2089-09-17,14.99465403864968
2089-09-18,14.751520402671801
2089-09-19,14.632210825989107
2089-09-20,14.508705876043694
2089-09-21,14.3059145971259
2089-09-22,14.119131903857609
2089-09-23,13.951091510178221
2089-09-24,13.79848354929595
2089-09-25,13.658638413501913
2089-09-26,13.529374035918872
2089-09-27,13.420144905256846
2089-09-28,13.368908376977842
2089-09-29,13.489001960630516
2089-09-30,15.875996955810182
2089-10-01,17.168641420636465
2089-10-02,17.82231842111658
2089-10-03,16.609298909198124
2089-10-04,16.019601694332135
2089-10-05,15.48006955544603
2089-10-06,14.972506049410557
2089-10-07,14.523236336312566
2089-10-08,14.144107402900056
2089-10-09,13.821579863763263
2089-10-10,13.544679264018216
2089-10-11,13.304706296519901
2089-10-12,13.195496734507316
2089-10-13,13.566426459340056
2089-10-14,13.44840932158539
2089-10-15,13.185622430414647
2089-10-16,14.284755345682532
2089-10-17,19.0540141025747
2089-10-18,21.787481017237365
2089-10-19,21.99531250840609
2089-10-20,23.54037179467262
2089-10-21,26.34787751377
2089-10-22,26.633901351751007
2089-10-23,30.54751943906312
2089-10-24,28.793144461597265
2089-10-25,27.34355990170329
2089-10-26,28.047070625571536
2089-10-27,27.54685543994528
2089-10-28,24.95071345066098
2089-10-29,22.471447159632916
2089-10-30,20.50280542403929
2089-10-31,18.93481536077336
2089-11-01,17.676869403710917
2089-11-02,17.601219154490206
2089-11-03,21.633297026923046
2089-11-04,28.47802232237432
2089-11-05,46.58251673234093
2089-11-06,43.29427483430095
2089-11-07,36.98023428369398
2089-11-08,32.45874590076938
2089-11-09,35.18164267579446
2089-11-10,43.11471468806187
2089-11-11,38.90852791717387
2089-11-12,33.5137022940292
2089-11-13,29.336110439893474
2089-11-14,26.0767915945296
2089-11-15,23.519457999829033
2089-11-16,21.511690833279076
2089-11-17,19.88917371204989
2089-11-18,18.584273762680677
2089-11-19,17.52803919068205
2089-11-20,16.66669083242915
2089-11-21,16.005353412689573
2089-11-22,16.370394701102924
2089-11-23,19.922842958101032
2089-11-24,22.75199058053599
2089-11-25,21.473495225002335
2089-11-26,19.795786769403517
2089-11-27,18.451649348028592
2089-11-28,17.366558732220188
2089-11-29,16.488751030560707
2089-11-30,16.20092042314038
2089-12-01,17.109154519986333
2089-12-02,16.611796493262272
2089-12-03,15.848492159207135
2089-12-04,15.21683803214747
2089-12-05,14.691743431257441
2089-12-06,14.251581752454607
2089-12-07,13.8962709534161
2089-12-08,13.79191793253105
2089-12-09,14.213037971289284
2089-12-10,15.588710196437894
2089-12-11,18.308480813463113
2089-12-12,17.62531872254704
2089-12-13,16.877739227556706
2089-12-14,30.89711344503083
2089-12-15,82.81807027293088
2089-12-16,112.33109923759223
2089-12-17,100.28350224936491
2089-12-18,102.39758568925055
2089-12-19,119.4152360422375
2089-12-20,113.74855022907148
2089-12-21,118.85966205109554
2089-12-22,117.95607455252997
2089-12-23,99.54483677383432
2089-12-24,89.67978106639403
2089-12-25,89.07612620584383
2089-12-26,89.93672213233769
2089-12-27,76.1617592788723
2089-12-28,75.37446377268022
2089-12-29,104.04595335322502
2089-12-30,107.20497708154754
2089-12-31,105.59220328113996
2090-01-01,118.30193159649365
2090-01-02,128.6715810751926
2090-01-03,130.89175176030986
2090-01-04,140.97708458853398
2090-01-05,160.9980739448832
2090-01-06,147.25142803676565
2090-01-07,122.99880882392019
2090-01-08,99.8022327954319
2090-01-09,81.62855520091135
2090-01-10,68.75300247740368
2090-01-11,60.25053378652797
2090-01-12,53.07693954965794
2090-01-13,48.064036512578205
2090-01-14,43.354502700679696
2090-01-15,45.01374492751982
2090-01-16,58.393874978475054
2090-01-17,54.64892139307138
2090-01-18,52.03485201137167
2090-01-19,46.59210945945432
2090-01-20,41.39571895210453
2090-01-21,37.34594697883326
2090-01-22,34.16295212281832
2090-01-23,31.639950104801148
2090-01-24,29.623090739520894
2090-01-25,27.996982748842274
2090-01-26,26.674431410845106
2090-01-27,25.589089182536046
2090-01-28,24.690142979896
2090-01-29,28.410161468347436
2090-01-30,55.00003717582235
2090-01-31,131.14989062635877
2090-02-01,298.3659619324185
2090-02-02,264.5515166198753
2090-02-03,204.26157335683732
2090-02-04,169.32297530624749
2090-02-05,169.44711715929557
2090-02-06,197.952037029467
2090-02-07,246.2354743732777
2090-02-08,399.05797508133054
2090-02-09,432.749523407414
2090-02-10,307.9890373318556
2090-02-11,223.7171343273292
2090-02-12,185.33257335801264
2090-02-13,149.83077727640298
2090-02-14,123.91121857830124
2090-02-15,102.5085580312825
2090-02-16,86.25059719322239
2090-02-17,76.31282811028946
2090-02-18,70.1852221174056
2090-02-19,62.1785421442118
2090-02-20,62.35592244942359
2090-02-21,77.5202774663973
2090-02-22,87.25251825744415
2090-02-23,87.69243361656146
2090-02-24,76.78044890609641
2090-02-25,66.86714843479787
2090-02-26,59.26975936028444
2090-02-27,56.92998389846769
2090-02-28,69.15386340305567
2090-03-01,76.46672878061798
2090-03-02,72.6771135907145
2090-03-03,64.34888472148958
2090-03-04,58.10433219988556
2090-03-05,61.18333822230293
2090-03-06,96.52028357439355
2090-03-07,118.79396778270909
2090-03-08,122.72488696604819
2090-03-09,156.27960293480558
2090-03-10,141.72634132017748
2090-03-11,125.17107292392417
2090-03-12,132.5256888195449
2090-03-13,116.27736076617744
2090-03-14,117.08643086667293
2090-03-15,144.41944832118335
2090-03-16,137.13614085371879
2090-03-17,147.6726921635529
2090-03-18,135.6356245987271
2090-03-19,150.76109219028862
2090-03-20,158.09234304301043
2090-03-21,172.50689175098012
2090-03-22,173.99274150160468
2090-03-23,169.95794752130902
2090-03-24,147.05599228754974
2090-03-25,143.94834905315136
2090-03-26,140.1045305343316
2090-03-27,132.90133088317768
2090-03-28,125.358317493024
2090-03-29,132.51781567283305
2090-03-30,144.28762928579147
2090-03-31,168.1261010041923
2090-04-01,230.05067114050948
2090-04-02,208.91123721880103
2090-04-03,194.75000829206692
2090-04-04,164.48532526633903
2090-04-05,134.6114657803416
2090-04-06,118.47295037473926
2090-04-07,120.66404815607677
2090-04-08,106.29893255925316
2090-04-09,96.30036817144658
2090-04-10,89.78608790213138
2090-04-11,80.38657126849213
2090-04-12,75.36682913060466
2090-04-13,76.07045325395934
2090-04-14,81.36234979983375
2090-04-15,75.800981192252
2090-04-16,68.15676126680533
2090-04-17,62.1867784871383
2090-04-18,57.51063242053897
2090-04-19,53.81225863631203
2090-04-20,64.90874139357538
2090-04-21,126.92289438048537
2090-04-22,183.66756035878453
2090-04-23,215.78928675583293
2090-04-24,202.8246969772373
2090-04-25,170.43800297185467
2090-04-26,139.45458339389282
2090-04-27,116.25015048868204
2090-04-28,99.01062601804222
2090-04-29,86.05486260564777
2090-04-30,76.21177406546892
2090-05-01,68.65500865398836
2090-05-02,62.79426130463667
2090-05-03,58.20310339777405
2090-05-04,61.54230104750395
2090-05-05,81.53030072088077
2090-05-06,80.09476144392733
2090-05-07,77.65046859257733
2090-05-08,79.90936313605033
2090-05-09,75.8045485680329
2090-05-10,68.58994418079577
2090-05-11,62.53617228543424
2090-05-12,57.80254784075842
2090-05-13,54.06472503624827
2090-05-14,57.09770728309331
2090-05-15,71.60235603768756
2090-05-16,72.73336313639412
2090-05-17,74.2623704442354
2090-05-18,79.24343823453329
2090-05-19,80.41319814669997
2090-05-20,83.30999609435378
2090-05-21,76.02916996240366
2090-05-22,68.1407546766577
2090-05-23,63.87448305776321
2090-05-24,64.05212209302645
2090-05-25,60.85760285903226
2090-05-26,56.5210787261798
2090-05-27,54.49425873043803
2090-05-28,55.17868958928415
2090-05-29,52.16112847924047
2090-05-30,49.240862405944036
2090-05-31,46.889118596267245
2090-06-01,44.97590930185088
2090-06-02,43.40283927117671
2090-06-03,42.095203172823354
2090-06-04,40.99590999090367
2090-06-05,40.06106177398202
2090-06-06,39.2567100887996
2090-06-07,38.55645833560421
2090-06-08,37.93967665952862
2090-06-09,37.39016399969752
2090-06-10,36.89513891495995
2090-06-11,36.44447383779673
2090-06-12,36.030110747871056
2090-06-13,35.645612892361186
2090-06-14,35.285819128617135
2090-06-15,34.94657610899383
2090-06-16,34.6245298247839
2090-06-17,34.31696264342811
2090-06-18,34.021665379826175
2090-06-19,33.736836470928814
2090-06-20,33.461002209909495
2090-06-21,33.192953412323185
2090-06-22,32.931694954796804
2090-06-23,32.67640543643857
2090-06-24,32.42640482975422
2090-06-25,32.181128459567276
2090-06-26,31.940106010869016
2090-06-27,31.7029445461483
2090-06-28,31.469314729352064
2090-06-29,31.238939622052936
2090-06-30,31.013802493776012
2090-07-01,30.79275022745458
2090-07-02,30.5721747805578
2090-07-03,30.35195438438211
2090-07-04,30.13425130240499
2090-07-05,29.918947058419743
2090-07-06,29.705917395602665
2090-07-07,29.495079326984055
2090-07-08,29.28635046404901
2090-07-09,29.079659013737942
2090-07-10,28.874942071965094
2090-07-11,28.67214420661701
2090-07-12,28.47121627883037
2090-07-13,28.272114460791474
2090-07-14,28.074799415928947
2090-07-15,27.87923561354654
2090-07-16,27.6853907549542
2090-07-17,27.49323529222931
2090-07-18,27.302742024062038
2090-07-19,27.113885755850422
2090-07-20,26.92664301343144
2090-07-21,26.740991801654758
2090-07-22,26.556911400501992
2090-07-23,26.391750507050357
2090-07-24,26.246446092148133
2090-07-25,26.066075535344524
2090-07-26,27.659016642123827
2090-07-27,30.228655837062693
2090-07-28,28.35240779675048
2090-07-29,27.701133236236007
2090-07-30,27.14702587086319
2090-07-31,26.666453803390137
2090-08-01,26.244888744528406
2090-08-02,25.87090172784657
2090-08-03,25.535461785192563
2090-08-04,25.231402540971573
2090-08-05,24.957435321377428
2090-08-06,24.735006002228307
2090-08-07,24.536873635154517
2090-08-08,24.311292584372286
2090-08-09,24.088986384089065
2090-08-10,23.875869637287547
2090-08-11,23.673042352724494
2090-08-12,23.47891627178897
2090-08-13,23.29219079887614
2090-08-14,23.111800325171966
2090-08-15,22.936869280784297
2090-08-16,22.766676224526154
2090-08-17,22.600625062717686
2090-08-18,22.438221911252654
2090-08-19,22.27905643991232
2090-08-20,22.122786788318635
2090-08-21,21.969127336785274
2090-08-22,21.8178387659929
2090-08-23,21.668719956943118
2090-08-24,21.52160137464982
2090-08-25,21.376339651296675
2090-08-26,21.23281314154591
2090-08-27,21.09091826771458
2090-08-28,20.950566508245867
2090-08-29,20.811681911308565
2090-08-30,20.67419903801582
2090-08-31,20.539270999115818
2090-09-01,20.409327333884317
2090-09-02,20.27602476417903
2090-09-03,20.142927161601364
2090-09-04,20.03962877545996
2090-09-05,20.192405209214986
2090-09-06,19.91285916050255
2090-09-07,19.761556423684763
2090-09-08,19.618115705523262
2090-09-09,19.758366122829376
2090-09-10,23.28673179362666
2090-09-11,24.67344982812526
2090-09-12,23.743364914201806
2090-09-13,22.410066446693715
2090-09-14,22.524695484943194
2090-09-15,23.574938582426487
2090-09-16,22.817254661846178
2090-09-17,21.92686437311247
2090-09-18,21.256751639141488
2090-09-19,20.69758757035763
2090-09-20,20.22259476656532
2090-09-21,19.815043428085485
2090-09-22,19.461760124730343
2090-09-23,19.152331647470607
2090-09-24,18.96850131930167
2090-09-25,18.99055783333746
2090-09-26,18.795075521226448
2090-09-27,18.53132955738715
2090-09-28,18.296298459547838
2090-09-29,18.15032701909247
2090-09-30,18.11333948075756
2090-10-01,17.924538472825134
2090-10-02,17.72612933672211
2090-10-03,19.326997465015157
2090-10-04,28.459168371645394
2090-10-05,34.40197478801201
2090-10-06,31.631046864438673
2090-10-07,28.698176052090627
2090-10-08,26.3955643139185
2090-10-09,24.559425143417084
2090-10-10,23.083922534049876
2090-10-11,25.246564397995893
2090-10-12,31.479892014576063
2090-10-13,31.508837008754977
2090-10-14,28.82675793644111
2090-10-15,26.47217670358143
2090-10-16,24.970219604921354
2090-10-17,24.739669871644917
2090-10-18,23.43065814008848
2090-10-19,22.434885911509443
2090-10-20,22.235419333853287
2090-10-21,21.3244615744609
2090-10-22,20.4049629033326
2090-10-23,19.644556977782063
2090-10-24,19.643250256849335
2090-10-25,25.049500037734372
2090-10-26,34.449708542880806
2090-10-27,43.34800084100041
2090-10-28,44.07028504450275
2090-10-29,40.76926902750406
2090-10-30,36.08974818422209
2090-10-31,32.12288134279651
2090-11-01,31.76046027174299
2090-11-02,37.91069217895677
2090-11-03,37.17845365736954
2090-11-04,33.474451430243214
2090-11-05,30.07219359721663
2090-11-06,27.39658452482763
2090-11-07,25.426881162340123
2090-11-08,35.85791224758036
2090-11-09,72.89803892542686
2090-11-10,77.81706571675595
2090-11-11,68.52197468541998
2090-11-12,62.44368003382821
2090-11-13,53.82173854471949
2090-11-14,45.9925842816466
2090-11-15,44.452854772766706
2090-11-16,50.46468356828143
2090-11-17,46.50760750507744
2090-11-18,40.83468219566418
2090-11-19,37.25162512082215
2090-11-20,38.0379412228997
2090-11-21,37.90464629951165
2090-11-22,37.19426012250522
2090-11-23,33.680699293775305
2090-11-24,33.8109177391404
2090-11-25,40.88215435826323
2090-11-26,49.79935865732574
2090-11-27,80.75008756672473
2090-11-28,85.50890010679016
2090-11-29,73.88740711720287
2090-11-30,65.95772834150176
2090-12-01,56.55717944863176
2090-12-02,48.626586933838205
2090-12-03,42.353632933517545
2090-12-04,37.48803660349166
2090-12-05,34.19522063512666
2090-12-06,34.108291209091924
2090-12-07,31.637934245799958
2090-12-08,29.07495828817395
2090-12-09,27.03744942550081
2090-12-10,25.404195254804705
2090-12-11,24.083912925800746
2090-12-12,23.007433386302775
2090-12-13,27.670451157016583
2090-12-14,45.81483503594026
2090-12-15,48.63041897133988
2090-12-16,44.35025578068422
2090-12-17,71.75520643501439
2090-12-18,197.14263144409492
2090-12-19,270.93257401175924
2090-12-20,272.828718978418
2090-12-21,204.1729464249272
2090-12-22,162.09013339546513
2090-12-23,175.3112144272337
2090-12-24,278.4166504932905
2090-12-25,337.198579349083
2090-12-26,366.45482252562095
2090-12-27,268.5783980844596
2090-12-28,205.04024584535787
2090-12-29,181.17945809245919
2090-12-30,150.82600839918314
2090-12-31,135.31334949642303
2091-01-01,115.73420605954296
2091-01-02,96.14056535596644
2091-01-03,80.84861469747466
2091-01-04,69.31273651441539
2091-01-05,70.6737590487159
2091-01-06,96.39157513001176
2091-01-07,101.94656842920556
2091-01-08,99.05723240684851
2091-01-09,85.57370927629965
2091-01-10,73.03203906865241
2091-01-11,65.22373828619912
2091-01-12,70.19824111006857
2091-01-13,103.1503361271467
2091-01-14,163.7684849107291
2091-01-15,191.0873361919304
2091-01-16,322.74877754861626
2091-01-17,389.04973576074855
2091-01-18,413.47880767565334
2091-01-19,401.2005122855228
2091-01-20,287.37710182783525
2091-01-21,212.0109202462919
2091-01-22,169.6848446263635
2091-01-23,138.47235461620326
2091-01-24,119.64709184933024
2091-01-25,115.90494671472827
2091-01-26,189.6418496798923
2091-01-27,380.29204623492296
2091-01-28,336.1896318378087
2091-01-29,323.57599839842084
2091-01-30,263.89877057764005
2091-01-31,257.69786301430565
2091-02-01,293.826327291614
2091-02-02,250.34161575779186
2091-02-03,255.5759195060375
2091-02-04,265.177069056417
2091-02-05,257.96621393851973
2091-02-06,256.52874715644646
2091-02-07,303.22357951345356
2091-02-08,254.85501978409636
2091-02-09,227.19764151439446
2091-02-10,216.65033237207695
2091-02-11,203.21367170841174
2091-02-12,179.54131822702217
2091-02-13,175.86599935453276
2091-02-14,161.6469333970166
2091-02-15,142.74111613153852
2091-02-16,122.1364787166814
2091-02-17,108.57404906345856
2091-02-18,101.63717332584174
2091-02-19,90.59365931459932
2091-02-20,89.02991482244657
2091-02-21,120.88482114630266
2091-02-22,161.15048590786466
2091-02-23,192.00105926853146
2091-02-24,294.9346421097823
2091-02-25,294.5991629276104
2091-02-26,265.4653968496862
2091-02-27,340.1382354595689
2091-02-28,334.65919792453644
2091-03-01,258.6888632452097
2091-03-02,206.78374126466485
2091-03-03,184.9962675290022
2091-03-04,156.29319626224688
2091-03-05,143.11252803710622
2091-03-06,172.8948530261226
2091-03-07,158.6216439300731
2091-03-08,140.1466195548708
2091-03-09,125.90537230734408
2091-03-10,109.97995712957292
2091-03-11,98.31633927726541
2091-03-12,100.75531856484064
2091-03-13,112.29169185500525
2091-03-14,124.43437245607863
2091-03-15,162.57973035341394
2091-03-16,163.36163205237708
2091-03-17,184.32910085422807
2091-03-18,214.3142245306325
2091-03-19,191.2855368928617
2091-03-20,158.8397554460163
2091-03-21,133.69976534035914
2091-03-22,135.26850451836074
2091-03-23,183.87332535869803
2091-03-24,169.565947571838
2091-03-25,154.9108502541504
2091-03-26,159.47076732980943
2091-03-27,148.13031789225602
2091-03-28,141.00331943759213
2091-03-29,125.19540687510046
2091-03-30,109.20574193674985
2091-03-31,98.15060358651834
2091-04-01,92.51813544457663
2091-04-02,85.45679019429161
2091-04-03,78.64048219315423
2091-04-04,73.27779922901122
2091-04-05,69.0368571065185
2091-04-06,65.6466135945901
2091-04-07,69.04269877105834
2091-04-08,88.85297640833583
2091-04-09,85.75238576793907
2091-04-10,82.21638437109026
2091-04-11,94.99917512779272
2091-04-12,99.77201672197144
2091-04-13,113.17273838371068
2091-04-14,126.68984446980768
2091-04-15,114.85428329560585
2091-04-16,100.47895038959622
2091-04-17,89.57891782534575
2091-04-18,85.53304007343637
2091-04-19,93.15080582907494
2091-04-20,87.42556981709912
2091-04-21,79.43726980499243
2091-04-22,73.2435558155547
2091-04-23,68.39156189079632
2091-04-24,64.54940764719807
2091-04-25,65.28696152118415
2091-04-26,83.37334049544248
2091-04-27,101.62511526887174
2091-04-28,94.42746430927598
2091-04-29,84.49007114230876
2091-04-30,76.84666770247131
2091-05-01,70.90764091648117
2091-05-02,66.24462805109347
2091-05-03,63.03750811954814
2091-05-04,62.09042851847244
2091-05-05,60.15309029089236
2091-05-06,57.59216900263717
2091-05-07,55.6941544062558
2091-05-08,63.62498231884964
2091-05-09,90.64186718425542
2091-05-10,87.6139305519316
2091-05-11,80.30605653222908
2091-05-12,78.46372400179573
2091-05-13,73.42976208974348
2091-05-14,68.60304614340781
2091-05-15,64.06232750374078
2091-05-16,60.322540129845116
2091-05-17,57.32841493375518
2091-05-18,54.90596914227146
2091-05-19,52.92476004357169
2091-05-20,51.28627539131213
2091-05-21,49.915607909576046
2091-05-22,48.75543412176321
2091-05-23,47.76162285954447
2091-05-24,46.90208505949047
2091-05-25,46.150876080621394
2091-05-26,45.47842124940169
2091-05-27,45.60624493010284
2091-05-28,48.62363047016378
2091-05-29,48.73710217500431
2091-05-30,47.38709344186878
2091-05-31,46.245926117952024
2091-06-01,48.20009063962164
2091-06-02,55.81748065029645
2091-06-03,54.63466574059859
2091-06-04,53.468389680740124
2091-06-05,51.977746701311595
2091-06-06,50.08249173521914
2091-06-07,48.13412740378394
2091-06-08,46.524501516385605
2091-06-09,45.18659644601673
2091-06-10,44.061676936584824
2091-06-11,43.107559016937984
2091-06-12,42.28413236867724
2091-06-13,41.565615534590655
2091-06-14,40.93217167711715
2091-06-15,40.36723636101347
2091-06-16,39.8577499181688
2091-06-17,39.39337504535205
2091-06-18,38.96589465029618
2091-06-19,38.78287770227853
2091-06-20,38.99005350803504
2091-06-21,38.66181217698915
2091-06-22,39.3920436333743
2091-06-23,40.6910671274128
2091-06-24,39.85276561865701
2091-06-25,39.05680278289626
2091-06-26,38.368408167876815
2091-06-27,37.76566915600057
2091-06-28,37.23150199247252
2091-06-29,36.75252711167975
2091-06-30,36.31821529631434
2091-07-01,35.920242499694716
2091-07-02,35.55199959431698
2091-07-03,35.20821671674505
2091-07-04,34.884675971448424
2091-07-05,34.57798850236063
2091-07-06,34.28542151686394
2091-07-07,34.004763627299525
2091-07-08,33.73421930609583
2091-07-09,33.69558245177985
2091-07-10,34.48209144074988
2091-07-11,37.50122313607673
2091-07-12,38.90882259716036
2091-07-13,38.93422367739286
2091-07-14,41.18330727251527
2091-07-15,41.33554016674052
2091-07-16,39.37144618910697
2091-07-17,37.827664626675364
2091-07-18,36.56130890965902
2091-07-19,35.551159335125995
2091-07-20,34.79402577602546
2091-07-21,34.67118410303366
2091-07-22,35.58729898988607
2091-07-23,34.769334417591566
2091-07-24,33.9048315764831
2091-07-25,33.540789089189765
2091-07-26,34.439374611336476
2091-07-27,33.851425953295895
2091-07-28,33.056885458130616
2091-07-29,32.354688833285586
2091-07-30,31.750161074452937
2091-07-31,31.223694338603053
2091-08-01,30.759926617662497
2091-08-02,30.34676546441618
2091-08-03,29.97464948099182
2091-08-04,29.635986413551077
2091-08-05,29.326035758764032
2091-08-06,29.037797357124663
2091-08-07,28.775294266230816
2091-08-08,36.19168681816242
2091-08-09,51.57567717607852
2091-08-10,57.82857012579701
2091-08-11,56.48360083891709
2091-08-12,54.073298919703255
2091-08-13,48.9468168061814
2091-08-14,54.1563466842449
2091-08-15,67.49245394316914
2091-08-16,62.201814273592696
2091-08-17,55.64386043473985
2091-08-18,49.968377257683244
2091-08-19,45.42856450813226
2091-08-20,41.8641426279894
2091-08-21,39.04117869021682
2091-08-22,36.78580228676659
2091-08-23,34.96778147737607
2091-08-24,33.488857543596055
2091-08-25,32.274388991852035
2091-08-26,31.26731225937947
2091-08-27,30.60336772843078
2091-08-28,30.323454992088383
2091-08-29,29.692139490772192
2091-08-30,30.23632489816416
2091-08-31,31.697723110664924
2091-09-01,31.056435950180276
2091-09-02,30.134229902148306
2091-09-03,29.315141834237888
2091-09-04,28.624782841386217
2091-09-05,28.03630809102071
2091-09-06,27.528892559941056
2091-09-07,27.08629684004511
2091-09-08,27.049686530287314
2091-09-09,28.341256330695384
2091-09-10,27.886604241926168
2091-09-11,27.287183701876998
2091-09-12,26.77238280220295
2091-09-13,26.323991006934218
2091-09-14,25.929179226703727
2091-09-15,25.577791993288187
2091-09-16,25.26175692896524
2091-09-17,24.97463215383726
2091-09-18,24.71125762726118
2091-09-19,24.46748524487147
2091-09-20,24.240246983760215
2091-09-21,24.026926191211505
2091-09-22,23.831669161071243
2091-09-23,23.662108827193304
2091-09-24,23.476973344042772
2091-09-25,23.294236705304836
2091-09-26,23.118208795595393
2091-09-27,22.947937005459437
2091-09-28,22.782636585310886
2091-09-29,22.621659395476343
2091-09-30,22.464468672452785
2091-10-01,22.31061869141577
2091-10-02,22.159738327465536
2091-10-03,22.01151773133134
2091-10-04,21.865697500715807
2091-10-05,21.722059857352168
2091-10-06,21.580421440622686
2091-10-07,21.440627407660926
2091-10-08,21.30254659212051
2091-10-09,21.166067522974945
2091-10-10,21.031095143688407
2091-10-11,20.897548103078762
2091-10-12,20.765356513893234
2091-10-13,20.634460094865094
2091-10-14,20.50480662785134
2091-10-15,20.376350674377786
2091-10-16,20.249052506174035
2091-10-17,20.122877212566838
2091-10-18,19.997793954310552
2091-10-19,22.19033010645308
2091-10-20,24.56152031658239
2091-10-21,23.227306536883713
2091-10-22,31.0706415352969
2091-10-23,40.698970437929525
2091-10-24,38.84461680867972
2091-10-25,41.3784878352317
2091-10-26,39.70014068743622
2091-10-27,35.74520209724457
2091-10-28,32.52063337308494
2091-10-29,32.69898886597623
2091-10-30,35.481705528575716
2091-10-31,32.492081282042385
2091-11-01,29.938371442078132
2091-11-02,27.925179908696965
2091-11-03,38.45226832418678
2091-11-04,63.717726361217636
2091-11-05,59.06186539591769
2091-11-06,53.987461558919286
2091-11-07,47.66933342876906
2091-11-08,44.078890177507425
2091-11-09,39.882308359896946
2091-11-10,36.89312618216631
2091-11-11,33.60083921625605
2091-11-12,31.805060006964805
2091-11-13,33.545988103873874
2091-11-14,33.71457827604572
2091-11-15,34.42907097305396
2091-11-16,40.43612546012556
2091-11-17,37.74301974590541
2091-11-18,34.15991260126873
2091-11-19,31.31426518957092
2091-11-20,29.05432989195535
2091-11-21,27.24520088215453
2091-11-22,25.785244571816502
2091-11-23,24.617452328790865
2091-11-24,23.99963922255853
2091-11-25,23.435970472805398
2091-11-26,40.24901733593023
2091-11-27,91.885617454199
2091-11-28,86.48595108917414
2091-11-29,72.99384417040139
2091-11-30,70.45201634075981
2091-12-01,71.64898317721007
2091-12-02,67.44862046939032
2091-12-03,71.2751327079904
2091-12-04,62.205624338586716
2091-12-05,55.91461140773604
2091-12-06,67.08961312653004
2091-12-07,92.80838516732655
2091-12-08,91.12319951154063
2091-12-09,93.37244943791592
2091-12-10,127.57097880429404
2091-12-11,111.64410363948052
2091-12-12,100.0133340295415
2091-12-13,110.74913423756918
2091-12-14,107.09433805079158
2091-12-15,118.20075503608508
2091-12-16,146.57871368530638
2091-12-17,306.3159639618022
2091-12-18,269.6055779942443
2091-12-19,200.61914100450974
2091-12-20,170.1989366765583
2091-12-21,180.20857068165597
2091-12-22,160.84594165209074
2091-12-23,155.08375568959534
2091-12-24,176.29827115854445
2091-12-25,215.17552325294244
2091-12-26,186.30982112606867
2091-12-27,165.47471840647177
2091-12-28,155.21181700435125
2091-12-29,129.92235619672437
2091-12-30,108.7147783148169
2091-12-31,103.61511330339938
2092-01-01,103.70730242478783
2092-01-02,89.37430706275836
2092-01-03,76.45914572369372
2092-01-04,66.65667582591455
2092-01-05,59.144435531417066
2092-01-06,53.3329978836634
2092-01-07,48.79585267436167
2092-01-08,45.221281353803505
2092-01-09,42.37936422778019
2092-01-10,40.09920991435847
2092-01-11,38.65766652395006
2092-01-12,51.056663111786584
2092-01-13,96.38145530266932
2092-01-14,110.91232568184734
2092-01-15,153.86770108603574
2092-01-16,141.1498923062005
2092-01-17,126.41605868742245
2092-01-18,106.09088679192554
2092-01-19,89.11428586282203
2092-01-20,76.37308967359529
2092-01-21,74.21112986852387
2092-01-22,97.57927146138361
2092-01-23,91.38216830088822
2092-01-24,79.5409192522837
2092-01-25,71.68605384343866
2092-01-26,70.3497963229986
2092-01-27,65.2625771625931
2092-01-28,69.31298965147668
2092-01-29,89.81438517278026
2092-01-30,117.5090924039826
2092-01-31,103.82350109980304
2092-02-01,87.63700282107084
2092-02-02,75.4573692562867
2092-02-03,66.19922800684178
2092-02-04,59.092062237277275
2092-02-05,53.58387535597732
2092-02-06,49.27488371080674
2092-02-07,45.87263647399607
2092-02-08,43.844614842445736
2092-02-09,48.8362221410871
2092-02-10,61.38177631787767
2092-02-11,64.3539525152267
2092-02-12,93.78848697276351
2092-02-13,129.52686127485694
2092-02-14,134.43043569277154
2092-02-15,168.33993416863868
2092-02-16,193.12138380173488
2092-02-17,184.37046994620354
2092-02-18,153.5226655724148
2092-02-19,129.86925258907522
2092-02-20,123.22154887353587
2092-02-21,105.85445382748337
2092-02-22,90.48562146328806
2092-02-23,80.55569911000121
2092-02-24,71.80560090704371
2092-02-25,64.83907812322457
2092-02-26,59.737384448175
2092-02-27,62.187506475176235
2092-02-28,59.71368199273286
2092-02-29,54.734378939271615
2092-03-01,50.56806363729223
2092-03-02,47.27172344919139
2092-03-03,44.639338297658774
2092-03-04,42.51661885814715
2092-03-05,40.78774003099415
2092-03-06,39.36511162769619
2092-03-07,38.18204093702401
2092-03-08,37.18742127486474
2092-03-09,36.341854209946455
2092-03-10,35.617186721020865
2092-03-11,34.9899182455079
2092-03-12,34.43327171462916
2092-03-13,43.05702614478801
2092-03-14,83.85733171082519
2092-03-15,112.41109081016714
2092-03-16,149.85712887462213
2092-03-17,241.3621043410436
2092-03-18,249.7439721640509
2092-03-19,223.29485819538726
2092-03-20,181.38341513887204
2092-03-21,145.62905532625598
2092-03-22,119.37504985195329
2092-03-23,107.8930471233215
2092-03-24,129.302084156706
2092-03-25,168.53810512253656
2092-03-26,210.4969733471382
2092-03-27,191.52389223509488
2092-03-28,163.17612308236892
2092-03-29,168.37931405496366
2092-03-30,199.67121019394844
2092-03-31,250.0745982348127
2092-04-01,272.16808287616436
2092-04-02,253.87470936640764
2092-04-03,242.392396988256
2092-04-04,209.78523862041618
2092-04-05,211.54480132058097
2092-04-06,293.18720678355385
2092-04-07,300.0009350143041
2092-04-08,243.2222016699976
2092-04-09,222.5781408831074
2092-04-10,280.199442224566
2092-04-11,240.3195011867053
2092-04-12,192.01929051219113
2092-04-13,156.85770291894525
2092-04-14,135.12904385572642
2092-04-15,126.14107801440103
2092-04-16,134.83088056594644
2092-04-17,138.94986794613544
2092-04-18,121.65402773713777
2092-04-19,106.28283047016747
2092-04-20,99.76328913933969
2092-04-21,90.24170163880028
2092-04-22,80.64386330793063
2092-04-23,77.90730896801547
2092-04-24,84.09871222631911
2092-04-25,78.0983180894897
2092-04-26,71.17977160424707
2092-04-27,65.78568928539559
2092-04-28,65.87697327179862
2092-04-29,79.0429496960256
2092-04-30,78.51720077320776
2092-05-01,72.67788855666754
2092-05-02,66.88837085799784
2092-05-03,62.247846242114655
2092-05-04,58.560653701665395
2092-05-05,55.61061150652671
2092-05-06,53.22534335828167
2092-05-07,51.27572849025852
2092-05-08,49.66434123687174
2092-05-09,48.31715620322591
2092-05-10,47.17755998337896
2092-05-11,46.201990339454454
2092-05-12,45.35673468646203
2092-05-13,44.615561779225665
2092-05-14,43.95795723775694
2092-05-15,43.367800120862114
2092-05-16,42.83236402163994
2092-05-17,42.514873084324655
2092-05-18,43.25548211371258
2092-05-19,46.26590944457836
2092-05-20,46.15041895898624
2092-05-21,55.011215555730864
2092-05-22,80.09431190797466
2092-05-23,84.87201754649386
2092-05-24,76.93956984937059
2092-05-25,68.95684096902693
2092-05-26,62.77567258908951
2092-05-27,57.94417084241791
2092-05-28,54.131423761668835
2092-05-29,51.09347562573561
2092-05-30,48.64896509074733
2092-05-31,46.66201068681736
2092-06-01,45.030063665422034
2092-06-02,46.98092309195933
2092-06-03,58.10522006179463
2092-06-04,61.99895913192037
2092-06-05,58.18771074239688
2092-06-06,53.98891996126962
2092-06-07,50.66184945701446
2092-06-08,47.99980950600429
2092-06-09,45.84864579942616
2092-06-10,44.092513498579905
2092-06-11,42.643730117398995
2092-06-12,41.43548310307918
2092-06-13,40.4268704281362
2092-06-14,39.69191662770647
2092-06-15,38.97852065858583
2092-06-16,38.3688060233405
2092-06-17,37.75334062643146
2092-06-18,37.32764165156747
2092-06-19,37.153886804851574
2092-06-20,36.724060020055006
2092-06-21,36.23983816325522
2092-06-22,37.606456706475065
2092-06-23,43.95551023932024
2092-06-24,44.68651760443839
2092-06-25,43.36251875327332
2092-06-26,41.48440880556186
2092-06-27,39.918109494489265
2092-06-28,38.624454688190326
2092-06-29,37.54469464892204
2092-06-30,36.633534689537065
2092-07-01,35.855964034421135
2092-07-02,35.18477703867383
2092-07-03,34.6205493339902
2092-07-04,34.11571086147121
2092-07-05,33.64788223639041
2092-07-06,33.2258537432397
2092-07-07,32.84140548656196
2092-07-08,33.46935105018031
2092-07-09,38.44713328916899
2092-07-10,40.155871015829376
2092-07-11,38.40143447340008
2092-07-12,36.90560326138543
2092-07-13,35.673556317715445
2092-07-14,34.64712314041475
2092-07-15,33.782802847590176
2092-07-16,33.04695600825682
2092-07-17,32.41343138669629
2092-07-18,31.861797321267062
2092-07-19,31.389514166873326
2092-07-20,31.615511654230176
2092-07-21,33.838245036785544
2092-07-22,33.52427012188652
2092-07-23,32.63679042915255
2092-07-24,32.28425310858383
2092-07-25,33.56457053329495
2092-07-26,32.705731207925446
2092-07-27,31.838089964924464
2092-07-28,31.103990433577057
2092-07-29,30.47516161918733
2092-07-30,29.930460896758337
2092-07-31,29.453314758096614
2092-08-01,29.030671208832704
2092-08-02,28.652206376462043
2092-08-03,28.30972020179391
2092-08-04,27.99667365463218
2092-08-05,27.70783250694552
2092-08-06,27.438991788930313
2092-08-07,27.186761663918464
2092-08-08,26.948400296136043
2092-08-09,28.857147813290208
2092-08-10,33.714869160183504
2092-08-11,35.182759919957995
2092-08-12,35.94768813913827
2092-08-13,35.45886644356682
2092-08-14,34.1940929246295
2092-08-15,32.96581709870895
2092-08-16,31.66174708402677
2092-08-17,30.436593777079455
2092-08-18,29.706759386858135
2092-08-19,30.36633592219577
2092-08-20,35.57507375895903
2092-08-21,46.73744331633343
2092-08-22,53.5787410778585
2092-08-23,48.78777638930415
2092-08-24,44.15912106089482
2092-08-25,40.24944518235447
2092-08-26,37.167629933282974
2092-08-27,34.71892884932062
2092-08-28,32.756485805544706
2092-08-29,31.169934631158966
2092-08-30,29.875731829585874
2092-08-31,29.33470908109464
2092-09-01,30.36916553972323
2092-09-02,30.670251829665162
2092-09-03,33.926305122570504
2092-09-04,35.2848888857414
2092-09-05,42.911992308950424
2092-09-06,62.98663451368403
2092-09-07,75.2830326661691
2092-09-08,94.7572638166731
2092-09-09,90.39841987630774
2092-09-10,80.97189829700457
2092-09-11,69.72066289740332
2092-09-12,60.00639631449041
2092-09-13,52.67588879624583
2092-09-14,47.474008556596324
2092-09-15,43.0127547699171
2092-09-16,39.34575366539764
2092-09-17,36.44696766599558
2092-09-18,34.13628108604802
2092-09-19,32.278610613257506
2092-09-20,30.77208765833316
2092-09-21,29.53935760819138
2092-09-22,28.560529548342842
2092-09-23,27.766431219106092
2092-09-24,27.03961712652354
2092-09-25,26.419352017470416
2092-09-26,26.42259378231501
2092-09-27,28.58192705226935
2092-09-28,28.750226963898793
2092-09-29,27.799555436275167
2092-09-30,26.92911536654648
2092-10-01,26.26737137171736
2092-10-02,26.033469677462943
2092-10-03,25.561972138924418
2092-10-04,25.013143080015784
2092-10-05,24.5398822418839
2092-10-06,24.127587934327863
2092-10-07,26.113577216996788
2092-10-08,31.360586324237527
2092-10-09,30.036443885482942
2092-10-10,28.527612744800848
2092-10-11,27.296650024906892
2092-10-12,26.28399623206535
2092-10-13,25.443278087349977
2092-10-14,24.738654905200097
2092-10-15,24.14227725126338
2092-10-16,23.632395260523186
2092-10-17,23.191941174696066
2092-10-18,22.80746055194731
2092-10-19,22.46830159940927
2092-10-20,22.16599683500767
2092-10-21,21.89378893660061
2092-10-22,21.646265317454702
2092-10-23,21.419075142563177
2092-10-24,21.208709184503473
2092-10-25,21.012327818364234
2092-10-26,20.827626070677344
2092-10-27,20.65445243682405
2092-10-28,20.517888447253252
2092-10-29,20.38738691381138
2092-10-30,20.22547082550364
2092-10-31,20.06972889931035
2092-11-01,19.91965313459129
2092-11-02,19.77444467506137
2092-11-03,19.633444393089192
2092-11-04,19.49610702977322
2092-11-05,19.36198035676228
2092-11-06,20.175919634417895
2092-11-07,25.281154576549664
2092-11-08,32.69102242929294
2092-11-09,59.92528608906864
2092-11-10,98.49867321336292
2092-11-11,89.8505356669536
2092-11-12,74.56646154648382
2092-11-13,63.31699976822906
2092-11-14,57.41305218686434
2092-11-15,68.71766214930992
2092-11-16,139.4704781985446
2092-11-17,201.7524465716699
2092-11-18,172.12878399581425
2092-11-19,137.56703940280929
2092-11-20,113.02008071619007
2092-11-21,92.13347773969758
2092-11-22,76.45065522109536
2092-11-23,64.64740001554087
2092-11-24,55.677824077627996
2092-11-25,48.799102472445355
2092-11-26,43.47754805514449
2092-11-27,39.32567018294992
2092-11-28,36.05938958338155
2092-11-29,50.538807006920045
2092-11-30,104.9180992314336
2092-12-01,105.49071594797596
2092-12-02,138.12770613343827
2092-12-03,245.99514644515384
2092-12-04,309.67507669862147
2092-12-05,236.5896355431569
2092-12-06,190.7595887572527
2092-12-07,181.1575242584588
2092-12-08,172.44483666566757
2092-12-09,153.42374223542774
2092-12-10,147.3562861905032
2092-12-11,128.9623030750842
2092-12-12,110.18887001937406
2092-12-13,102.33776571738134
2092-12-14,150.485654885324
2092-12-15,282.9687691577483
2092-12-16,318.7295632937821
2092-12-17,634.671662427432
2092-12-18,770.7135264250122
2092-12-19,536.3619170880527
2092-12-20,363.2184035134355
2092-12-21,305.30039531745894
2092-12-22,295.4500069078934
2092-12-23,288.50223834003833
2092-12-24,230.15249617820675
2092-12-25,182.23705129417826
2092-12-26,152.62209492715314
2092-12-27,144.19820840521598
2092-12-28,139.8421308710346
2092-12-29,128.70775434289098
2092-12-30,116.88176934516167
2092-12-31,115.59868201988915
2093-01-01,132.530544449063
2093-01-02,136.97177148357434
2093-01-03,119.7115370283737
2093-01-04,102.2521410465442
2093-01-05,94.30668045013341
2093-01-06,104.28979001118567
2093-01-07,112.81869204519303
2093-01-08,130.112441832358
2093-01-09,144.70669053863145
2093-01-10,125.99342126663551
2093-01-11,106.58651654499734
2093-01-12,92.04196347608017
2093-01-13,91.12670708036279
2093-01-14,119.71415862965665
2093-01-15,138.730740877537
2093-01-16,123.25074692370737
2093-01-17,126.83366975363403
2093-01-18,186.18140170052882
2093-01-19,166.94051359467855
2093-01-20,141.51503834138524
2093-01-21,145.4393285787922
2093-01-22,138.92311637336977
2093-01-23,128.28725088055006
2093-01-24,166.20837013245134
2093-01-25,317.3018798755848
2093-01-26,270.37798508391785
2093-01-27,208.4755111647864
2093-01-28,168.07166055176074
2093-01-29,176.26194648614953
2093-01-30,310.09829206262197
2093-01-31,396.4516780454039
2093-02-01,397.5904588009434
2093-02-02,583.3191534725639
2093-02-03,745.0017505522202
2093-02-04,540.1232376703509
2093-02-05,434.5569560628331
2093-02-06,590.0185559179112
2093-02-07,442.90472896228493
2093-02-08,306.0984750996498
2093-02-09,252.71972643540516
2093-02-10,207.2204098353533
2093-02-11,170.33048661088498
2093-02-12,143.3062990078358
2093-02-13,123.26070984265165
2093-02-14,108.21478760095412
2093-02-15,96.79355141906564
2093-02-16,88.02872382956444
2093-02-17,88.05151362740501
2093-02-18,107.33428524668876
2093-02-19,102.74329993067131
2093-02-20,95.37560047326411
2093-02-21,87.59362935296008
2093-02-22,80.79142528115308
2093-02-23,83.38948244511153
2093-02-24,100.44789406541956
2093-02-25,95.69458124874915
2093-02-26,87.33319066130173
2093-02-27,81.52490753408598
2093-02-28,76.21828610746043
2093-03-01,71.75424993740204
2093-03-02,68.00166617342062
2093-03-03,64.95816174641085
2093-03-04,62.48355539524173
2093-03-05,60.44802811956408
2093-03-06,58.75359389094954
2093-03-07,57.325779449735876
2093-03-08,61.511215980499486
2093-03-09,85.24884710341217
2093-03-10,90.73084821053926
2093-03-11,83.87273229059439
2093-03-12,76.79773042019303
2093-03-13,71.27933874060939
2093-03-14,68.00295474309793
2093-03-15,67.29223137397292
2093-03-16,64.24169744414176
2093-03-17,61.25147464646296
2093-03-18,60.96200971684854
2093-03-19,68.28450590684189
2093-03-20,85.52603795557962
2093-03-21,103.33723182906645
2093-03-22,102.82352494246838
2093-03-23,119.6525574326728
2093-03-24,193.3833329840401
2093-03-25,193.47499761473082
2093-03-26,183.27966999612082
2093-03-27,169.3834651737589
2093-03-28,148.57100131260623
2093-03-29,126.97292501480051
2093-03-30,111.82359215449871
2093-03-31,99.80300977597845
2093-04-01,89.00290987988679
2093-04-02,80.51898215161134
2093-04-03,76.58232296491309
2093-04-04,79.81673864728556
2093-04-05,75.30879845607065
2093-04-06,69.77866713108824
2093-04-07,67.87768240248204
2093-04-08,73.97848045559986
2093-04-09,72.24658726697557
2093-04-10,70.40878149291467
2093-04-11,75.41434421973418
2093-04-12,71.29149035715388
2093-04-13,66.36645037639671
2093-04-14,62.46781241744583
2093-04-15,60.09727281348402
2093-04-16,58.557172257912754
2093-04-17,56.25289776497569
2093-04-18,54.26151220723083
2093-04-19,52.6132439464331
2093-04-20,51.23306320900091
2093-04-21,50.06356688389487
2093-04-22,49.060572451231344
2093-04-23,48.25623984076668
2093-04-24,47.5875025672942
2093-04-25,49.67429574503802
2093-04-26,58.87292712076705
2093-04-27,58.76270453188022
2093-04-28,56.302710115338364
2093-04-29,54.01493498149793
2093-04-30,51.858227620126314
2093-05-01,50.085021764765315
2093-05-02,48.6133745719599
2093-05-03,47.37787462249393
2093-05-04,46.32835762304188
2093-05-05,45.42612415644195
2093-05-06,44.641152901302405
2093-05-07,43.95003219748862
2093-05-08,43.33441416978732
2093-05-09,42.77985187038258
2093-05-10,42.274919168507104
2093-05-11,41.81054077310386
2093-05-12,41.37947941767318
2093-05-13,40.9774392958894
2093-05-14,40.59997430532375
2093-05-15,40.2376632038602
2093-05-16,39.89156072946974
2093-05-17,39.55917890803592
2093-05-18,39.23848854706004
2093-05-19,38.92783206143047
2093-05-20,38.62585122030489
2093-05-21,38.33626292917145
2093-05-22,38.092415819353256
2093-05-23,37.808864313192444
2093-05-24,37.5256088048233
2093-05-25,37.37134908097667
2093-05-26,37.46540580999207
2093-05-27,37.22986909141255
2093-05-28,36.88965917304434
2093-05-29,36.5665070881618
2093-05-30,36.26666820463207
2093-05-31,36.13190559697412
2093-06-01,36.132831476055294
2093-06-02,35.85795745805736
2093-06-03,35.51879929580761
2093-06-04,35.19870340373536
2093-06-05,34.8946681846623
2093-06-06,34.604107716236804
2093-06-07,34.32492899971753
2093-06-08,34.05543223274462
2093-06-09,33.794293133731294
2093-06-10,33.540494411034885
2093-06-11,33.29270919703844
2093-06-12,33.05033473925216
2093-06-13,32.81281038998342
2093-06-14,32.579612818888776
2093-06-15,32.35030744112455
2093-06-16,32.12849578127672
2093-06-17,31.931043297266257
2093-06-18,31.72933721959325
2093-06-19,31.50657837529347
2093-06-20,31.287159457616088
2093-06-21,31.070988387449063
2093-06-22,30.857851025320514
2093-06-23,30.65074890277461
2093-06-24,30.508929115644435
2093-06-25,30.563697437824448
2093-06-26,30.579008543981956
2093-06-27,30.899150649014686
2093-06-28,30.952521512549666
2093-06-29,32.216724239258184
2093-06-30,35.919467673751306
2093-07-01,36.69123945080612
2093-07-02,35.57899267242047
2093-07-03,34.28116875332358
2093-07-04,33.1388306275839
2093-07-05,32.190099842238475
2093-07-06,31.393517259422477
2093-07-07,30.717561369921825
2093-07-08,30.135686353243287
2093-07-09,29.631201494096292
2093-07-10,29.336561519500517
2093-07-11,29.285570174799492
2093-07-12,28.91585002978
2093-07-13,28.516054375999214
2093-07-14,28.16641907896943
2093-07-15,27.953330193700257
2093-07-16,27.911462136479656
2093-07-17,28.28511667469345
2093-07-18,29.746072077220635
2093-07-19,29.241164808336382
2093-07-20,28.644273698461916
2093-07-21,28.38647461240952
2093-07-22,29.256064354193793
2093-07-23,29.760554577272305
2093-07-24,31.420342207449753
2093-07-25,31.867014734506707
2093-07-26,30.624493411285826
2093-07-27,29.56399651071155
2093-07-28,28.687423674217403
2093-07-29,27.951579604804678
2093-07-30,27.327448603910202
2093-07-31,26.792421567434417
2093-08-01,26.328798526427278
2093-08-02,27.590471997296902
2093-08-03,30.999083926220468
2093-08-04,32.012133920527596
2093-08-05,31.783762929525476
2093-08-06,30.27895870982222
2093-08-07,29.05325158960801
2093-08-08,29.76913657094666
2093-08-09,33.75661310147897
2093-08-10,37.06314301393575
2093-08-11,42.191360148659506
2093-08-12,43.97657321282153
2093-08-13,42.36824345768727
2093-08-14,39.23450367268298
2093-08-15,41.388074186748156
2093-08-16,47.78102179175065
2093-08-17,43.48251636501515
2093-08-18,39.44053462495833
2093-08-19,36.26519154690288
2093-08-20,33.74712128983548
2093-08-21,31.733726924271284
2093-08-22,30.11030491402862
2093-08-23,28.79002772738535
2093-08-24,27.706734430022106
2093-08-25,26.80969892193734
2093-08-26,26.059802419339874
2093-08-27,25.426711884771745
2093-08-28,24.886785084951573
2093-08-29,24.421504628051384
2093-08-30,24.01671679338919
2093-08-31,23.661350261336338
2093-09-01,23.34384901575926
2093-09-02,23.058537021544605
2093-09-03,22.79958448737786
2093-09-04,22.672277386123614
2093-09-05,22.792838259538446
2093-09-06,22.616016892383726
2093-09-07,22.550867019417662
2093-09-08,23.059836043066777
2093-09-09,22.82199177963135
2093-09-10,22.463782887977242
2093-09-11,22.14734245121495
2093-09-12,21.864820690463713
2093-09-13,21.609979037233973
2093-09-14,21.37782552472335
2093-09-15,21.16435122434918
2093-09-16,20.966325518637884
2093-09-17,20.781136365726645
2093-09-18,20.606665137584546
2093-09-19,20.44118815076683
2093-09-20,20.283298897139428
2093-09-21,20.131846395865715
2093-09-22,19.9858861519493
2093-09-23,19.844641011369415
2093-09-24,19.70746981442962
2093-09-25,19.573842215869472
2093-09-26,19.48528004915233
2093-09-27,20.754938530867765
2093-09-28,24.043147811350593
2093-09-29,23.241375965682078
2093-09-30,22.33981003824032
2093-10-01,21.65459708769403
2093-10-02,21.095683304813242
2093-10-03,22.088834693004017
2093-10-04,24.468349262607944
2093-10-05,23.842223070178076
2093-10-06,24.052943897455393
2093-10-07,22.931070689860707
2093-10-08,22.051376288953637
2093-10-09,21.32342887742285
2093-10-10,20.71528883772815
2093-10-11,20.54368247367106
2093-10-12,22.151090860971255
2093-10-13,21.47812679990993
2093-10-14,20.78252548227982
2093-10-15,30.902681275462026
2093-10-16,55.187479834223865
2093-10-17,66.55770792854315
2093-10-18,93.44588252965146
2093-10-19,86.4891186216672
2093-10-20,71.64574929933438
2093-10-21,65.4813375939027
2093-10-22,84.2126887108163
2093-10-23,109.75610863069257
2093-10-24,95.66891805813621
2093-10-25,78.39933820002717
2093-10-26,65.40006333716634
2093-10-27,55.59289539717488
2093-10-28,62.64347969957647
2093-10-29,121.16428997242663
2093-10-30,173.0326714908517
2093-10-31,160.6009886501864
2093-11-01,129.73976629669747
2093-11-02,106.07267799988172
2093-11-03,93.33190211099723
2093-11-04,79.50426973334436
2093-11-05,72.57300419341686
2093-11-06,69.39502936833016
2093-11-07,63.792818148151895
2093-11-08,55.82105241609387
2093-11-09,50.55405238276379
2093-11-10,52.41618489718247
2093-11-11,49.228317321440244
2093-11-12,50.44517061264721
2093-11-13,60.35791211077512
2093-11-14,84.82601993119154
2093-11-15,84.12953881631314
2093-11-16,84.62032325954182
2093-11-17,90.4496638846701
2093-11-18,109.9401174272969
2093-11-19,103.76532221510523
2093-11-20,91.93820495172419
2093-11-21,84.11859158973404
2093-11-22,74.7791523381687
2093-11-23,74.77355876083583
2093-11-24,79.31564361591039
2093-11-25,88.35362902959339
2093-11-26,122.63632320239088
2093-11-27,120.84901746755502
2093-11-28,146.64005625926703
2093-11-29,134.31391420600787
2093-11-30,121.18372715384409
2093-12-01,118.60395844688276
2093-12-02,142.38020423998293
2093-12-03,121.85255695329299
2093-12-04,100.31471591874462
2093-12-05,83.95459592733282
2093-12-06,71.64126410018
2093-12-07,62.29148418416824
2093-12-08,55.123626981839266
2093-12-09,49.57771923057387
2093-12-10,45.262337316815724
2093-12-11,41.868409915499
2093-12-12,39.302438560154364
2093-12-13,37.16144995924879
2093-12-14,35.36262911196294
2093-12-15,36.97537175613628
2093-12-16,67.53677061064008
2093-12-17,143.86846211384352
2093-12-18,154.30480857676673
2093-12-19,230.8175407378898
2093-12-20,259.25476747142545
2093-12-21,227.65252852717938
2093-12-22,252.0290973893509
2093-12-23,219.97517716761197
2093-12-24,174.94595005566984
2093-12-25,140.40042382232053
2093-12-26,115.6873561960411
2093-12-27,96.61838436941008
2093-12-28,82.29182023890412
2093-12-29,71.45863710779354
2093-12-30,63.18453665776706
2093-12-31,56.80388588716378
2094-01-01,51.837072401965806
2094-01-02,47.93492516191574
2094-01-03,44.84080857237861
2094-01-04,42.36443580017226
2094-01-05,40.363563231337885
2094-01-06,38.73105395752275
2094-01-07,37.640383432664656
2094-01-08,45.260237819968204
2094-01-09,83.04274628368704
2094-01-10,122.75345804828889
2094-01-11,196.65816637428455
2094-01-12,178.19694814089158
2094-01-13,173.90343922298234
2094-01-14,242.59192781169648
2094-01-15,292.0344719010648
2094-01-16,253.55151589775107
2094-01-17,227.88971161364978
2094-01-18,316.0096296453052
2094-01-19,281.90997014649446
2094-01-20,251.01498217782375
2094-01-21,325.94584666704446
2094-01-22,278.90808603774593
2094-01-23,220.3074025059585
2094-01-24,193.17483961182958
2094-01-25,185.4970128032222
2094-01-26,246.8545277447641
2094-01-27,236.05009940088848
2094-01-28,203.37172326768268
2094-01-29,165.57040351239863
2094-01-30,166.94491417378927
2094-01-31,272.2092648819902
2094-02-01,378.27927854305517
2094-02-02,418.5815695083008
2094-02-03,321.96729180799827
2094-02-04,250.40398548088126
2094-02-05,221.89986353514334
2094-02-06,182.61243748842836
2094-02-07,151.98115471680885
2094-02-08,135.35768831872676
2094-02-09,116.93410072824385
2094-02-10,101.89057367489755
2094-02-11,90.01264789735342
2094-02-12,81.51192193787388
2094-02-13,74.48224757410225
2094-02-14,68.78658259932661
2094-02-15,64.36995245083942
2094-02-16,60.7564272401463
2094-02-17,57.85032200259605
2094-02-18,55.49161625201976
2094-02-19,53.55613094668529
2094-02-20,51.94990743977587
2094-02-21,50.62208954859822
2094-02-22,58.31559650192073
2094-02-23,92.02963208048736
2094-02-24,106.2067642693954
2094-02-25,131.9962845339553
2094-02-26,141.8645681629353
2094-02-27,135.2150369519219
2094-02-28,128.3093147097026
2094-03-01,118.16905825716599
2094-03-02,133.3662838747497
2094-03-03,185.23725543715614
2094-03-04,187.98821598251277
2094-03-05,167.1360138479516
2094-03-06,149.08936943591928
2094-03-07,129.2713588844879
2094-03-08,110.95426130181733
2094-03-09,96.46518135692043
2094-03-10,85.48217400908611
2094-03-11,77.0690211054227
2094-03-12,70.55754701761079
2094-03-13,65.46627938353176
2094-03-14,61.44467933952981
2094-03-15,58.23509983312027
2094-03-16,57.47724411777008
2094-03-17,62.45286472444866
2094-03-18,61.41244881271147
2094-03-19,58.08648686001529
2094-03-20,55.346907295329665
2094-03-21,53.12237410522698
2094-03-22,57.2656742411572
2094-03-23,96.69624047838603
2094-03-24,140.78904867492045
2094-03-25,135.91050631687025
2094-03-26,116.66640010967608
2094-03-27,100.50125934989357
2094-03-28,92.6607439361237
2094-03-29,95.80376286023738
2094-03-30,100.46576113645263
2094-03-31,104.11412523196155
2094-04-01,137.64234004446934
2094-04-02,144.56353282141734
2094-04-03,170.70908265534896
2094-04-04,161.17752964724704
2094-04-05,136.48506202747433
2094-04-06,116.06749392516191
2094-04-07,119.01325524608707
2094-04-08,149.6760068935691
2094-04-09,143.489860486508
2094-04-10,136.77689294880943
2094-04-11,159.02604611804685
2094-04-12,157.2168264929397
2094-04-13,148.33563249659892
2094-04-14,160.9067326056024
2094-04-15,142.6600009778215
2094-04-16,129.44685549179223
2094-04-17,138.20680778653315
2094-04-18,128.24040761506862
2094-04-19,112.99795585839435
2094-04-20,99.36530064527939
2094-04-21,90.23774418506748
2094-04-22,81.50281808337739
2094-04-23,74.1551438232206
2094-04-24,68.67036429552446
2094-04-25,64.07064561874412
2094-04-26,60.403358267247675
2094-04-27,57.46660634843113
2094-04-28,55.08936729333849
2094-04-29,53.143621652618
2094-04-30,51.53281431530332
2094-05-01,50.80502900581027
2094-05-02,52.68288607731054
2094-05-03,55.77467341582181
2094-05-04,62.023995599503934
2094-05-05,69.206742470934
2094-05-06,66.90077711231315
2094-05-07,62.17511002493077
2094-05-08,58.31311893988845
2094-05-09,55.236926697031144
2094-05-10,52.76081638983711
2094-05-11,52.134670040599104
2094-05-12,55.46210007582295
2094-05-13,62.28029013584313
2094-05-14,62.379209830970524
2094-05-15,59.62284153660185
2094-05-16,56.72128380065062
2094-05-17,56.09163978056845
2094-05-18,53.85051515773844
2094-05-19,51.312780921028235
2094-05-20,49.25397871387387
2094-05-21,47.57551469352404
2094-05-22,46.184588413230834
2094-05-23,45.00091901290197
2094-05-24,43.995982399637654
2094-05-25,43.13260416103381
2094-05-26,42.38193111580536
2094-05-27,41.72146154094099
2094-05-28,41.13355973513135
2094-05-29,40.60433866544569
2094-05-30,40.122814311916265
2094-05-31,39.68026192024761
2094-06-01,39.26972325816572
2094-06-02,38.8856274877026
2094-06-03,38.52349801266708
2094-06-04,38.262086452929964
2094-06-05,38.050430376333175
2094-06-06,37.71383899567657
2094-06-07,37.383460988935745
2094-06-08,37.067275847717944
2094-06-09,36.763122131278706
2094-06-10,36.469239080992416
2094-06-11,36.184236606416896
2094-06-12,35.90695748173594
2094-06-13,35.63621662821034
2094-06-14,35.37136239763078
2094-06-15,35.11173247653798
2094-06-16,34.856777298205365
2094-06-17,34.9926470091465
2094-06-18,36.59352668111888
2094-06-19,36.30318659238722
2094-06-20,35.71040023071853
2094-06-21,35.18648192999651
2094-06-22,34.7300470427727
2094-06-23,34.359991987983676
2094-06-24,34.09315587507687
2094-06-25,33.71867574685684
2094-06-26,33.36158242594855
2094-06-27,33.02990058457275
2094-06-28,32.71925379465414
2094-06-29,32.4260890478238
2094-06-30,32.14753905513701
2094-07-01,31.914124948432317
2094-07-02,31.757303889230716
2094-07-03,31.508565504689727
2094-07-04,31.250132038562043
2094-07-05,31.248820391265955
2094-07-06,31.868933926831534
2094-07-07,31.476617153663422
2094-07-08,31.104010510981947
2094-07-09,30.763387491318706
2094-07-10,31.915494168790904
2094-07-11,35.42607768953646
2094-07-12,35.82670568782032
2094-07-13,34.5786141363587
2094-07-14,33.575932515929345
2094-07-15,32.647548646067044
2094-07-16,31.84777635809297
2094-07-17,31.166910079728527
2094-07-18,30.5807811064568
2094-07-19,30.071914848958443
2094-07-20,29.625928316575767
2094-07-21,29.225198805708697
2094-07-22,28.864605849975593
2094-07-23,28.5367747082832
2094-07-24,28.27251049123322
2094-07-25,28.076743482484815
2094-07-26,27.810540588504836
2094-07-27,27.547780075230147
2094-07-28,27.3008858226524
2094-07-29,27.067256935418058
2094-07-30,26.84477024111544
2094-07-31,26.631697567292957
2094-08-01,26.42662801893255
2094-08-02,26.228406349883613
2094-08-03,26.036083924851066
2094-08-04,25.848879569122904
2094-08-05,25.66614821210614
2094-08-06,25.48735569592107
2094-08-07,25.312058477246413
2094-08-08,25.140594197479288
2094-08-09,25.11462929714322
2094-08-10,25.290148020149477
2094-08-11,32.03529288480193
2094-08-12,36.763454905924206
2094-08-13,33.30894685157157
2094-08-14,31.544350486534114
2094-08-15,30.093859796200018
2094-08-16,28.909359296395024
2094-08-17,27.94649355203278
2094-08-18,27.16289941380157
2094-08-19,26.487683128611565
2094-08-20,26.174026360230375
2094-08-21,26.39717115325348
2094-08-22,26.15952325092754
2094-08-23,25.618006909254465
2094-08-24,25.099968681723762
2094-08-25,24.65231300327949
2094-08-26,27.34517905240301
2094-08-27,30.73972887177672
2094-08-28,28.661105141865818
2094-08-29,27.489102249187923
2094-08-30,26.63874364497178
2094-08-31,25.864074113650574
2094-09-01,25.157951483656124
2094-09-02,24.56910773261524
2094-09-03,24.123075978465952
2094-09-04,23.725187105360167
2094-09-05,23.328809020407988
2094-09-06,22.974851115741284
2094-09-07,22.660808241518122
2094-09-08,22.383221408680882
2094-09-09,22.12759355919714
2094-09-10,21.893575332079518
2094-09-11,21.67777163190024
2094-09-12,21.47706776073036
2094-09-13,21.288939424143056
2094-09-14,21.111335021351042
2094-09-15,20.94258220152529
2094-09-16,20.78131386072924
2094-09-17,20.626409327307204
2094-09-18,20.47694745990577
2094-09-19,20.332821013663594
2094-09-20,20.192534843058557
2094-09-21,20.062171398813046
2094-09-22,20.217419675217865
2094-09-23,21.01132187331535
2094-09-24,21.143480281914794
2094-09-25,22.337271105098193
2094-09-26,24.203474154592353
2094-09-27,24.45532627136581
2094-09-28,25.516617077966362
2094-09-29,26.02857387426981
2094-09-30,25.132118360891585
2094-10-01,24.106444710204553
2094-10-02,23.13751962738822
2094-10-03,22.323058437156522
2094-10-04,23.21604154298903
2094-10-05,26.29060780777934
2094-10-06,24.839191202303848
2094-10-07,23.758161953631838
2094-10-08,23.164823997480568
2094-10-09,22.99576229673906
2094-10-10,22.568801178493406
2094-10-11,21.822027427517074
2094-10-12,21.141476188723676
2094-10-13,20.570772876689173
2094-10-14,20.08769810479848
2094-10-15,19.67480949365145
2094-10-16,19.318379190698543
2094-10-17,19.007555442950245
2094-10-18,18.734788024007774
2094-10-19,18.653620405758556
2094-10-20,19.118498987065944
2094-10-21,18.968432970071202
2094-10-22,18.640726634555175
2094-10-23,18.35404155023092
2094-10-24,18.10075571261314
2094-10-25,17.902908889849662
2094-10-26,19.738804691635973
2094-10-27,24.334033354934903
2094-10-28,25.570237707552337
2094-10-29,24.765312233242216
2094-10-30,23.992915076858694
2094-10-31,24.96626605155007
2094-11-01,24.951816640899356
2094-11-02,24.470862993437198
2094-11-03,24.240400291246605
2094-11-04,22.912164342221804
2094-11-05,21.710539554006047
2094-11-06,21.79330926301694
2094-11-07,24.731819488674592
2094-11-08,23.573449163843076
2094-11-09,22.203253329161686
2094-11-10,21.248603369361405
2094-11-11,21.260561701741153
2094-11-12,20.558048896979894
2094-11-13,19.979154151420772
2094-11-14,19.310891910315686
2094-11-15,21.099646392377483
2094-11-16,28.764181216914313
2094-11-17,37.00363183746471
2094-11-18,47.36316025755306
2094-11-19,48.46332504078335
2094-11-20,45.52153636856281
2094-11-21,41.44327737952977
2094-11-22,41.80007199645998
2094-11-23,42.18256582258497
2094-11-24,37.90666592726876
2094-11-25,33.85888926937847
2094-11-26,31.728754947115338
2094-11-27,44.44061240913505
2094-11-28,92.29602423822537
2094-11-29,103.90639625631383
2094-11-30,97.20604127778104
2094-12-01,98.27881886912185
2094-12-02,88.82685524260825
2094-12-03,95.17108940244259
2094-12-04,114.0377392057468
2094-12-05,114.10651985348272
2094-12-06,101.30116201630716
2094-12-07,92.91428370106007
2094-12-08,82.24106793001603
2094-12-09,83.15200218429688
2094-12-10,90.0844397292024
2094-12-11,78.19564098846887
2094-12-12,66.51618734509782
2094-12-13,73.27598148141443
2094-12-14,98.95859233819128
2094-12-15,97.62473502034959
2094-12-16,97.0786832073274
2094-12-17,95.85746979437259
2094-12-18,128.832334142797
2094-12-19,130.2157327718798
2094-12-20,109.91368343223535
2094-12-21,89.95089435062108
2094-12-22,77.00655369568001
2094-12-23,82.42617610447557
2094-12-24,102.46441586762187
2094-12-25,91.19492813286978
2094-12-26,82.12555067120267
2094-12-27,79.51290355820487
2094-12-28,69.96705918122476
2094-12-29,63.23099096576345
2094-12-30,55.85831891436275
2094-12-31,49.25712785374615
2095-01-01,49.17997317243521
2095-01-02,63.506165918194334
2095-01-03,65.10132260139689
2095-01-04,57.362589201366596
2095-01-05,51.166696996006664
2095-01-06,47.76663483231844
2095-01-07,46.84745870399566
2095-01-08,48.57773410360735
2095-01-09,71.41347872167655
2095-01-10,103.98637347431311
2095-01-11,160.18926278507345
2095-01-12,150.78463916734398
2095-01-13,190.69478508180282
2095-01-14,363.38373156776794
2095-01-15,419.4861356400381
2095-01-16,303.9630678162935
2095-01-17,229.78806149485024
2095-01-18,182.31999301675853
2095-01-19,154.48119522021022
2095-01-20,131.31530596648193
2095-01-21,108.56306446096198
2095-01-22,90.97011447093952
2095-01-23,77.74744458333983
2095-01-24,68.27518670326694
2095-01-25,63.79016879669297
2095-01-26,71.95520690595204
2095-01-27,111.79965879212135
2095-01-28,111.36042133352373
2095-01-29,94.86923167934657
2095-01-30,80.69192113063905
2095-01-31,70.39320756127246
2095-02-01,65.08367732147319
2095-02-02,58.83998839409848
2095-02-03,53.20305531881774
2095-02-04,48.81935787994104
2095-02-05,62.14748823447086
2095-02-06,143.69116992086947
2095-02-07,200.0005535179079
2095-02-08,213.37690837373705
2095-02-09,316.1040201144517
2095-02-10,260.9742558791857
2095-02-11,203.59468111128885
2095-02-12,166.38199456988025
2095-02-13,135.61336288145674
2095-02-14,112.16948967260852
2095-02-15,94.73693298355066
2095-02-16,81.63152677619946
2095-02-17,71.67638653893636
2095-02-18,64.03879911161967
2095-02-19,58.12256273505773
2095-02-20,53.49617277558077
2095-02-21,51.0924110078299
2095-02-22,51.97447632819523
2095-02-23,55.66708020023534
2095-02-24,61.51935415672531
2095-02-25,57.92499221113669
2095-02-26,53.88481073109102
2095-02-27,52.039229556420516
2095-02-28,53.554325715577924
2095-03-01,73.56078390294216
2095-03-02,154.3679515367783
2095-03-03,205.2779264289053
2095-03-04,259.14006309005595
2095-03-05,233.09585202384451
2095-03-06,238.88365910531607
2095-03-07,240.95753923769485
2095-03-08,278.9877135007716
2095-03-09,227.8596223493045
2095-03-10,180.06800095399612
2095-03-11,145.94345302128946
2095-03-12,123.43342516408997
2095-03-13,108.43611252666
2095-03-14,93.2133783383663
2095-03-15,88.72670786545467
2095-03-16,120.73691251937697
2095-03-17,150.18331995047632
2095-03-18,154.72105932380856
2095-03-19,149.73967342990383
2095-03-20,138.32578735450707
2095-03-21,155.76567629412435
2095-03-22,148.84181865129395
2095-03-23,130.09039155282093
2095-03-24,124.7780782143023
2095-03-25,136.18403977603228
2095-03-26,143.94120441234588
2095-03-27,201.25046486812616
2095-03-28,205.8833623962095
2095-03-29,191.80126152078333
2095-03-30,182.13069875112149
2095-03-31,153.6435721894568
2095-04-01,131.1939141857825
2095-04-02,113.06325750881838
2095-04-03,112.71964061116934
2095-04-04,156.28215186156254
2095-04-05,145.30805943567034
2095-04-06,130.3537344423779
2095-04-07,121.39678352935086
2095-04-08,129.0982955687192
2095-04-09,180.80052255352447
2095-04-10,213.69767758673007
2095-04-11,190.0743947126913
2095-04-12,168.7832085352191
2095-04-13,189.69657425821626
2095-04-14,216.33457895931826
2095-04-15,225.259030248904
2095-04-16,266.7365962367906
2095-04-17,526.3279916860315
2095-04-18,424.0462524622946
2095-04-19,286.811850574326
2095-04-20,219.26893097737582
2095-04-21,177.27060509867633
2095-04-22,146.7540829119919
2095-04-23,124.27415082946577
2095-04-24,107.80474051518947
2095-04-25,96.54591015685402
2095-04-26,86.86354062541442
2095-04-27,79.05058709259464
2095-04-28,72.9779069759454
2095-04-29,68.20901659930293
2095-04-30,64.42423880046827
2095-05-01,61.38807634127758
2095-05-02,58.9255426887084
2095-05-03,56.90557042797047
2095-05-04,55.22933649411414
2095-05-05,53.83930616111517
2095-05-06,54.513916272593995
2095-05-07,60.57470917957357
2095-05-08,59.51925750334693
2095-05-09,57.049190907288626
2095-05-10,55.017243257804786
2095-05-11,53.33512696319093
2095-05-12,52.09300228920816
2095-05-13,52.034443273350234
2095-05-14,52.29924581507145
2095-05-15,51.18944201765057
2095-05-16,49.977780024956566
2095-05-17,49.625422205113146
2095-05-18,50.165535258588164
2095-05-19,49.26885646251716
2095-05-20,53.92208336381113
2095-05-21,75.91511823875148
2095-05-22,76.53724746886898
2095-05-23,70.07601695460946
2095-05-24,64.47337318342987
2095-05-25,60.083657981434925
2095-05-26,56.6086685974468
2095-05-27,53.82856345965926
2095-05-28,51.58028062182179
2095-05-29,49.99091509336905
2095-05-30,52.01880589554844
2095-05-31,59.977400853059414
2095-06-01,58.73983057310847
2095-06-02,55.40646383626751
2095-06-03,52.601078992371164
2095-06-04,50.33122420306889
2095-06-05,48.47543128019928
2095-06-06,46.94162902551695
2095-06-07,45.65970236437053
2095-06-08,44.633309670291034
2095-06-09,46.59105365743451
2095-06-10,54.45364387055911
2095-06-11,56.78789384058038
2095-06-12,58.738751400103816
2095-06-13,59.20298494301138
2095-06-14,56.088557209067694
2095-06-15,52.67182454698943
2095-06-16,49.9156149713635
2095-06-17,47.9055891258148
2095-06-18,46.84925325672313
2095-06-19,45.6840510580652
2095-06-20,45.88385750902839
2095-06-21,48.035299942326525
2095-06-22,53.398735402449084
2095-06-23,56.8171442765624
2095-06-24,58.82859495628876
2095-06-25,60.14139642732962
2095-06-26,62.824654475428154
2095-06-27,58.81756495693995
2095-06-28,57.69095151833193
2095-06-29,62.861249998129246
2095-06-30,59.04025924951883
2095-07-01,54.4656380925726
2095-07-02,50.83393700842982
2095-07-03,47.94336162677602
2095-07-04,45.622813498564646
2095-07-05,43.77720464292918
2095-07-06,42.384347125265755
2095-07-07,41.19094593604969
2095-07-08,40.06385087864026
2095-07-09,39.10964630919727
2095-07-10,38.2938414529992
2095-07-11,37.60102605102725
2095-07-12,37.23103116018236
2095-07-13,37.553783498980174
2095-07-14,38.150495517603694
2095-07-15,39.43071051735189
2095-07-16,52.02291145198033
2095-07-17,69.75796934521966
2095-07-18,78.23337544696247
2095-07-19,71.8821331057697
2095-07-20,63.760153907228066
2095-07-21,57.46242969019648
2095-07-22,52.55947825405925
2095-07-23,48.70697170892776
2095-07-24,45.651747880068875
2095-07-25,43.2060520896494
2095-07-26,41.22951150699656
2095-07-27,39.616388353229745
2095-07-28,38.286475563851546
2095-07-29,37.17853342124025
2095-07-30,36.24551686830693
2095-07-31,35.45107676819597
2095-08-01,35.516451046041055
2095-08-02,36.75922819990366
2095-08-03,36.02568851007083
2095-08-04,35.13996776841162
2095-08-05,34.384758115693735
2095-08-06,34.07940464931786
2095-08-07,34.44148367036704
2095-08-08,34.14018833152645
2095-08-09,33.44704498568905
2095-08-10,34.489786969903946
2095-08-11,38.33435136968397
2095-08-12,37.04714707140271
2095-08-13,35.68879589398839
2095-08-14,34.55326415208469
2095-08-15,33.60412124159257
2095-08-16,32.80219486894446
2095-08-17,32.11714111062134
2095-08-18,31.5253312541161
2095-08-19,31.008274342192706
2095-08-20,30.55143203529883
2095-08-21,30.148272603823226
2095-08-22,29.83105204472109
2095-08-23,29.505502880902267
2095-08-24,29.185749580245403
2095-08-25,28.88948222724474
2095-08-26,28.61295801520103
2095-08-27,28.352857692924758
2095-08-28,28.106493654077678
2095-08-29,28.164507737277678
2095-08-30,28.780461127405516
2095-08-31,29.119246370459805
2095-09-01,29.24430301785678
2095-09-02,28.68830949760375
2095-09-03,28.323694215355527
2095-09-04,28.501638313605657
2095-09-05,30.263894823382405
2095-09-06,32.00121421670894
2095-09-07,30.67482593630352
2095-09-08,29.732110614784375
2095-09-09,28.942552805231756
2095-09-10,28.274018494227644
2095-09-11,27.701826827427436
2095-09-12,27.572424001635223
2095-09-13,28.81439907512149
2095-09-14,28.202905843319744
2095-09-15,27.695742496081248
2095-09-16,27.169093226236498
2095-09-17,26.64298330423922
2095-09-18,26.194774916826407
2095-09-19,25.80045356843299
2095-09-20,25.449894887465106
2095-09-21,25.13474872398356
2095-09-22,24.848455110665068
2095-09-23,24.593099114162822
2095-09-24,24.512554200325226
2095-09-25,24.632516120434726
2095-09-26,24.435132349903288
2095-09-27,24.151147477778533
2095-09-28,23.89119265779506
2095-09-29,23.651461102566945
2095-09-30,23.428438811847396
2095-10-01,23.318501954772913
2095-10-02,23.477477200590936
2095-10-03,23.316252218991178
2095-10-04,23.072296450330043
2095-10-05,22.838110370280486
2095-10-06,22.620567679897903
2095-10-07,22.41819750402219
2095-10-08,23.45676789089696
2095-10-09,26.902166399105464
2095-10-10,26.82690832595905
2095-10-11,25.73680900966932
2095-10-12,24.88651790299825
2095-10-13,24.178929074523186
2095-10-14,23.5828389479816
2095-10-15,23.075503014774526
2095-10-16,22.639149288417283
2095-10-17,22.859756737271297
2095-10-18,24.169747625754997
2095-10-19,23.37043144566078
2095-10-20,22.812858175909426
2095-10-21,22.336597677796338
2095-10-22,21.925652772412874
2095-10-23,21.567358624301388
2095-10-24,21.251675161614326
2095-10-25,20.970623226130556
2095-10-26,20.71783689972322
2095-10-27,20.488218529998505
2095-10-28,20.277671622474646
2095-10-29,20.082893080824018
2095-10-30,19.90121090682872
2095-10-31,19.730456887704744
2095-11-01,19.568866333400937
2095-11-02,19.41499881808938
2095-11-03,19.267675299117304
2095-11-04,19.12592805665813
2095-11-05,19.019853353615776
2095-11-06,19.000268864512922
2095-11-07,18.873008518654988
2095-11-08,18.72679676058764
2095-11-09,18.586952748923803
2095-11-10,18.545954886094943
2095-11-11,19.96946454264082
2095-11-12,21.84254348113434
2095-11-13,22.243795969195006
2095-11-14,23.16102115220835
2095-11-15,22.482567824921592
2095-11-16,22.35290126558658
2095-11-17,21.467292363711092
2095-11-18,23.827583541526028
2095-11-19,26.843848225081356
2095-11-20,34.644700327213094
2095-11-21,53.1008369659321
2095-11-22,52.267503689539716
2095-11-23,46.46272611908689
2095-11-24,44.50275507404339
2095-11-25,48.49569138688803
2095-11-26,49.32055611687439
2095-11-27,52.59505972705202
2095-11-28,62.13042668080052
2095-11-29,57.72106905749135
2095-11-30,52.35272649622443
2095-12-01,45.81605057586352
2095-12-02,40.718452149472434
2095-12-03,36.245246062367436
2095-12-04,32.737358636934125
2095-12-05,29.970579945662184
2095-12-06,29.794401977886935
2095-12-07,35.096921790754
2095-12-08,33.65377624726825
2095-12-09,37.420639890231776
2095-12-10,50.66811709486174
2095-12-11,51.90732489559193
2095-12-12,58.57457619205919
2095-12-13,55.58653850269635
2095-12-14,48.40046615775979
2095-12-15,43.63022812462982
2095-12-16,42.95382299325107
2095-12-17,38.70052504822872
2095-12-18,34.73293661708511
2095-12-19,31.620347519558774
2095-12-20,29.15878767016562
2095-12-21,27.196418029005414
2095-12-22,25.61935687651304
2095-12-23,24.341551723720475
2095-12-24,23.29752584232025
2095-12-25,25.873777408587113
2095-12-26,40.05904391986783
2095-12-27,49.213186674784616
2095-12-28,66.74109868279672
2095-12-29,70.06420811656976
2095-12-30,66.92734006352747
2095-12-31,85.04906891333302
2096-01-01,96.81947503206072
2096-01-02,84.13086707725081
2096-01-03,72.4479726725704
2096-01-04,62.257651630178025
2096-01-05,55.576953909762686
2096-01-06,56.4198204805916
2096-01-07,75.33246637161811
2096-01-08,78.90633285351507
2096-01-09,68.11005440768695
2096-01-10,57.83905105499841
2096-01-11,50.00505281596828
2096-01-12,45.9554536215803
2096-01-13,48.63267957413601
2096-01-14,44.32977756109825
2096-01-15,41.09141540788911
2096-01-16,43.392965095430185
2096-01-17,40.45141498832149
2096-01-18,36.88613119835157
2096-01-19,33.79316677798263
2096-01-20,31.285497468434773
2096-01-21,29.283302660826262
2096-01-22,27.671311452828803
2096-01-23,26.362377654141156
2096-01-24,25.29019962164467
2096-01-25,24.404006497543723
2096-01-26,24.060535972634597
2096-01-27,38.905094587313094
2096-01-28,84.78820728382895
2096-01-29,91.6464002731584
2096-01-30,110.67068948850033
2096-01-31,136.01417198203805
2096-02-01,154.73365921892716
2096-02-02,131.3780890400264
2096-02-03,105.82592197826392
2096-02-04,86.88321306410857
2096-02-05,81.20448431409334
2096-02-06,95.9627644084142
2096-02-07,86.74165406788012
2096-02-08,80.17689522758478
2096-02-09,68.93645767887955
2096-02-10,59.1460612843803
2096-02-11,51.661040076249655
2096-02-12,45.88702399361808
2096-02-13,41.39389012323091
2096-02-14,41.447128389200095
2096-02-15,45.852731838401354
2096-02-16,42.12130872590886
2096-02-17,38.41701915899171
2096-02-18,36.13291651510688
2096-02-19,44.187690127091265
2096-02-20,71.71233459382081
2096-02-21,103.01436212730637
2096-02-22,131.5367657365642
2096-02-23,125.48381348016926
2096-02-24,104.35757162755398
2096-02-25,86.17692671554926
2096-02-26,72.4979377964614
2096-02-27,62.162216169789495
2096-02-28,64.21134745364664
2096-02-29,96.12073888158118
2096-03-01,108.02448034641084
2096-03-02,94.20070312323985
2096-03-03,90.74733529069074
2096-03-04,126.91965925038876
2096-03-05,126.56883902135881
2096-03-06,107.38389633292822
2096-03-07,93.25851217101668
2096-03-08,79.46812416512319
2096-03-09,67.83291154281692
2096-03-10,59.00444524339728
2096-03-11,52.24319704264352
2096-03-12,47.015685459610076
2096-03-13,43.080410711114816
2096-03-14,40.909757462476286
2096-03-15,40.44031095259654
2096-03-16,43.6132151661204
2096-03-17,44.191770976893444
2096-03-18,64.79726108034824
2096-03-19,106.0644295560407
2096-03-20,128.90740975929847
2096-03-21,115.46608756318388
2096-03-22,97.0535921791756
2096-03-23,94.23126559655755
2096-03-24,115.81725770736102
2096-03-25,107.66360337057831
2096-03-26,101.21430086360594
2096-03-27,86.56547700997584
2096-03-28,73.74291296549016
2096-03-29,63.92375851170172
2096-03-30,56.41062765173049
2096-03-31,50.60819096669184
2096-04-01,46.15522841629704
2096-04-02,49.634580699226994
2096-04-03,71.63330525101058
2096-04-04,70.25514974685468
2096-04-05,64.97312196928112
2096-04-06,72.14569392867996
2096-04-07,102.60394704924062
2096-04-08,142.7442196018239
2096-04-09,151.5391760618127
2096-04-10,138.18112337008668
2096-04-11,119.98150234286322
2096-04-12,129.09075676681647
2096-04-13,232.03417481997488
2096-04-14,223.27308834232954
2096-04-15,177.0090218733056
2096-04-16,150.92857146747923
2096-04-17,125.24435253989013
2096-04-18,106.9719724258171
2096-04-19,92.13009537308074
2096-04-20,78.88098743041878
2096-04-21,69.06442031225222
2096-04-22,61.98279686876649
2096-04-23,56.67462807717368
2096-04-24,51.79446873084729
2096-04-25,47.84057426481224
2096-04-26,44.71094386165669
2096-04-27,42.21059960891515
2096-04-28,40.19404403744531
2096-04-29,38.65148448857726
2096-04-30,38.09446386115501
2096-05-01,37.69013720141519
2096-05-02,36.494951903167156
2096-05-03,35.43931412310347
2096-05-04,34.54888064675485
2096-05-05,35.035078404747914
2096-05-06,38.32498261478785
2096-05-07,37.77447566774557
2096-05-08,36.74693388678633
2096-05-09,37.029554337502745
2096-05-10,37.93559640842879
2096-05-11,38.75159748437155
2096-05-12,46.26420203515588
2096-05-13,62.351569704100825
2096-05-14,59.107591424055926
2096-05-15,55.0051680864616
2096-05-16,52.4305097915736
2096-05-17,49.242825297311775
2096-05-18,45.514025612583985
2096-05-19,42.28979544530288
2096-05-20,39.71395426555219
2096-05-21,37.64130581849868
2096-05-22,35.958076275301046
2096-05-23,34.57803090246302
2096-05-24,33.435378570342316
2096-05-25,32.47961584886574
2096-05-26,31.671750122834272
2096-05-27,30.98151185264325
2096-05-28,30.385282224519568
2096-05-29,29.86454223986136
2096-05-30,29.40470467173033
2096-05-31,28.99422909388528
2096-06-01,28.62394757313403
2096-06-02,28.286548112348612
2096-06-03,27.976176917929195
2096-06-04,27.688130671819305
2096-06-05,27.418617341025058
2096-06-06,27.164569442122314
2096-06-07,26.9234976458838
2096-06-08,26.693375548085
2096-06-09,26.568729506185065
2096-06-10,27.132929923438272
2096-06-11,29.137509417554057
2096-06-12,31.936437573703785
2096-06-13,32.15831356652601
2096-06-14,32.09645455749891
2096-06-15,31.064968258925195
2096-06-16,29.89955687886467
2096-06-17,28.93336095491198
2096-06-18,28.124394176639374
2096-06-19,27.44004115266719
2096-06-20,26.854936848956243
2096-06-21,26.349255531454983
2096-06-22,25.907427304181127
2096-06-23,25.517169395204757
2096-06-24,25.168750703113066
2096-06-25,25.208303663558794
2096-06-26,26.6304070997396
2096-06-27,26.808232140548938
2096-06-28,26.232764853197974
2096-06-29,25.64092864137034
2096-06-30,25.13245431450032
2096-07-01,24.690769146894226
2096-07-02,24.30287435309192
2096-07-03,23.958483662770153
2096-07-04,23.649441153226466
2096-07-05,23.369253367373506
2096-07-06,23.112730168689705
2096-07-07,22.875707643877806
2096-07-08,22.654833266638207
2096-07-09,22.447398562186976
2096-07-10,22.251208196724367
2096-07-11,22.064477134380866
2096-07-12,21.972026021633408
2096-07-13,22.806703540749723
2096-07-14,23.929462038743264
2096-07-15,23.840854002072387
2096-07-16,23.151807887611728
2096-07-17,22.70874195003623
2096-07-18,22.307061315723058
2096-07-19,21.95504983522481
2096-07-20,21.64318838634972
2096-07-21,21.363931204879815
2096-07-22,21.111272710865
2096-07-23,20.88041420427138
2096-07-24,20.66750687165467
2096-07-25,20.46945265256953
2096-07-26,20.283749215404224
2096-07-27,20.108368734404465
2096-07-28,19.95011262584305
2096-07-29,19.823869586086925
2096-07-30,19.68655822289092
2096-07-31,19.530924255379876
2096-08-01,19.380949384256358
2096-08-02,19.23608920196845
2096-08-03,19.09560363062086
2096-08-04,18.958921278305755
2096-08-05,18.82557305053903
2096-08-06,18.69516097308617
2096-08-07,18.567353733594278
2096-08-08,18.604635438882458
2096-08-09,20.06045099258389
2096-08-10,20.21458867001526
2096-08-11,19.366617734540917
2096-08-12,19.06175916984416
2096-08-13,18.779428666594228
2096-08-14,18.52861768788865
2096-08-15,18.303465436404945
2096-08-16,18.10552331496405
2096-08-17,18.007227350897804
2096-08-18,18.078233243646483
2096-08-19,18.174332271307794
2096-08-20,17.8967283964182
2096-08-21,18.486991097618624
2096-08-22,19.32673400744901
2096-08-23,19.185423361308786
2096-08-24,20.089169228624577
2096-08-25,19.052306689499407
2096-08-26,18.557642676806456
2096-08-27,18.150691701718145
2096-08-28,17.80830192373709
2096-08-29,17.508945951614475
2096-08-30,17.239998422666456
2096-08-31,17.001284702158454
2096-09-01,16.7994040599992
2096-09-02,16.66489384668453
2096-09-03,16.518741367652563
2096-09-04,16.359532965339202
2096-09-05,16.196948702228696
2096-09-06,16.042190676938535
2096-09-07,15.897787657635055
2096-09-08,15.762051963857504
2096-09-09,15.633596714385789
2096-09-10,15.511287216450746
2096-09-11,15.39419259656595
2096-09-12,15.281552758421528
2096-09-13,15.210943747870893
2096-09-14,15.760214319355185
2096-09-15,16.47500624523269
2096-09-16,20.493456113749392
2096-09-17,22.664667100381894
2096-09-18,20.246576625714557
2096-09-19,19.24308868653008
2096-09-20,18.669283299163457
2096-09-21,18.073207395212705
2096-09-22,17.410916195588044
2096-09-23,16.85085866418797
2096-09-24,16.380598157871557
2096-09-25,15.982226721502997
2096-09-26,16.08626168066744
2096-09-27,17.820377246990475
2096-09-28,17.02933239172585
2096-09-29,16.45921197381165
2096-09-30,15.993047901397501
2096-10-01,15.599121172080826
2096-10-02,15.40878839987829
2096-10-03,15.98397960727651
2096-10-04,15.637147657903627
2096-10-05,16.148323969196692
2096-10-06,17.528167484357
2096-10-07,16.607578451455158
2096-10-08,16.030028228080994
2096-10-09,15.549493962430027
2096-10-10,15.697739788999668
2096-10-11,17.211559417203947
2096-10-12,18.500586058181465
2096-10-13,20.853086541560835
2096-10-14,19.634089500807544
2096-10-15,18.547949079615837
2096-10-16,17.651071913942868
2096-10-17,16.815653728873638
2096-10-18,16.132129669248638
2096-10-19,15.565409547223254
2096-10-20,15.091607117466685
2096-10-21,14.692135092100472
2096-10-22,14.35258281924498
2096-10-23,14.29716295414004
2096-10-24,15.594195794390915
2096-10-25,15.642686689422893
2096-10-26,20.235250020228836
2096-10-27,28.371870066233924
2096-10-28,27.54123279111742
2096-10-29,27.0090932560709
2096-10-30,27.823815160695503
2096-10-31,26.142559019719155
2096-11-01,24.322174405769687
2096-11-02,22.30209132842245
2096-11-03,20.89888257068372
2096-11-04,22.24769026266544
2096-11-05,25.200162656087446
2096-11-06,37.07636516480398
2096-11-07,51.083487535097845
2096-11-08,46.80663046740397
2096-11-09,47.98526841299641
2096-11-10,62.823155182542926
2096-11-11,56.41145605609308
2096-11-12,48.10624106814215
2096-11-13,54.44079139321986
2096-11-14,79.19263943781391
2096-11-15,76.01574145685281
2096-11-16,63.22295435076257
2096-11-17,52.583178856253994
2096-11-18,44.49846017817904
2096-11-19,38.30123789624273
2096-11-20,33.52823410073748
2096-11-21,30.960067331047966
2096-11-22,33.326218194619464
2096-11-23,32.842724700885704
2096-11-24,29.551139490793158
2096-11-25,26.695069299874024
2096-11-26,24.427798227311715
2096-11-27,26.109709436531364
2096-11-28,37.55411866984319
2096-11-29,47.97166857014867
2096-11-30,50.84217190602734
2096-12-01,54.887141427436376
2096-12-02,70.57386748789236
2096-12-03,108.23379582810922
2096-12-04,100.80862029319054
2096-12-05,89.72175493587405
2096-12-06,93.11660094648077
2096-12-07,79.28120757296618
2096-12-08,65.54800334368393
2096-12-09,54.97391900716963
2096-12-10,46.93196977458584
2096-12-11,40.760830407265935
2096-12-12,36.14147893546308
2096-12-13,33.64181496233444
2096-12-14,33.78173124147224
2096-12-15,31.214445322631864
2096-12-16,28.506186689075687
2096-12-17,26.3515329432274
2096-12-18,24.62540209228716
2096-12-19,25.15815236723773
2096-12-20,29.46922227420488
2096-12-21,27.850617477645766
2096-12-22,25.783671929882075
2096-12-23,30.29239048465371
2096-12-24,39.21062764010151
2096-12-25,35.340517395163516
2096-12-26,31.648016362289876
2096-12-27,32.29204445813527
2096-12-28,49.11379661494928
2096-12-29,72.59449329547958
2096-12-30,81.46655923000448
2096-12-31,107.54194736629863
2097-01-01,105.44052747258344
2097-01-02,122.16362351713094
2097-01-03,139.93959782371743
2097-01-04,304.8180945945938
2097-01-05,596.3211582561299
2097-01-06,709.900601390254
2097-01-07,499.1868558458879
2097-01-08,317.9656537039048
2097-01-09,231.49842076471873
2097-01-10,209.87919977265412
2097-01-11,191.79492129369012
2097-01-12,284.0345226504693
2097-01-13,538.6690335654965
2097-01-14,415.22372783786915
2097-01-15,273.95346431776846
2097-01-16,204.24881503298027
2097-01-17,167.5926737170806
2097-01-18,151.6162742302802
2097-01-19,125.8494664745832
2097-01-20,138.39535944437213
2097-01-21,324.49207269292134
2097-01-22,636.573969337273
2097-01-23,506.67133777714474
2097-01-24,357.89481214469544
2097-01-25,342.02089642988807
2097-01-26,259.55866592291403
2097-01-27,200.81008109088074
2097-01-28,167.69678278706687
2097-01-29,159.57940550046212
2097-01-30,146.58724205716453
2097-01-31,153.14735681381407
2097-02-01,130.7238400958719
2097-02-02,111.55330872841573
2097-02-03,113.44396045847259
2097-02-04,132.91863918587026
2097-02-05,117.01225126164188
2097-02-06,99.58030147082412
2097-02-07,88.2372085104346
2097-02-08,87.94246065580806
2097-02-09,89.439929706479
2097-02-10,81.95360293038915
2097-02-11,117.01468987342423
2097-02-12,275.20320407528385
2097-02-13,253.86389794118307
2097-02-14,212.42237203031254
2097-02-15,233.85049661690232
2097-02-16,232.62094506932658
2097-02-17,233.27221074067958
2097-02-18,256.5044510794049
2097-02-19,314.2230675099737
2097-02-20,258.92960571758493
2097-02-21,227.23427293563557
2097-02-22,218.054618960777
2097-02-23,212.4313385590839
2097-02-24,177.82496399129604
2097-02-25,146.1964061104066
2097-02-26,122.92785605499914
2097-02-27,105.63598330068118
2097-02-28,92.61718428444205
2097-03-01,82.66867762623856
2097-03-02,75.01349496229118
2097-03-03,69.06236562483467
2097-03-04,64.42150103589773
2097-03-05,60.739132482137286
2097-03-06,57.768331859514554
2097-03-07,55.5550166893027
2097-03-08,53.64538675658346
2097-03-09,53.177628866634926
2097-03-10,55.71666509569341
2097-03-11,71.37513507589487
2097-03-12,124.86700874603883
2097-03-13,141.16424388562115
2097-03-14,229.35399324317348
2097-03-15,346.6434438377093
2097-03-16,406.45634130834407
2097-03-17,317.961018985049
2097-03-18,242.02015799284297
2097-03-19,193.26345671193397
2097-03-20,167.24747495882272
2097-03-21,175.92662542386782
2097-03-22,165.56105652455773
2097-03-23,140.44091875260543
2097-03-24,119.90277906413739
2097-03-25,104.761902260447
2097-03-26,92.53850962782519
2097-03-27,83.12865941801903
2097-03-28,75.86092715187159
2097-03-29,70.1901836592435
2097-03-30,65.72016923465209
2097-03-31,62.16010168604262
2097-04-01,59.29472482068775
2097-04-02,56.963392429850764
2097-04-03,55.04530402595958
2097-04-04,53.44897839460336
2097-04-05,52.10467846701067
2097-04-06,53.25539087405276
2097-04-07,62.481198561634585
2097-04-08,66.67881665617723
2097-04-09,72.54184226456961
2097-04-10,106.16636405927153
2097-04-11,105.3694152502951
2097-04-12,114.010415297573
2097-04-13,161.5335363777023
2097-04-14,174.13947647310192
2097-04-15,150.15352238384517
2097-04-16,125.59415517756624
2097-04-17,107.36731072931394
2097-04-18,93.68429423568074
2097-04-19,83.38151127581324
2097-04-20,75.53984421115335
2097-04-21,71.63737751594765
2097-04-22,73.73182794052404
2097-04-23,69.22363759429447
2097-04-24,64.30229367633241
2097-04-25,60.40994576297501
2097-04-26,57.30004171154815
2097-04-27,54.788856583339246
2097-04-28,52.73897816870606
2097-04-29,51.046853214820025
2097-04-30,49.63389315769266
2097-05-01,48.44006204289355
2097-05-02,47.41921330309932
2097-05-03,46.682050973187195
2097-05-04,46.91507546481167
2097-05-05,46.459295725179864
2097-05-06,45.600606036215254
2097-05-07,44.84653843952275
2097-05-08,44.17815926890677
2097-05-09,43.57883828692288
2097-05-10,43.03546880532244
2097-05-11,47.795697183305045
2097-05-12,64.22786521297263
2097-05-13,62.31449922397716
2097-05-14,62.015386948257465
2097-05-15,68.6956707969993
2097-05-16,65.30430342439548
2097-05-17,61.94216002518416
2097-05-18,58.35870871114392
2097-05-19,54.70601660485559
2097-05-20,51.66597364832404
2097-05-21,51.09850387240068
2097-05-22,65.17075057131024
2097-05-23,88.8628475341182
2097-05-24,91.21234693725273
2097-05-25,82.1951667023202
2097-05-26,72.86374295184913
2097-05-27,65.91564457825591
2097-05-28,60.87105590667687
2097-05-29,56.92581302384303
2097-05-30,56.19988188376743
2097-05-31,54.18471862129553
2097-06-01,51.003353191726895
2097-06-02,48.44084817274586
2097-06-03,46.363926978813424
2097-06-04,44.67448871391087
2097-06-05,43.315688884730605
2097-06-06,42.389161342603046
2097-06-07,42.466661643320435
2097-06-08,42.15435857852673
2097-06-09,41.076832273851096
2097-06-10,40.14605792265577
2097-06-11,39.346554579693425
2097-06-12,38.65169823904733
2097-06-13,38.04069161514111
2097-06-14,37.49721015189339
2097-06-15,37.01135659491268
2097-06-16,36.591197076166445
2097-06-17,36.28821362792645
2097-06-18,35.93151754325835
2097-06-19,35.55345163837759
2097-06-20,35.20033705516861
2097-06-21,34.86805830277946
2097-06-22,34.55317252226145
2097-06-23,34.252963393656216
2097-06-24,33.965049133823115
2097-06-25,33.687608516228984
2097-06-26,33.41917112224695
2097-06-27,33.158503977425866
2097-06-28,32.90459373351694
2097-06-29,32.65660505510361
2097-06-30,32.41384729501786
2097-07-01,32.175747724669606
2097-07-02,31.941829965903008
2097-07-03,31.711696564024308
2097-07-04,31.48501486823504
2097-07-05,31.26150556160373
2097-07-06,31.05391519418728
2097-07-07,30.85936796301544
2097-07-08,30.648616646710952
2097-07-09,30.430749068470714
2097-07-10,30.215974803086038
2097-07-11,30.004058602318835
2097-07-12,29.808664491205562
2097-07-13,29.698985813406228
2097-07-14,29.639118592094345
2097-07-15,29.503903979845617
2097-07-16,29.59274784479244
2097-07-17,29.599549802191934
2097-07-18,29.329195721824536
2097-07-19,29.128564011571342
2097-07-20,28.930877267057962
2097-07-21,28.651440500249844
2097-07-22,28.378119305655193
2097-07-23,28.1206232111451
2097-07-24,27.876608395929537
2097-07-25,27.71999684770385
2097-07-26,27.717984188446497
2097-07-27,27.597960153519796
2097-07-28,27.415468918170973
2097-07-29,27.249127019427196
2097-07-30,26.994642874108877
2097-07-31,26.747013349393885
2097-08-01,26.51303642810831
2097-08-02,26.290499664050838
2097-08-03,26.077606540135836
2097-08-04,25.89957586057342
2097-08-05,25.79924133682815
2097-08-06,25.76125586258542
2097-08-07,25.762557557372606
2097-08-08,25.564660966391262
2097-08-09,25.324565674732145
2097-08-10,25.165345585313762
2097-08-11,25.10166827136759
2097-08-12,24.901363965059016
2097-08-13,24.7549645993024
2097-08-14,24.664688841891827
2097-08-15,24.504953680175323
2097-08-16,24.290393066552443
2097-08-17,24.071649916388626
2097-08-18,23.90205062158445
2097-08-19,23.730278108393396
2097-08-20,23.539702735112655
2097-08-21,24.108617059439563
2097-08-22,26.680039796956397
2097-08-23,27.925782272426943
2097-08-24,26.337183576094834
2097-08-25,25.52024983609887
2097-08-26,24.88849768286255
2097-08-27,24.35012519139636
2097-08-28,23.887549025681626
2097-08-29,23.485760628050784
2097-08-30,23.13285579119417
2097-08-31,22.819394570573806
2097-09-01,22.538048731777042
2097-09-02,22.28291168374638
2097-09-03,22.054088926673955
2097-09-04,22.004516571368253
2097-09-05,22.674256597259514
2097-09-06,22.137135921986555
2097-09-07,21.852997341851893
2097-09-08,21.611520888154732
2097-09-09,21.386215289095087
2097-09-10,21.16690442082083
2097-09-11,20.962164391742963
2097-09-12,20.77151014729295
2097-09-13,20.592080955789466
2097-09-14,20.421902266213934
2097-09-15,20.259789859060167
2097-09-16,20.104512983229416
2097-09-17,19.955059418611697
2097-09-18,19.810597048865144
2097-09-19,19.670446542001837
2097-09-20,19.53416243717529
2097-09-21,20.001679171290252
2097-09-22,21.324672416325996
2097-09-23,20.55338171434406
2097-09-24,20.09515358181341
2097-09-25,19.8104948681745
2097-09-26,19.561640787179208
2097-09-27,19.356424405223514
2097-09-28,19.15156959705078
2097-09-29,18.9557238851251
2097-09-30,18.774676870158682
2097-10-01,18.605915944862186
2097-10-02,18.447399637848893
2097-10-03,24.77860245304142
2097-10-04,32.573000182734106
2097-10-05,31.935397916375152
2097-10-06,30.499178209551896
2097-10-07,29.356098016490947
2097-10-08,27.519639539407304
2097-10-09,26.457390444172216
2097-10-10,24.88336745781744
2097-10-11,23.52431941764493
2097-10-12,22.417902837751466
2097-10-13,21.54724667968496
2097-10-14,21.39621038559426
2097-10-15,21.982721216877703
2097-10-16,21.196437471514216
2097-10-17,20.46852834734912
2097-10-18,19.861085021910284
2097-10-19,19.58910685422516
2097-10-20,19.85657599201554
2097-10-21,20.24222305340182
2097-10-22,21.87503965399929
2097-10-23,22.362860823598595
2097-10-24,22.08376841827562
2097-10-25,28.199781860847978
2097-10-26,40.94445975070281
2097-10-27,41.243211150164186
2097-10-28,37.110787659392365
2097-10-29,33.068709322001226
2097-10-30,29.86357640473379
2097-10-31,27.428518094525106
2097-11-01,32.35795338611174
2097-11-02,63.17653053906964
2097-11-03,106.76981735237432
2097-11-04,94.9701502728379
2097-11-05,85.50357706367072
2097-11-06,99.26585896711451
2097-11-07,91.51642448917602
2097-11-08,88.65030644269252
2097-11-09,80.65601903422704
2097-11-10,67.82260927974137
2097-11-11,57.18532718746721
2097-11-12,49.08928381747632
2097-11-13,42.872328960287795
2097-11-14,38.05754681755206
2097-11-15,34.297972636163216
2097-11-16,31.33874445266254
2097-11-17,28.99540223702083
2097-11-18,27.129731108729256
2097-11-19,25.613278309653424
2097-11-20,24.3809752557473
2097-11-21,23.371228215218466
2097-11-22,22.53668082553691
2097-11-23,22.05179164490345
2097-11-24,21.928954924662463
2097-11-25,21.327871596026494
2097-11-26,20.798855462294412
2097-11-27,20.746405461447207
2097-11-28,22.719468679679224
2097-11-29,23.038102224007105
2097-11-30,22.15609496376301
2097-12-01,21.401533960228477
2097-12-02,20.771062088566847
2097-12-03,20.239264772083644
2097-12-04,19.786303790348082
2097-12-05,19.396616522356286
2097-12-06,19.05793703501601
2097-12-07,18.76055476261216
2097-12-08,18.496749792508222
2097-12-09,18.260360281966797
2097-12-10,18.04644934018165
2097-12-11,17.851047221780792
2097-12-12,17.670950858396427
2097-12-13,29.002187479115502
2097-12-14,69.55674995640184
2097-12-15,86.68180168511611
2097-12-16,89.89785678655723
2097-12-17,76.5589367281499
2097-12-18,71.85474726520063
2097-12-19,83.4419111196583
2097-12-20,72.8616440678678
2097-12-21,62.30496709915223
2097-12-22,58.12987322678851
2097-12-23,56.785809675508716
2097-12-24,83.93405023553778
2097-12-25,168.59125066380682
2097-12-26,177.52008480601066
2097-12-27,174.88594948964115
2097-12-28,174.2890233617076
2097-12-29,199.73278156610226
2097-12-30,196.86287533329664
2097-12-31,265.5023245791919
2098-01-01,302.4519479374105
2098-01-02,231.59272358053678
2098-01-03,177.3704900312388
2098-01-04,140.07486642900008
2098-01-05,112.87949486413756
2098-01-06,92.80618100761792
2098-01-07,77.82307828735335
2098-01-08,66.52248275572863
2098-01-09,57.915529533428895
2098-01-10,51.30631210410829
2098-01-11,60.37403153088146
2098-01-12,111.45569173577213
2098-01-13,153.09043241454427
2098-01-14,166.04730954695017
2098-01-15,140.65028840376178
2098-01-16,113.94921714340813
2098-01-17,104.71452496993805
2098-01-18,129.58309738323803
2098-01-19,154.93704093476427
2098-01-20,144.8705936899462
2098-01-21,186.03346803959946
2098-01-22,323.25751245008917
2098-01-23,265.45146103673244
2098-01-24,195.20286191802086
2098-01-25,155.41562893803606
2098-01-26,134.8083292490161
2098-01-27,130.07296721770007
2098-01-28,127.85001518197596
2098-01-29,185.9514961945612
2098-01-30,210.53877879749822
2098-01-31,176.12672510241484
2098-02-01,159.54685788994672
2098-02-02,194.82915599903038
2098-02-03,168.4459313793498
2098-02-04,140.94284438122736
2098-02-05,130.21241885596143
2098-02-06,110.4319090227721
2098-02-07,120.756486679427
2098-02-08,234.85384384513168
2098-02-09,407.0417381672523
2098-02-10,405.8001071613243
2098-02-11,338.7653908106516
2098-02-12,290.1974503493105
2098-02-13,363.9648692678315
2098-02-14,309.64461429835904
2098-02-15,316.82875515712914
2098-02-16,248.7663017833021
2098-02-17,196.12902464557953
2098-02-18,207.57712988750805
2098-02-19,380.88098274257095
2098-02-20,325.55030864388794
2098-02-21,239.55308978418023
2098-02-22,190.39646170250035
2098-02-23,173.14750338180014
2098-02-24,203.6482150080778
2098-02-25,208.38104759125488
2098-02-26,284.2170101744311
2098-02-27,369.9006654787666
2098-02-28,296.9692991174445
2098-03-01,231.6547350999483
2098-03-02,205.10932459760303
2098-03-03,204.14385763803145
2098-03-04,183.1785463521392
2098-03-05,152.20557894807538
2098-03-06,128.3598978910023
2098-03-07,110.6044315052444
2098-03-08,97.23152561138824
2098-03-09,87.66159933914076
2098-03-10,86.5126028425325
2098-03-11,109.86046874139363
2098-03-12,135.48025612709793
2098-03-13,131.0371813375028
2098-03-14,151.808884336641
2098-03-15,212.92010614817812
2098-03-16,199.8142783147605
2098-03-17,194.57128276528877
2098-03-18,241.2959534372909
2098-03-19,223.4060849261599
2098-03-20,182.85887107758984
2098-03-21,159.02251566051362
2098-03-22,176.22633467162413
2098-03-23,208.00048488219247
2098-03-24,239.92936396663697
2098-03-25,385.6502274083375
2098-03-26,316.8919591041577
2098-03-27,237.9923425867506
2098-03-28,191.8607026612543
2098-03-29,158.6659885472233
2098-03-30,134.29369373681413
2098-03-31,118.42766915363994
2098-04-01,141.43010500733973
2098-04-02,230.78707116542424
2098-04-03,210.98180550540363
2098-04-04,207.04467609488083
2098-04-05,249.7979837530941
2098-04-06,226.01662844367624
2098-04-07,186.83097056947543
2098-04-08,155.59784319719088
2098-04-09,132.5721695277898
2098-04-10,115.38956124667725
2098-04-11,102.41769489966315
2098-04-12,92.53034289681635
2098-04-13,86.85316304605472
2098-04-14,88.4893603530199
2098-04-15,87.14321604044729
2098-04-16,82.6426237609905
2098-04-17,79.72571633765632
2098-04-18,75.57320016211892
2098-04-19,71.3626182507861
2098-04-20,67.99625873035694
2098-04-21,65.27371279119215
2098-04-22,63.65272822074553
2098-04-23,63.869639458182775
2098-04-24,62.416085929089896
2098-04-25,60.5718546219291
2098-04-26,59.025474697127386
2098-04-27,57.71335041251505
2098-04-28,56.58515629422305
2098-04-29,55.60315042142478
2098-04-30,54.737686749310065
2098-05-01,53.96564494491073
2098-05-02,53.268908359883405
2098-05-03,52.63321355632902
2098-05-04,52.047280009194715
2098-05-05,51.50214789553544
2098-05-06,50.99067142482022
2098-05-07,50.50712914151541
2098-05-08,50.18310779741455
2098-05-09,52.233945642902235
2098-05-10,58.86045778777333
2098-05-11,60.78410306904479
2098-05-12,68.2269024877886
2098-05-13,65.60494217585051
2098-05-14,61.83702226973434
2098-05-15,58.82269301014309
2098-05-16,56.385133587090984
2098-05-17,55.28458734353877
2098-05-18,55.81849020405516
2098-05-19,54.377605009088334
2098-05-20,52.62613516786362
2098-05-21,51.16727545644482
2098-05-22,52.4909722527822
2098-05-23,58.19734968078473
2098-05-24,56.41029525829118
2098-05-25,54.005756462838626
2098-05-26,52.04210074280656
2098-05-27,50.42036226459498
2098-05-28,49.06552193209608
2098-05-29,47.920238297394654
2098-05-30,46.94041515127048
2098-05-31,46.09194791018124
2098-06-01,45.3483173563237
2098-06-02,44.68879748391831
2098-06-03,44.09711184761204
2098-06-04,43.56376667586113
2098-06-05,43.07280033420537
2098-06-06,42.61694696373953
2098-06-07,42.198390725289784
2098-06-08,42.069289526026715
2098-06-09,42.39387737492194
2098-06-10,42.3211395916308
2098-06-11,42.304273826672166
2098-06-12,44.57644342755799
2098-06-13,46.08525994215879
2098-06-14,45.672543788334586
2098-06-15,44.880738361828215
2098-06-16,43.684236469839846
2098-06-17,42.639760044386584
2098-06-18,41.74878784840305
2098-06-19,40.97976408196289
2098-06-20,40.308023574222155
2098-06-21,39.714288947332385
2098-06-22,39.18342174570378
2098-06-23,38.70347990931288
2098-06-24,38.265002273893494
2098-06-25,37.86046239664162
2098-06-26,37.57393956831961
2098-06-27,37.56265899675609
2098-06-28,37.40744577505919
2098-06-29,37.09865787919725
2098-06-30,36.70710953359154
2098-07-01,38.36395752591807
2098-07-02,43.71362019129478
2098-07-03,42.41229131541481
2098-07-04,41.48918937104884
2098-07-05,45.86562796374296
2098-07-06,54.62764595463239
2098-07-07,56.87230870673682
2098-07-08,55.35449483312362
2098-07-09,51.52482188366019
2098-07-10,47.97914946540678
2098-07-11,45.157259613703395
2098-07-12,43.00262498150014
2098-07-13,41.38371136659549
2098-07-14,39.843753788108465
2098-07-15,38.544881365801984
2098-07-16,37.461849318946356
2098-07-17,36.54893852095949
2098-07-18,37.91928048344565
2098-07-19,43.10870490993117
2098-07-20,41.59159325939791
2098-07-21,39.769613961766716
2098-07-22,38.26072433765483
2098-07-23,37.015742135810676
2098-07-24,35.97772387145162
2098-07-25,35.10285022822177
2098-07-26,34.35725322897118
2098-07-27,33.71461475769049
2098-07-28,33.15437920699228
2098-07-29,32.66041430730321
2098-07-30,32.22503796480789
2098-07-31,31.87653030803432
2098-08-01,31.66303674145306
2098-08-02,32.182596561996874
2098-08-03,31.773627353695094
2098-08-04,31.856233296678678
2098-08-05,33.35947982023281
2098-08-06,32.46548032511944
2098-08-07,31.813504150881204
2098-08-08,31.249091300848665
2098-08-09,30.755077170491603
2098-08-10,30.317799329084142
2098-08-11,29.92646207298119
2098-08-12,29.572499231916748
2098-08-13,29.2490866386659
2098-08-14,28.95076719789266
2098-08-15,28.67316114362262
2098-08-16,28.41274109107353
2098-08-17,28.17928080503305
2098-08-18,27.961788972355436
2098-08-19,27.735603462988205
2098-08-20,27.516558995308415
2098-08-21,27.35263865499832
2098-08-22,27.291944130490936
2098-08-23,27.10976646907025
2098-08-24,26.887222980059505
2098-08-25,26.67408761426348
2098-08-26,26.46906230921881
2098-08-27,26.270967560766774
2098-08-28,26.078835647316634
2098-08-29,25.891870359042752
2098-08-30,25.709414770100665
2098-08-31,25.53092536801481
2098-09-01,25.355951224830438
2098-09-02,25.204981985913346
2098-09-03,26.34576102609688
2098-09-04,27.06197293047846
2098-09-05,26.05377841266309
2098-09-06,25.778187741426553
2098-09-07,25.44859435185282
2098-09-08,25.132322226425146
2098-09-09,24.846077542250324
2098-09-10,24.69564751814495
2098-09-11,24.86658528154874
2098-09-12,25.088657603668498
2098-09-13,24.941412380922205
2098-09-14,24.534612243246297
2098-09-15,24.216981541253958
2098-09-16,23.931832400588434
2098-09-17,23.67232329563872
2098-09-18,23.449588669104397
2098-09-19,23.331955685307772
2098-09-20,23.1432857746055
2098-09-21,22.926436559080248
2098-09-22,22.724458707181807
2098-09-23,22.533965448102148
2098-09-24,22.353095438297355
2098-09-25,22.180333926158244
2098-09-26,22.014444550769067
2098-09-27,21.854415262609688
2098-09-28,21.699415292272175
2098-09-29,21.55033657288942
2098-09-30,21.404911861559857
2098-10-01,21.260999534704247
2098-10-02,21.120031543263007
2098-10-03,20.981719546809163
2098-10-04,20.84832735096251
2098-10-05,20.72809178003605
2098-10-06,20.628808711327544
2098-10-07,20.535765201565987
2098-10-08,20.434607899434145
2098-10-09,20.544451615393754
2098-10-10,20.35275721148897
2098-10-11,20.18682580375364
2098-10-12,20.032573199412674
2098-10-13,19.884711673693598
2098-10-14,19.742286808972867
2098-10-15,19.604515665656134
2098-10-16,19.470754207910453
2098-10-17,19.340471228460927
2098-10-18,19.213300533333378
2098-10-19,19.089869560261537
2098-10-20,18.96794709139861
2098-10-21,18.847704854876273
2098-10-22,18.77093168471755
2098-10-23,24.692341009433182
2098-10-24,29.319969132704134
2098-10-25,26.351256229540486
2098-10-26,24.792527449724105
2098-10-27,23.54070826034553
2098-10-28,22.521444484054992
2098-10-29,21.684459660630697
2098-10-30,20.991097521061352
2098-10-31,20.411465312633563
2098-11-01,19.92232203463779
2098-11-02,19.50550618045099
2098-11-03,19.230417943020644
2098-11-04,21.500545609437054
2098-11-05,26.060615325708923
2098-11-06,27.795650903318485
2098-11-07,29.288627673162626
2098-11-08,38.935087554964696
2098-11-09,60.29434490624599
2098-11-10,56.02235746194655
2098-11-11,49.769959134875904
2098-11-12,48.25122424078314
2098-11-13,47.94863474686605
2098-11-14,56.03409140537719
2098-11-15,50.42688786339094
2098-11-16,43.597158020467965
2098-11-17,40.38609533965252
2098-11-18,43.23683598286208
2098-11-19,39.47773588201616
2098-11-20,35.70540249633267
2098-11-21,35.52122950922422
2098-11-22,41.03665540730015
2098-11-23,49.28636070560059
2098-11-24,58.02149761351702
2098-11-25,64.09190856851852
2098-11-26,64.88165404778664
2098-11-27,74.31533535061115
2098-11-28,118.54330871593214
2098-11-29,106.21471482785499
2098-11-30,86.00574241820065
2098-12-01,70.99880755910661
2098-12-02,59.74250631372822
2098-12-03,51.27198151062757
2098-12-04,49.42572246214774
2098-12-05,60.152231903060134
2098-12-06,57.687592714615754
2098-12-07,61.06217914547981
2098-12-08,60.32331918215434
2098-12-09,63.73452601907687
2098-12-10,64.98067474457706
2098-12-11,89.6562677713801
2098-12-12,88.75698995706853
2098-12-13,102.32013624326771
2098-12-14,138.0868834840591
2098-12-15,175.91626070977466
2098-12-16,151.41176530223524
2098-12-17,119.91232851126229
2098-12-18,98.13290574576321
2098-12-19,85.88158599647024
2098-12-20,73.53340811365386
2098-12-21,62.57980691415754
2098-12-22,60.156061317521555
2098-12-23,83.83039102089243
2098-12-24,124.55307550105375
2098-12-25,183.2603200234395
2098-12-26,164.3046451211095
2098-12-27,138.83507100067519
2098-12-28,150.3849333054748
2098-12-29,222.31768283175543
2098-12-30,310.1949258916337
2098-12-31,246.97413123894736
2099-01-01,187.01984776224958
2099-01-02,149.70401336706925
2099-01-03,145.64631732154112
2099-01-04,189.0367691352462
2099-01-05,238.2329093362631
2099-01-06,454.44711686989103
2099-01-07,402.35375629479944
2099-01-08,283.8401472809954
2099-01-09,208.56718012808878
2099-01-10,170.67348119120638
2099-01-11,165.3713800905508
2099-01-12,227.79058385370323
2099-01-13,226.13451575960565
2099-01-14,185.23749796249638
2099-01-15,163.8423764208483
2099-01-16,193.79438785724517
2099-01-17,247.49130519718972
2099-01-18,264.62539065681705
2099-01-19,221.17019660170396
2099-01-20,176.28585928326098
2099-01-21,142.6711077767684
2099-01-22,118.10569693497466
2099-01-23,113.47402112990079
2099-01-24,139.55688958641028
2099-01-25,129.89799448217443
2099-01-26,126.30796969032554
2099-01-27,125.41509156404048
2099-01-28,135.1469977580837
2099-01-29,263.3148903796462
2099-01-30,450.17721162149684
2099-01-31,418.95282576724617
2099-02-01,320.72826921984665
2099-02-02,236.98271628530924
2099-02-03,189.9327742556618
2099-02-04,167.14363562242696
2099-02-05,173.4288894535887
2099-02-06,170.55699909137334
2099-02-07,156.8047461224668
2099-02-08,180.306321707688
2099-02-09,183.08516055000712
2099-02-10,162.18591405247955
2099-02-11,169.2305216604047
2099-02-12,148.30576219580553
2099-02-13,124.29781571413183
2099-02-14,106.34932109480644
2099-02-15,92.89134367053133
2099-02-16,82.68525769699663
2099-02-17,74.86044592157894
2099-02-18,68.79736941513671
2099-02-19,64.04998851298028
2099-02-20,60.29374130830695
2099-02-21,57.29014599159901
2099-02-22,72.8739515104064
2099-02-23,147.0771841040822
2099-02-24,171.70315836392058
2099-02-25,147.87839197365975
2099-02-26,123.91430580152796
2099-02-27,106.29620883009795
2099-02-28,93.11957228466683
2099-03-01,103.0516111555459
2099-03-02,161.6258643727273
2099-03-03,149.82677790524156
2099-03-04,145.3626135412895
2099-03-05,222.45663821253808
2099-03-06,306.5024458232294
2099-03-07,265.20872546210154
2099-03-08,210.44950506323298
2099-03-09,170.25081035414073
2099-03-10,140.9923040853525
2099-03-11,119.42177967903734
2099-03-12,103.32499616888265
2099-03-13,91.17503715064747
2099-03-14,81.90368838154312
2099-03-15,74.75385954268397
2099-03-16,69.18259343472184
2099-03-17,79.55197726844723
2099-03-18,129.36927586543763
2099-03-19,151.6382372432653
2099-03-20,135.85855141140726
2099-03-21,119.14103398469388
2099-03-22,122.67502033514239
2099-03-23,119.62581371372382
2099-03-24,109.71218797067154
2099-03-25,106.64869948934887
2099-03-26,99.09405998276958
2099-03-27,91.3400919182058
2099-03-28,89.7325631649283
2099-03-29,92.27912703158198
2099-03-30,101.53183753569016
2099-03-31,107.96789758641694
2099-04-01,101.58398429836622
2099-04-02,91.55081848396787
2099-04-03,84.29821653611424
2099-04-04,79.02161571330716
2099-04-05,91.15802428382779
2099-04-06,124.67852392842359
2099-04-07,130.60114205881422
2099-04-08,131.21883113669992
2099-04-09,128.53085132230237
2099-04-10,115.93522231924858
2099-04-11,100.87088345966794
2099-04-12,89.09887428340994
2099-04-13,80.10099626021629
2099-04-14,81.24464846594005
2099-04-15,104.95185297886236
2099-04-16,99.31360648881598
2099-04-17,87.90067434724529
2099-04-18,79.06156548214405
2099-04-19,72.23635053686861
2099-04-20,67.22285349802104
2099-04-21,63.32399466083759
2099-04-22,61.78739221970267
2099-04-23,62.57130153317078
2099-04-24,59.61561731317757
2099-04-25,56.79671516423232
2099-04-26,54.50982104061589
2099-04-27,52.63969764260591
2099-04-28,51.160159760117836
2099-04-29,49.88317356001551
2099-04-30,48.75594497442677
2099-05-01,47.78742077607482
2099-05-02,47.1510757693984
2099-05-03,48.10169403564422
2099-05-04,51.429093740630144
2099-05-05,52.73721871504129
2099-05-06,54.76190887164672
2099-05-07,61.459961232673294
2099-05-08,58.41948969570732
2099-05-09,55.2114478353951
2099-05-10,53.4650610904683
2099-05-11,51.538271111346035
2099-05-12,49.63176579465076
2099-05-13,48.38285664220226
2099-05-14,58.108595694292575
2099-05-15,81.34895673456282
2099-05-16,75.79292728001259
2099-05-17,69.87456031184892
2099-05-18,64.23567271371489
2099-05-19,59.362911191081004
2099-05-20,59.942985527201735
2099-05-21,83.37231206978132
2099-05-22,126.61488532271345
2099-05-23,146.74048886829024
2099-05-24,133.249543898915
2099-05-25,116.02418239467833
2099-05-26,111.27691309520198
2099-05-27,122.41925855735586
2099-05-28,124.31557438570303
2099-05-29,153.76004015252354
2099-05-30,134.754428337644
2099-05-31,113.1353996246155
2099-06-01,97.00220093393072
2099-06-02,84.83207759247624
2099-06-03,75.5550135405005
2099-06-04,68.41159330303584
2099-06-05,62.85658018253025
2099-06-06,58.49435035338127
2099-06-07,57.90579284560054
2099-06-08,62.80251150513586
2099-06-09,59.814499929082494
2099-06-10,56.07417664335876
2099-06-11,53.04695996903617
2099-06-12,50.55809518345851
2099-06-13,48.53394478359626
2099-06-14,49.24800351211425
2099-06-15,56.79149514555028
2099-06-16,55.617536056852835
2099-06-17,52.3968004957754
2099-06-18,49.80973049500804
2099-06-19,47.71682546434791
2099-06-20,46.00533098102966
2099-06-21,44.58483431846782
2099-06-22,43.39542679024638
2099-06-23,42.38897002960563
2099-06-24,41.527399810854384
2099-06-25,40.78116854530507
2099-06-26,40.127221753998406
2099-06-27,39.54748366194613
2099-06-28,39.02771664874466
2099-06-29,38.6442206703427
2099-06-30,38.45260272505564
2099-07-01,38.03738462913188
2099-07-02,37.61556471006889
2099-07-03,37.225341661268054
2099-07-04,36.861206014420695
2099-07-05,36.51871154746762
2099-07-06,36.19427332066249
2099-07-07,35.884991002164035
2099-07-08,35.58851041068056
2099-07-09,35.30291457048831
2099-07-10,35.02673557338294
2099-07-11,34.8088928900612
2099-07-12,34.64934753829085
2099-07-13,34.38668828835802
2099-07-14,34.12146793132349
2099-07-15,33.91837970145092
2099-07-16,33.79813273885764
2099-07-17,33.8352451531694
2099-07-18,33.659661937573574
2099-07-19,33.33810239774257
2099-07-20,33.035876189961286
2099-07-21,32.74948579399751
2099-07-22,32.47636556122749
2099-07-23,32.214437714405314
2099-07-24,31.96201396197043
2099-07-25,31.717718036404914
2099-07-26,33.521636681915254
2099-07-27,36.47122280474657
2099-07-28,35.048896296131375
2099-07-29,34.188244614111305
2099-07-30,33.41424177814503
2099-07-31,32.75111855639776
2099-08-01,32.176950563780466
2099-08-02,31.674087108330422
2099-08-03,31.228653740122713
2099-08-04,30.829696035071322
2099-08-05,30.46852860807341
2099-08-06,30.138237477082782
2099-08-07,29.833297692896235
2099-08-08,29.549278096112157
2099-08-09,29.28261228489417
2099-08-10,29.03042015542353
2099-08-11,28.79036825852715
2099-08-12,28.56056008744356
2099-08-13,28.33944954796461
2099-08-14,28.125782610860515
2099-08-15,27.918505929064953
2099-08-16,27.71694065783771
2099-08-17,27.52039223851675
2099-08-18,27.327685354751633
2099-08-19,27.13876592445258
2099-08-20,26.953232174172257
2099-08-21,26.770747951922235
2099-08-22,26.622203354853976
2099-08-23,26.569422026486205
2099-08-24,26.447408608758877
2099-08-25,26.27173915387497
2099-08-26,26.073915045433584
2099-08-27,25.882315462644076
2099-08-28,25.696247872651682
2099-08-29,25.514979915117177
2099-08-30,25.33790782990189
2099-08-31,25.164532451028403
2099-09-01,24.994439905287805
2099-09-02,24.82728651310129
2099-09-03,24.662878814073597
2099-09-04,24.500821242457448
2099-09-05,24.340925585009142
2099-09-06,24.18397795179797
2099-09-07,24.029517063489333
2099-09-08,23.875479928505943
2099-09-09,23.722683317139428
2099-09-10,23.571517382250544
2099-09-11,23.421899526607678
2099-09-12,23.27375858884112
2099-09-13,23.127033187256
2099-09-14,22.981670127209554
2099-09-15,22.83762308023769
2099-09-16,22.69485148664289
2099-09-17,22.5533196421964
2099-09-18,22.41299593682255
2099-09-19,22.273852218970365
2099-09-20,22.135863264109947
2099-09-21,21.999006329637933
2099-09-22,21.86326078160812
2099-09-23,21.72972358139793
2099-09-24,21.597244012569732
2099-09-25,21.48488545251382
2099-09-26,21.80971280242308
2099-09-27,22.26334937327459
2099-09-28,21.60796051155742
2099-09-29,21.339924154916115
2099-09-30,21.158636545697306
2099-10-01,20.987563845536013
2099-10-02,20.824891533035288
2099-10-03,20.6692989451556
2099-10-04,20.52202003583471
2099-10-05,20.957555457589113
2099-10-06,23.701106672058284
2099-10-07,23.733692055493293
2099-10-08,24.067751581107505
2099-10-09,24.438217789288405
2099-10-10,23.27418807199622
2099-10-11,22.54098072651035
2099-10-12,22.045812850642346
2099-10-13,22.40431704355918
2099-10-14,22.467429777491997
2099-10-15,21.769083441175354
2099-10-16,21.350967760464844
2099-10-17,22.028280329201134
2099-10-18,24.96847899114455
2099-10-19,28.224424466877448
2099-10-20,28.29121182663234
2099-10-21,28.764379852908988
2099-10-22,26.76708488510887
2099-10-23,25.210076558658358
2099-10-24,24.048486327005026
2099-10-25,23.329379193278754
2099-10-26,22.475352373588724
2099-10-27,21.990409992419888
2099-10-28,22.555190243326347
2099-10-29,21.91992989171087
2099-10-30,21.23356578873014
2099-10-31,20.989737302071873
2099-11-01,22.26383099513973
2099-11-02,22.32178125377938
2099-11-03,21.47456173752187
2099-11-04,26.099531786206487
2099-11-05,30.82884666700924
2099-11-06,28.166027394953
2099-11-07,26.21982313300849
2099-11-08,26.109576959576305
2099-11-09,27.951389909442327
2099-11-10,26.231876836583396
2099-11-11,24.596891839695648
2099-11-12,23.32582527171303
2099-11-13,22.348607702353693
2099-11-14,21.44655515610391
2099-11-15,20.694727680188446
2099-11-16,20.073626528644084
2099-11-17,20.16470921797705
2099-11-18,24.755345604824683
2099-11-19,27.65919345408297
2099-11-20,25.96563652928121
2099-11-21,25.046962821083568
2099-11-22,26.74605491941736
2099-11-23,26.819748859017825
2099-11-24,27.126541745097484
2099-11-25,25.348384187596864
2099-11-26,26.06839984434187
2099-11-27,43.39335195580358
2099-11-28,93.79508454586708
2099-11-29,165.98739235741638
2099-11-30,158.04650272026288
2099-12-01,130.96833038356962
2099-12-02,117.54062078576914
2099-12-03,104.22312728534973
2099-12-04,90.59498730758769
2099-12-05,91.5816366569757
2099-12-06,86.77072294392366
2099-12-07,104.89563189311798
2099-12-08,100.7220541154499
2099-12-09,88.49912178074739
2099-12-10,76.52548379448426
2099-12-11,71.30915670185802
2099-12-12,73.96034348041907
2099-12-13,102.31426235888493
2099-12-14,96.19833376054639
2099-12-15,79.98099907539418
2099-12-16,67.074521577961
2099-12-17,57.321545535289715
2099-12-18,49.88047912232358
2099-12-19,44.15123341340202
2099-12-20,39.70119472895412
2099-12-21,36.21520334743988
2099-12-22,35.5978189874237
2099-12-23,45.6641894289144
2099-12-24,55.82682078452555
2099-12-25,85.84464781721708
2099-12-26,97.86406562314089
2099-12-27,95.66794341164331
2099-12-28,111.93398525331575
2099-12-29,110.04588131610596
2099-12-30,117.93331132650569
2099-12-31,182.55507167330313
2100-01-01,171.73219531776377
2100-01-02,178.25336210217986
2100-01-03,244.58398858603434
2100-01-04,243.17905200171583
2100-01-05,253.5317038794819
2100-01-06,232.92682705754422
2100-01-07,207.31241458050272
2100-01-08,257.963999441472
2100-01-09,335.3347368459577
2100-01-10,338.13623372115575
2100-01-11,291.12079337292033
2100-01-12,224.78199130451142
2100-01-13,177.12534409496615
2100-01-14,147.21819610248693
2100-01-15,150.28357771000557
2100-01-16,197.59942083813777
2100-01-17,203.2831164743109
2100-01-18,222.01064492208093
2100-01-19,198.48808068817527
2100-01-20,193.45809338258167
2100-01-21,256.7662605475515
2100-01-22,230.5582818726067
2100-01-23,255.55976415874682
2100-01-24,394.4581091281644
2100-01-25,382.3056251289185
2100-01-26,296.5523371802342
2100-01-27,232.1765057851626
2100-01-28,237.21328130013978
2100-01-29,285.48163381172265
2100-01-30,274.14690312130136
2100-01-31,220.02451127924598
2100-02-01,176.15948418193398
2100-02-02,144.0217187266199
2100-02-03,120.44118454854042
2100-02-04,103.12484410710023
2100-02-05,95.9571680681757
2100-02-06,106.99703693840483
2100-02-07,112.23687890766598
2100-02-08,101.29439292390168
2100-02-09,94.60705684044837
2100-02-10,89.57237751741779
2100-02-11,81.21941959857926
2100-02-12,93.43090948476402
2100-02-13,156.15131676134203
2100-02-14,154.9174519645814
2100-02-15,138.56527988543323
2100-02-16,142.8434496495829
2100-02-17,141.87476333398448
2100-02-18,154.93252033156443
2100-02-19,161.62178405524114
2100-02-20,160.61383184398997
2100-02-21,147.0308155646159
2100-02-22,125.42403794167616
2100-02-23,107.1480405309717
2100-02-24,93.40637138471999
2100-02-25,82.96331592807915
2100-02-26,74.94435249409744
2100-02-27,68.72408889054581
2100-02-28,63.850405204766815
2100-03-01,59.99316858165272
2100-03-02,56.90909152066666
2100-03-03,55.370290892186496
2100-03-04,56.24840686544122
2100-03-05,54.481641024736206
2100-03-06,52.343683112051934
2100-03-07,50.583640636608635
2100-03-08,50.67491002053493
2100-03-09,55.392000484180535
2100-03-10,54.38012581167343
2100-03-11,52.00674241095765
2100-03-12,50.06885621884309
2100-03-13,51.37725286002118
2100-03-14,61.47657793962134
2100-03-15,62.195552557401236
2100-03-16,58.57829545710695
2100-03-17,55.24855885113385
2100-03-18,59.23204217802819
2100-03-19,80.13533323980752
2100-03-20,91.49982988856839
2100-03-21,104.5110868208733
2100-03-22,94.61520764406173
2100-03-23,82.75227557106642
2100-03-24,73.70718900958546
2100-03-25,66.74169705470092
2100-03-26,61.323951743016714
2100-03-27,57.06825945968308
2100-03-28,53.6921444671104
2100-03-29,53.80522760356987
2100-03-30,62.731443612180776
2100-03-31,61.06975472090215
2100-04-01,56.66468240982692
2100-04-02,53.180810733435415
2100-04-03,53.49272088647539
2100-04-04,61.483955335678445
2100-04-05,58.53641155800582
2100-04-06,54.51327368275298
2100-04-07,51.32199421273995
2100-04-08,48.76520205041314
2100-04-09,46.69534873946325
2100-04-10,45.00175387638729
2100-04-11,44.10647328585958
2100-04-12,44.59828369393282
2100-04-13,47.09156230945558
2100-04-14,62.365757241289664
2100-04-15,76.39182896160858
2100-04-16,73.96325632682552
2100-04-17,72.79962530455319
2100-04-18,69.72271084146676
2100-04-19,76.08727585994552
2100-04-20,70.91928648592192
2100-04-21,66.67495433357062
2100-04-22,72.2404167832151
2100-04-23,67.8813017800636
2100-04-24,61.7644172396343
2100-04-25,60.46993878869682
2100-04-26,63.34328760887666
2100-04-27,60.43547104552732
2100-04-28,60.01935030224033
2100-04-29,66.13322476838464
2100-04-30,89.06938843123457
2100-05-01,99.64690793757688
2100-05-02,99.12878518386445
2100-05-03,93.66981837737092
2100-05-04,83.11057698727534
2100-05-05,73.07514391605503
2100-05-06,65.31669598674124
2100-05-07,59.30941036106619
2100-05-08,56.49359506041154
2100-05-09,58.66992876516655
2100-05-10,55.98428546781523
2100-05-11,52.12936185052598
2100-05-12,49.92153045010426
2100-05-13,55.15788811309688
2100-05-14,66.88522805383012
2100-05-15,63.32290380161979
2100-05-16,57.555113646475576
2100-05-17,53.03209546984985
2100-05-18,49.46209539242847
2100-05-19,46.617618939514095
2100-05-20,44.329401270281856
2100-05-21,42.470508770673014
2100-05-22,40.94505340995452
2100-05-23,39.680103141925116
2100-05-24,38.61984599346291
2100-05-25,37.72126352353731
2100-05-26,36.95106583949608
2100-05-27,36.28334031249446
2100-05-28,35.69780454281528
2100-05-29,35.17851280821602
2100-05-30,34.712872329741465
2100-05-31,34.29089568194272
2100-06-01,33.90462950282501
2100-06-02,33.54771562751556
2100-06-03,33.819439119407846
2100-06-04,35.64357864053518
2100-06-05,50.336242937955454
2100-06-06,79.1650458749347
2100-06-07,75.40125318189828
2100-06-08,67.287493403265
2100-06-09,63.07277344829399
2100-06-10,60.0013314554854
2100-06-11,57.329599631826596
2100-06-12,52.943659833268676
2100-06-13,48.61568795162566
2100-06-14,45.19721936471013
2100-06-15,42.47579988335977
2100-06-16,40.28930751785911
2100-06-17,38.56896595371887
2100-06-18,37.96277103246917
2100-06-19,38.42403620250399
2100-06-20,41.47791675972571
2100-06-21,49.211148453306045
2100-06-22,47.2129440754614
2100-06-23,43.976237004283696
2100-06-24,41.503442300688505
2100-06-25,39.895676504512984
2100-06-26,38.24323107607227
2100-06-27,36.63748801430127
2100-06-28,35.31237956986822
2100-06-29,34.213474072187644
2100-06-30,33.29283697305517
2100-07-01,32.51321683359906
2100-07-02,31.845719293851307
2100-07-03,31.434541272238047
2100-07-04,31.411834494989048
2100-07-05,31.016712068180553
2100-07-06,30.497179411264707
2100-07-07,30.038275096380215
2100-07-08,29.629159511318864
2100-07-09,29.260474091817713
2100-07-10,28.92480988594454
2100-07-11,28.616258078640925
2100-07-12,28.33006780441909
2100-07-13,28.062413470049435
2100-07-14,27.810204811427514
2100-07-15,27.570937323909806
2100-07-16,27.34257477716488
2100-07-17,27.129931238826146
2100-07-18,27.154588089997564
2100-07-19,27.399545776740066
2100-07-20,27.190655284603064
2100-07-21,26.89478880679312
2100-07-22,26.62150784726533
2100-07-23,26.366948118020506
2100-07-24,26.12793645236746
2100-07-25,25.92516768908672
2100-07-26,25.789815508708145
2100-07-27,25.60043560757291
2100-07-28,25.38610903530551
2100-07-29,25.185915794844252
2100-07-30,24.98808783222275
2100-07-31,24.796629877525458
2100-08-01,24.611342051453846
2100-08-02,24.43138396943333
2100-08-03,24.25606170338224
2100-08-04,24.084801511634794
2100-08-05,23.999426055739818
2100-08-06,24.440123318901882
2100-08-07,24.85048305868469
2100-08-08,25.64537713327498
2100-08-09,26.61007739889375
2100-08-10,26.876604590791786
2100-08-11,26.177351693631618
2100-08-12,25.65108635810401
2100-08-13,25.15165273935879
2100-08-14,24.735041217325275
2100-08-15,24.330766583183713
2100-08-16,23.907905575656986
2100-08-17,23.53637936235282
2100-08-18,23.20732982024246
2100-08-19,22.912801802251604
2100-08-20,22.64647092052181
2100-08-21,22.64096119878189
2100-08-22,23.72191587423862
2100-08-23,23.833316854036728
2100-08-24,25.397200863261858
2100-08-25,24.25479672645534
2100-08-26,23.642272536144507
2100-08-27,23.12843757078635
2100-08-28,22.6770209607259
2100-08-29,22.284777278367088
2100-08-30,21.94094133309252
2100-08-31,21.636350655422902
2100-09-01,21.363702480916483
2100-09-02,21.775737446360235
2100-09-03,23.607857040484678
2100-09-04,23.914033841222288
2100-09-05,26.345847496323646
2100-09-06,27.4214240144574
2100-09-07,29.34736775134495
2100-09-08,29.3463577970127
2100-09-09,30.3984236136335
2100-09-10,30.31426264608801
2100-09-11,29.069706058746178
2100-09-12,27.463070145582265
2100-09-13,25.954772830154113
2100-09-14,24.72983817759547
2100-09-15,23.727418558322057
2100-09-16,22.949305786094598
2100-09-17,22.67363372507087
2100-09-18,22.791723893712696
2100-09-19,24.780603648314962
2100-09-20,29.189108364260633
2100-09-21,29.494560394464326
2100-09-22,27.91953276547328
2100-09-23,26.156107376141083
2100-09-24,24.74091691303929
2100-09-25,23.594698784080833
2100-09-26,22.658057705308916
2100-09-27,21.890675417291387
2100-09-28,26.04004511001735
2100-09-29,39.02252698181103
2100-09-30,49.3141966554139
2100-10-01,59.72128023655066
2100-10-02,53.92216599035218
2100-10-03,46.67252252375213
2100-10-04,40.92607614906767
2100-10-05,36.46431792825333
2100-10-06,32.97277369931998
2100-10-07,30.219070465032704
2100-10-08,28.030412804699704
2100-10-09,26.31614455408071
2100-10-10,26.407519099557167
2100-10-11,30.127983843093517
2100-10-12,29.845573289224888
2100-10-13,28.486327391945505
2100-10-14,29.16430725858957
2100-10-15,30.436156829994005
2100-10-16,28.56635709313382
2100-10-17,26.644760928699323
2100-10-18,25.09912046485746
2100-10-19,23.84613309941717
2100-10-20,22.82206270898389
2100-10-21,21.978007133780736
2100-10-22,21.27622662931015
2100-10-23,20.68743597066334
2100-10-24,21.63542198405187
2100-10-25,31.26130227589567
2100-10-26,42.27642144435703
2100-10-27,39.49090440078203
2100-10-28,35.145801849699126
2100-10-29,31.746069787270457
2100-10-30,29.064912366813953
2100-10-31,26.934048818481685
2100-11-01,26.127903288417198
2100-11-02,29.180345559380694
2100-11-03,32.97742935845762
2100-11-04,32.73641754883038
2100-11-05,35.79125030898017
2100-11-06,34.9453223417302
2100-11-07,31.799533010258397
2100-11-08,29.08915302977086
2100-11-09,26.935223192336494
2100-11-10,25.210273060704953
2100-11-11,24.039909114477222
2100-11-12,23.843934740156694
2100-11-13,23.173682958746497
2100-11-14,22.617785093344946
2100-11-15,21.70791815423696
2100-11-16,20.928167141305586
2100-11-17,20.281478180718132
2100-11-18,19.73332826770059
2100-11-19,19.268091078388974
2100-11-20,18.86943538030027
2100-11-21,20.018902139261048
2100-11-22,29.240795868342634
2100-11-23,42.30882406407018
2100-11-24,48.61494086462452
2100-11-25,55.87445325247106
2100-11-26,86.25125557002315
2100-11-27,89.81433340028921
2100-11-28,85.02613086735177
2100-11-29,96.63627077784183
2100-11-30,84.23965280087317
2100-12-01,69.7823603376538
2100-12-02,58.98493910905412
2100-12-03,52.95060064812147
2100-12-04,52.8777485510414
2100-12-05,47.13991626598237
2100-12-06,41.326117117530906
2100-12-07,41.518018943060035
2100-12-08,76.38697883423099
2100-12-09,165.21075989558412
2100-12-10,160.45463709132386
2100-12-11,151.1615011023618
2100-12-12,135.32885158275417
2100-12-13,133.46477226631674
2100-12-14,158.7061415167294
2100-12-15,330.92644138770066
2100-12-16,424.52755978355486
2100-12-17,337.64825169410545
2100-12-18,270.40262350407403
2100-12-19,204.1477846732012
2100-12-20,168.41053868769504
2100-12-21,168.07343288507175
2100-12-22,150.1681386455721
2100-12-23,143.9890543454319
2100-12-24,127.26604300612757
2100-12-25,104.96560704114091
2100-12-26,87.59505114767855
2100-12-27,74.5513858803916
2100-12-28,66.37139241635025
2100-12-29,67.47346203916875
2100-12-30,62.123145446663024
2100-12-31,58.81545023027879
